   0.0000000000000000        0.0000000000000000        0.0000000000000000     
   0.0000000000000000       0.33333333333333331        0.0000000000000000     
   0.0000000000000000       0.66666666666666663        0.0000000000000000     
   0.0000000000000000        1.0000000000000000        0.0000000000000000     
   0.0000000000000000        1.3333333333333333        0.0000000000000000     
   0.0000000000000000        1.6666666666666665        0.0000000000000000     
   0.0000000000000000        2.0000000000000000        0.0000000000000000     
   0.0000000000000000        2.3333333333333330        0.0000000000000000     
   0.0000000000000000        2.6666666666666665        0.0000000000000000     
   0.0000000000000000        3.0000000000000000        0.0000000000000000     
   0.0000000000000000        3.3333333333333330        0.0000000000000000     
   0.0000000000000000        3.6666666666666665        0.0000000000000000     
   0.0000000000000000        4.0000000000000000        0.0000000000000000     
   0.0000000000000000        4.3333333333333330        0.0000000000000000     
   0.0000000000000000        4.6666666666666661        0.0000000000000000     
   0.0000000000000000        5.0000000000000000        0.0000000000000000     
   0.0000000000000000        5.3333333333333330        0.0000000000000000     
   0.0000000000000000        5.6666666666666661        0.0000000000000000     
   0.0000000000000000        6.0000000000000000        0.0000000000000000     
   0.0000000000000000        6.3333333333333330        0.0000000000000000     
   0.0000000000000000        6.6666666666666661        0.0000000000000000     
   0.0000000000000000        7.0000000000000000        0.0000000000000000     
   0.0000000000000000        7.3333333333333330        0.0000000000000000     
   0.0000000000000000        7.6666666666666661        0.0000000000000000     
   0.0000000000000000        8.0000000000000000        0.0000000000000000     
   0.0000000000000000        8.3333333333333321        0.0000000000000000     
   0.0000000000000000        8.6666666666666661        0.0000000000000000     
   0.0000000000000000        9.0000000000000000        0.0000000000000000     
   0.0000000000000000        9.3333333333333321        0.0000000000000000     
   0.0000000000000000        9.6666666666666661        0.0000000000000000     
   0.0000000000000000        10.000000000000000        0.0000000000000000     
 
  0.33333333333333331        0.0000000000000000        0.0000000000000000     
  0.33333333333333331       0.33333333333333331        9.6151887027155850E-005
  0.33333333333333331       0.66666666666666663        1.6190468774778278E-004
  0.33333333333333331        1.0000000000000000        1.6651341656202668E-004
  0.33333333333333331        1.3333333333333333        3.5966594764019495E-004
  0.33333333333333331        1.6666666666666665        5.4314655547074394E-004
  0.33333333333333331        2.0000000000000000        8.5508022195028501E-004
  0.33333333333333331        2.3333333333333330        1.0893733146904200E-003
  0.33333333333333331        2.6666666666666665        9.9332946543915840E-004
  0.33333333333333331        3.0000000000000000        2.0032776804623539E-003
  0.33333333333333331        3.3333333333333330        2.2299655345402306E-003
  0.33333333333333331        3.6666666666666665        2.1594076523287912E-003
  0.33333333333333331        4.0000000000000000        2.1934449018649422E-003
  0.33333333333333331        4.3333333333333330        2.2300499319591154E-003
  0.33333333333333331        4.6666666666666661        1.4795041106060041E-003
  0.33333333333333331        5.0000000000000000        2.3577779257021097E-003
  0.33333333333333331        5.3333333333333330        5.8076853071939785E-003
  0.33333333333333331        5.6666666666666661        7.2948688130947282E-003
  0.33333333333333331        6.0000000000000000        8.3376184558052648E-003
  0.33333333333333331        6.3333333333333330        8.8834743891323016E-003
  0.33333333333333331        6.6666666666666661        6.1277379032105518E-003
  0.33333333333333331        7.0000000000000000        9.9276203724896241E-003
  0.33333333333333331        7.3333333333333330        4.5264133192396598E-003
  0.33333333333333331        7.6666666666666661        3.9854656087992997E-003
  0.33333333333333331        8.0000000000000000        3.0239989742999341E-003
  0.33333333333333331        8.3333333333333321        2.0209125865191199E-003
  0.33333333333333331        8.6666666666666661        1.5313973915726368E-003
  0.33333333333333331        9.0000000000000000        1.1058176197364055E-003
  0.33333333333333331        9.3333333333333321        6.0367840612825729E-004
  0.33333333333333331        9.6666666666666661        2.6026822910910996E-004
  0.33333333333333331        10.000000000000000        0.0000000000000000     
 
  0.66666666666666663        0.0000000000000000        0.0000000000000000     
  0.66666666666666663       0.33333333333333331        2.3453475584307319E-004
  0.66666666666666663       0.66666666666666663        4.0515970291032851E-004
  0.66666666666666663        1.0000000000000000        9.0893029051059373E-004
  0.66666666666666663        1.3333333333333333        7.7621382473741008E-004
  0.66666666666666663        1.6666666666666665        1.0273902679419223E-003
  0.66666666666666663        2.0000000000000000        1.8927556114399463E-003
  0.66666666666666663        2.3333333333333330        2.6373343223347456E-003
  0.66666666666666663        2.6666666666666665        5.7177038870717617E-003
  0.66666666666666663        3.0000000000000000        5.0040195230779873E-003
  0.66666666666666663        3.3333333333333330        4.9926277850179121E-003
  0.66666666666666663        3.6666666666666665        4.4472514785216183E-003
  0.66666666666666663        4.0000000000000000        4.6224637570123871E-003
  0.66666666666666663        4.3333333333333330        5.4841020228424808E-003
  0.66666666666666663        4.6666666666666661        0.0000000000000000     
  0.66666666666666663        5.0000000000000000        1.4633929774451743E-002
  0.66666666666666663        5.3333333333333330        1.4070921854996877E-002
  0.66666666666666663        5.6666666666666661        1.5610154156023659E-002
  0.66666666666666663        6.0000000000000000        1.7783194647429348E-002
  0.66666666666666663        6.3333333333333330        2.1677705702472298E-002
  0.66666666666666663        6.6666666666666661        3.6622477898127406E-002
  0.66666666666666663        7.0000000000000000        2.9715243086815505E-002
  0.66666666666666663        7.3333333333333330        8.0024490238679354E-003
  0.66666666666666663        7.6666666666666661        8.7239289674563517E-003
  0.66666666666666663        8.0000000000000000        6.3629804590939233E-003
  0.66666666666666663        8.3333333333333321        3.7274735796026773E-003
  0.66666666666666663        8.6666666666666661        3.1613948624702507E-003
  0.66666666666666663        9.0000000000000000        2.4110628166947013E-003
  0.66666666666666663        9.3333333333333321        1.1184348600483331E-003
  0.66666666666666663        9.6666666666666661        4.6829377610176331E-004
  0.66666666666666663        10.000000000000000        0.0000000000000000     
 
   1.0000000000000000        0.0000000000000000        0.0000000000000000     
   1.0000000000000000       0.33333333333333331        4.6452521901897708E-004
   1.0000000000000000       0.66666666666666663        8.6702876218792415E-004
   1.0000000000000000        1.0000000000000000        1.1560310339973057E-003
   1.0000000000000000        1.3333333333333333        9.0893029051059373E-004
   1.0000000000000000        1.6666666666666665        3.0958742006388551E-003
   1.0000000000000000        2.0000000000000000        3.2785260961722901E-003
   1.0000000000000000        2.3333333333333330        5.2309930495226618E-003
   1.0000000000000000        2.6666666666666665        7.0370639387781850E-003
   1.0000000000000000        3.0000000000000000        7.8180406114085350E-003
   1.0000000000000000        3.3333333333333330        8.7909696791555626E-003
   1.0000000000000000        3.6666666666666665        6.4804190701172430E-003
   1.0000000000000000        4.0000000000000000        6.8551320470183483E-003
   1.0000000000000000        4.3333333333333330        1.0166210171448413E-002
   1.0000000000000000        4.6666666666666661        1.5053614152418191E-002
   1.0000000000000000        5.0000000000000000        1.6533063600537641E-002
   1.0000000000000000        5.3333333333333330        2.1410514470252277E-002
   1.0000000000000000        5.6666666666666661        2.4482759528696982E-002
   1.0000000000000000        6.0000000000000000        2.6750608000288077E-002
   1.0000000000000000        6.3333333333333330        3.9742926051749478E-002
   1.0000000000000000        6.6666666666666661        4.5789073978074080E-002
   1.0000000000000000        7.0000000000000000        4.4441019932852772E-002
   1.0000000000000000        7.3333333333333330        3.3774940175304628E-002
   1.0000000000000000        7.6666666666666661        1.7262992221306873E-002
   1.0000000000000000        8.0000000000000000        1.0537564513161228E-002
   1.0000000000000000        8.3333333333333321        6.6344732661935630E-003
   1.0000000000000000        8.6666666666666661        5.3070115701548447E-003
   1.0000000000000000        9.0000000000000000        4.5210553807094002E-003
   1.0000000000000000        9.3333333333333321        4.8904461564340399E-004
   1.0000000000000000        9.6666666666666661        5.4937936263015151E-004
   1.0000000000000000        10.000000000000000        0.0000000000000000     
 
   1.3333333333333333        0.0000000000000000        0.0000000000000000     
   1.3333333333333333       0.33333333333333331        8.0868344467900362E-004
   1.3333333333333333       0.66666666666666663        1.5405435912604684E-003
   1.3333333333333333        1.0000000000000000        2.0740315274620459E-003
   1.3333333333333333        1.3333333333333333        3.8933673784716611E-003
   1.3333333333333333        1.6666666666666665        3.2950372821677126E-003
   1.3333333333333333        2.0000000000000000        8.9025032206576510E-003
   1.3333333333333333        2.3333333333333330        8.5311589439393924E-003
   1.3333333333333333        2.6666666666666665        1.0096008710647298E-002
   1.3333333333333333        3.0000000000000000        1.1195200688197503E-002
   1.3333333333333333        3.3333333333333330        1.6675201853574604E-002
   1.3333333333333333        3.6666666666666665        3.1602038866730985E-002
   1.3333333333333333        4.0000000000000000        2.2071995332830184E-002
   1.3333333333333333        4.3333333333333330        1.9145534628237527E-002
   1.3333333333333333        4.6666666666666661        3.4080252591108653E-002
   1.3333333333333333        5.0000000000000000        3.3736021730408017E-002
   1.3333333333333333        5.3333333333333330        3.2242401147146008E-002
   1.3333333333333333        5.6666666666666661        3.5904910364665296E-002
   1.3333333333333333        6.0000000000000000        7.5107147954224851E-002
   1.3333333333333333        6.3333333333333330        6.6973585707392799E-002
   1.3333333333333333        6.6666666666666661        6.4908723369142871E-002
   1.3333333333333333        7.0000000000000000        6.0343782509633376E-002
   1.3333333333333333        7.3333333333333330        5.2387432919108363E-002
   1.3333333333333333        7.6666666666666661        8.0445392557314793E-003
   1.3333333333333333        8.0000000000000000        8.8738016784149255E-003
   1.3333333333333333        8.3333333333333321        8.6306207409329490E-003
   1.3333333333333333        8.6666666666666661        7.4552310212885912E-003
   1.3333333333333333        9.0000000000000000        6.3194835367965654E-003
   1.3333333333333333        9.3333333333333321        2.8612268098742993E-003
   1.3333333333333333        9.6666666666666661        1.3030832632268644E-003
   1.3333333333333333        10.000000000000000        0.0000000000000000     
 
   1.6666666666666665        0.0000000000000000        0.0000000000000000     
   1.6666666666666665       0.33333333333333331        1.3142782649679049E-003
   1.6666666666666665       0.66666666666666663        2.5737595961452045E-003
   1.6666666666666665        1.0000000000000000        3.7435292520400861E-003
   1.6666666666666665        1.3333333333333333        4.9277745241631202E-003
   1.6666666666666665        1.6666666666666665        1.1035699827674935E-002
   1.6666666666666665        2.0000000000000000        1.0185238095962893E-002
   1.6666666666666665        2.3333333333333330        1.0754230921584913E-002
   1.6666666666666665        2.6666666666666665        1.4576488317330464E-002
   1.6666666666666665        3.0000000000000000        3.3215872259927066E-002
   1.6666666666666665        3.3333333333333330        3.1352174371491799E-002
   1.6666666666666665        3.6666666666666665        3.3985378364316296E-002
   1.6666666666666665        4.0000000000000000        2.6930537828704759E-002
   1.6666666666666665        4.3333333333333330        2.6903334356259179E-002
   1.6666666666666665        4.6666666666666661        3.6841755271284013E-002
   1.6666666666666665        5.0000000000000000        3.7777215910129197E-002
   1.6666666666666665        5.3333333333333330        4.0224617505954165E-002
   1.6666666666666665        5.6666666666666661        5.3293755187495281E-002
   1.6666666666666665        6.0000000000000000        8.6540649530772826E-002
   1.6666666666666665        6.3333333333333330        9.1197916061213358E-002
   1.6666666666666665        6.6666666666666661        8.9611079861061302E-002
   1.6666666666666665        7.0000000000000000        8.2662469385685083E-002
   1.6666666666666665        7.3333333333333330        6.5896496326508486E-002
   1.6666666666666665        7.6666666666666661        7.0113984107219056E-003
   1.6666666666666665        8.0000000000000000        9.1273324708520294E-003
   1.6666666666666665        8.3333333333333321        1.2363525880062521E-002
   1.6666666666666665        8.6666666666666661        1.0275833739884617E-002
   1.6666666666666665        9.0000000000000000        7.6087401859034542E-003
   1.6666666666666665        9.3333333333333321        4.7151329789317650E-003
   1.6666666666666665        9.6666666666666661        1.9401138923227413E-003
   1.6666666666666665        10.000000000000000        0.0000000000000000     
 
   2.0000000000000000        0.0000000000000000        0.0000000000000000     
   2.0000000000000000       0.33333333333333331        2.0018525886890265E-003
   2.0000000000000000       0.66666666666666663        3.9455816924815756E-003
   2.0000000000000000        1.0000000000000000        5.7626061522590344E-003
   2.0000000000000000        1.3333333333333333        7.6363198571908998E-003
   2.0000000000000000        1.6666666666666665        1.2899420408980010E-002
   2.0000000000000000        2.0000000000000000        1.1035699827674935E-002
   2.0000000000000000        2.3333333333333330        2.2325620862097478E-002
   2.0000000000000000        2.6666666666666665        2.4142955416649414E-002
   2.0000000000000000        3.0000000000000000        3.7342611185791567E-002
   2.0000000000000000        3.3333333333333330        4.3662961551029646E-002
   2.0000000000000000        3.6666666666666665        4.8418457457894033E-002
   2.0000000000000000        4.0000000000000000        8.0597130639837741E-002
   2.0000000000000000        4.3333333333333330        7.7372054305546376E-002
   2.0000000000000000        4.6666666666666661        5.1350090905865342E-002
   2.0000000000000000        5.0000000000000000        4.3055590444968303E-002
   2.0000000000000000        5.3333333333333330        0.0000000000000000     
   2.0000000000000000        5.6666666666666661       0.18125336752364810     
   2.0000000000000000        6.0000000000000000       0.12984661252531932     
   2.0000000000000000        6.3333333333333330       0.12508567477485150     
   2.0000000000000000        6.6666666666666661       0.12313558436054807     
   2.0000000000000000        7.0000000000000000       0.11822730723506691     
   2.0000000000000000        7.3333333333333330        5.0078982666455288E-003
   2.0000000000000000        7.6666666666666661        5.6627769999559822E-003
   2.0000000000000000        8.0000000000000000        3.6622278303528884E-002
   2.0000000000000000        8.3333333333333321        2.2419674697534364E-002
   2.0000000000000000        8.6666666666666661        1.4556274498324763E-002
   2.0000000000000000        9.0000000000000000        9.8268508858798485E-003
   2.0000000000000000        9.3333333333333321        6.9089748042150271E-003
   2.0000000000000000        9.6666666666666661        1.3459842058417958E-003
   2.0000000000000000        10.000000000000000        0.0000000000000000     
 
   2.3333333333333330        0.0000000000000000        0.0000000000000000     
   2.3333333333333330       0.33333333333333331        2.9247916536775838E-003
   2.3333333333333330       0.66666666666666663        5.7912544738094526E-003
   2.3333333333333330        1.0000000000000000        8.2312229108554655E-003
   2.3333333333333330        1.3333333333333333        2.2341915472609795E-002
   2.3333333333333330        1.6666666666666665        2.2943175488653014E-002
   2.3333333333333330        2.0000000000000000        4.7221129364260067E-002
   2.3333333333333330        2.3333333333333330        5.8128321091731702E-002
   2.3333333333333330        2.6666666666666665        5.7407565265576686E-002
   2.3333333333333330        3.0000000000000000        5.0702439382504606E-002
   2.3333333333333330        3.3333333333333330        6.0087269929361663E-002
   2.3333333333333330        3.6666666666666665        7.0334742122262164E-002
   2.3333333333333330        4.0000000000000000        8.4738001046165412E-002
   2.3333333333333330        4.3333333333333330       0.10719423395035865     
   2.3333333333333330        4.6666666666666661       0.20098706847461570     
   2.3333333333333330        5.0000000000000000       0.24406438107865366     
   2.3333333333333330        5.3333333333333330       0.25528376913685091     
   2.3333333333333330        5.6666666666666661       0.23542293047511947     
   2.3333333333333330        6.0000000000000000       0.19429970153102874     
   2.3333333333333330        6.3333333333333330       0.15971835923569500     
   2.3333333333333330        6.6666666666666661       0.16321155931521403     
   2.3333333333333330        7.0000000000000000       0.15256168247546031     
   2.3333333333333330        7.3333333333333330       0.16501304322533150     
   2.3333333333333330        7.6666666666666661        9.6496974367373270E-002
   2.3333333333333330        8.0000000000000000        5.2779612309059414E-002
   2.3333333333333330        8.3333333333333321        2.7575588033637306E-002
   2.3333333333333330        8.6666666666666661        1.6809263801679207E-002
   2.3333333333333330        9.0000000000000000        1.1081339497550266E-002
   2.3333333333333330        9.3333333333333321        6.8281393661901576E-003
   2.3333333333333330        9.6666666666666661        2.8260535786800681E-003
   2.3333333333333330        10.000000000000000        0.0000000000000000     
 
   2.6666666666666665        0.0000000000000000        0.0000000000000000     
   2.6666666666666665       0.33333333333333331        4.1414599160853579E-003
   2.6666666666666665       0.66666666666666663        8.5212397503729963E-003
   2.6666666666666665        1.0000000000000000        1.3775728324858381E-002
   2.6666666666666665        1.3333333333333333        2.3247258261912210E-002
   2.6666666666666665        1.6666666666666665        3.5095265639001033E-002
   2.6666666666666665        2.0000000000000000        4.9780670323927398E-002
   2.6666666666666665        2.3333333333333330        6.0993237976817674E-002
   2.6666666666666665        2.6666666666666665        6.6938375050437246E-002
   2.6666666666666665        3.0000000000000000        8.7316435581461044E-002
   2.6666666666666665        3.3333333333333330        7.8552992099729158E-002
   2.6666666666666665        3.6666666666666665        9.1275829493629529E-002
   2.6666666666666665        4.0000000000000000       0.15861415801847772     
   2.6666666666666665        4.3333333333333330       0.16364817739923129     
   2.6666666666666665        4.6666666666666661       0.20548133401716154     
   2.6666666666666665        5.0000000000000000       0.24700110059257771     
   2.6666666666666665        5.3333333333333330       0.27649607222231148     
   2.6666666666666665        5.6666666666666661       0.27140084737589465     
   2.6666666666666665        6.0000000000000000       0.23187297330653797     
   2.6666666666666665        6.3333333333333330       0.26023054641535315     
   2.6666666666666665        6.6666666666666661       0.22068034713788928     
   2.6666666666666665        7.0000000000000000       0.17983421576052627     
   2.6666666666666665        7.3333333333333330       0.16957150330114765     
   2.6666666666666665        7.6666666666666661       0.14349932551937397     
   2.6666666666666665        8.0000000000000000        1.8447505097351463E-002
   2.6666666666666665        8.3333333333333321        1.9938525791698952E-002
   2.6666666666666665        8.6666666666666661        1.5264971599432688E-002
   2.6666666666666665        9.0000000000000000        1.1798678745871627E-002
   2.6666666666666665        9.3333333333333321        7.1228456640862591E-003
   2.6666666666666665        9.6666666666666661        3.3998031692986249E-003
   2.6666666666666665        10.000000000000000        0.0000000000000000     
 
   3.0000000000000000        0.0000000000000000        0.0000000000000000     
   3.0000000000000000       0.33333333333333331        5.4245479007333968E-003
   3.0000000000000000       0.66666666666666663        1.0985309810864477E-002
   3.0000000000000000        1.0000000000000000        1.6040485311315064E-002
   3.0000000000000000        1.3333333333333333        4.1964387609007385E-002
   3.0000000000000000        1.6666666666666665        4.6336715378176734E-002
   3.0000000000000000        2.0000000000000000        5.8256758348254639E-002
   3.0000000000000000        2.3333333333333330        7.1840625227764673E-002
   3.0000000000000000        2.6666666666666665        8.5201633636926136E-002
   3.0000000000000000        3.0000000000000000        9.9037091100014046E-002
   3.0000000000000000        3.3333333333333330       0.13795409604920775     
   3.0000000000000000        3.6666666666666665       0.12794691258936747     
   3.0000000000000000        4.0000000000000000       0.18278162829900751     
   3.0000000000000000        4.3333333333333330       0.18779418929625719     
   3.0000000000000000        4.6666666666666661       0.21413156899134753     
   3.0000000000000000        5.0000000000000000       0.26422262016277037     
   3.0000000000000000        5.3333333333333330       0.33274652296449692     
   3.0000000000000000        5.6666666666666661       0.34214102570492011     
   3.0000000000000000        6.0000000000000000       0.35874065624657803     
   3.0000000000000000        6.3333333333333330       0.30045437651299994     
   3.0000000000000000        6.6666666666666661       0.28129487669910153     
   3.0000000000000000        7.0000000000000000       0.22273477455327878     
   3.0000000000000000        7.3333333333333330       0.19384545560744929     
   3.0000000000000000        7.6666666666666661       0.16827741549595190     
   3.0000000000000000        8.0000000000000000       0.12640355350959837     
   3.0000000000000000        8.3333333333333321        1.2526896832186699E-002
   3.0000000000000000        8.6666666666666661        1.3765049486658553E-002
   3.0000000000000000        9.0000000000000000        1.4755188561227156E-002
   3.0000000000000000        9.3333333333333321        7.4477108274882608E-003
   3.0000000000000000        9.6666666666666661        3.9702351148770089E-003
   3.0000000000000000        10.000000000000000        0.0000000000000000     
 
   3.3333333333333330        0.0000000000000000        0.0000000000000000     
   3.3333333333333330       0.33333333333333331        6.9406326000672411E-003
   3.3333333333333330       0.66666666666666663        1.4677955215025336E-002
   3.3333333333333330        1.0000000000000000        2.4371476699626558E-002
   3.3333333333333330        1.3333333333333333        3.9712657987404872E-002
   3.3333333333333330        1.6666666666666665        5.2238118740838793E-002
   3.3333333333333330        2.0000000000000000        6.7519901924006739E-002
   3.3333333333333330        2.3333333333333330        8.5520923400901963E-002
   3.3333333333333330        2.6666666666666665       0.10564614318081636     
   3.3333333333333330        3.0000000000000000       0.12726772982297241     
   3.3333333333333330        3.3333333333333330       0.15042050302848475     
   3.3333333333333330        3.6666666666666665       0.15720998308539116     
   3.3333333333333330        4.0000000000000000       0.19681985156754181     
   3.3333333333333330        4.3333333333333330       0.19500692807906742     
   3.3333333333333330        4.6666666666666661       0.20254853888501712     
   3.3333333333333330        5.0000000000000000       0.50122624688326423     
   3.3333333333333330        5.3333333333333330       0.44545103360729993     
   3.3333333333333330        5.6666666666666661       0.41900739103539697     
   3.3333333333333330        6.0000000000000000       0.41295729821624022     
   3.3333333333333330        6.3333333333333330       0.37253007192754423     
   3.3333333333333330        6.6666666666666661       0.32233907515507787     
   3.3333333333333330        7.0000000000000000       0.25406794428754315     
   3.3333333333333330        7.3333333333333330       0.21809411388800695     
   3.3333333333333330        7.6666666666666661       0.17130666768111799     
   3.3333333333333330        8.0000000000000000       0.13127312509980266     
   3.3333333333333330        8.3333333333333321        6.2818049776117005E-002
   3.3333333333333330        8.6666666666666661        2.8821210123223417E-002
   3.3333333333333330        9.0000000000000000        1.9969800035933922E-002
   3.3333333333333330        9.3333333333333321        1.1568052894352513E-002
   3.3333333333333330        9.6666666666666661        5.3866198877797374E-003
   3.3333333333333330        10.000000000000000        0.0000000000000000     
 
   3.6666666666666665        0.0000000000000000        0.0000000000000000     
   3.6666666666666665       0.33333333333333331        8.0992513665043789E-003
   3.6666666666666665       0.66666666666666663        1.7296233221411342E-002
   3.6666666666666665        1.0000000000000000        2.8395314338952655E-002
   3.6666666666666665        1.3333333333333333        4.2204097204008285E-002
   3.6666666666666665        1.6666666666666665        5.7600338087151183E-002
   3.6666666666666665        2.0000000000000000        7.6458815282836906E-002
   3.6666666666666665        2.3333333333333330        9.9515404162890175E-002
   3.6666666666666665        2.6666666666666665       0.12693710968704641     
   3.6666666666666665        3.0000000000000000       0.15614032590826185     
   3.6666666666666665        3.3333333333333330       0.18125640018905192     
   3.6666666666666665        3.6666666666666665       0.19530187594358728     
   3.6666666666666665        4.0000000000000000       0.20203855391273001     
   3.6666666666666665        4.3333333333333330       0.19681985156754181     
   3.6666666666666665        4.6666666666666661       0.59752175661679341     
   3.6666666666666665        5.0000000000000000       0.54449204133770190     
   3.6666666666666665        5.3333333333333330       0.51940922887138274     
   3.6666666666666665        5.6666666666666661       0.46771815698760277     
   3.6666666666666665        6.0000000000000000       0.45375334954938756     
   3.6666666666666665        6.3333333333333330       0.41751598525408024     
   3.6666666666666665        6.6666666666666661       0.37895907415195101     
   3.6666666666666665        7.0000000000000000       0.29399183041758070     
   3.6666666666666665        7.3333333333333330       0.25554942525407109     
   3.6666666666666665        7.6666666666666661        9.6042723446840950E-002
   3.6666666666666665        8.0000000000000000       0.10050435527121711     
   3.6666666666666665        8.3333333333333321        6.6507322696809160E-002
   3.6666666666666665        8.6666666666666661        3.9699800604310387E-002
   3.6666666666666665        9.0000000000000000        2.6249623790446548E-002
   3.6666666666666665        9.3333333333333321        1.4395387899939710E-002
   3.6666666666666665        9.6666666666666661        6.4566526887886852E-003
   3.6666666666666665        10.000000000000000        0.0000000000000000     
 
   4.0000000000000000        0.0000000000000000        0.0000000000000000     
   4.0000000000000000       0.33333333333333331        8.6509790653469098E-003
   4.0000000000000000       0.66666666666666663        1.9003827656007687E-002
   4.0000000000000000        1.0000000000000000        3.1192616675787873E-002
   4.0000000000000000        1.3333333333333333        4.5038586295352158E-002
   4.0000000000000000        1.6666666666666665        6.1705141666332855E-002
   4.0000000000000000        2.0000000000000000        8.3502869432286159E-002
   4.0000000000000000        2.3333333333333330       0.11134314030109463     
   4.0000000000000000        2.6666666666666665       0.14831011483935677     
   4.0000000000000000        3.0000000000000000       0.19049773240541548     
   4.0000000000000000        3.3333333333333330       0.22420970395762446     
   4.0000000000000000        3.6666666666666665       0.24189690514864820     
   4.0000000000000000        4.0000000000000000       0.22153929218185742     
   4.0000000000000000        4.3333333333333330       0.64603704509704829     
   4.0000000000000000        4.6666666666666661       0.63217759093405024     
   4.0000000000000000        5.0000000000000000       0.64424146114407566     
   4.0000000000000000        5.3333333333333330       0.60540792793858500     
   4.0000000000000000        5.6666666666666661       0.55836120880365281     
   4.0000000000000000        6.0000000000000000       0.50650453433576470     
   4.0000000000000000        6.3333333333333330       0.45672948362194971     
   4.0000000000000000        6.6666666666666661       0.39128633178755390     
   4.0000000000000000        7.0000000000000000       0.33143251025600878     
   4.0000000000000000        7.3333333333333330       0.20641084080844113     
   4.0000000000000000        7.6666666666666661       0.12805143872454289     
   4.0000000000000000        8.0000000000000000       0.11231874533377137     
   4.0000000000000000        8.3333333333333321        7.5578567742586616E-002
   4.0000000000000000        8.6666666666666661        4.0563978551348544E-002
   4.0000000000000000        9.0000000000000000        3.2738385324765827E-002
   4.0000000000000000        9.3333333333333321        1.1917949001117837E-002
   4.0000000000000000        9.6666666666666661        6.5524593988506349E-003
   4.0000000000000000        10.000000000000000        0.0000000000000000     
 
   4.3333333333333330        0.0000000000000000        0.0000000000000000     
   4.3333333333333330       0.33333333333333331        8.0145858991925584E-003
   4.3333333333333330       0.66666666666666663        1.9943322725757079E-002
   4.3333333333333330        1.0000000000000000        3.3931386970893172E-002
   4.3333333333333330        1.3333333333333333        4.7049852888641504E-002
   4.3333333333333330        1.6666666666666665        6.2898908348895624E-002
   4.3333333333333330        2.0000000000000000        8.6730039175543103E-002
   4.3333333333333330        2.3333333333333330       0.11600476316958913     
   4.3333333333333330        2.6666666666666665       0.16572004009355684     
   4.3333333333333330        3.0000000000000000       0.23356062264693289     
   4.3333333333333330        3.3333333333333330       0.28248534080788296     
   4.3333333333333330        3.6666666666666665       0.32557557681852406     
   4.3333333333333330        4.0000000000000000       0.61597600294666977     
   4.3333333333333330        4.3333333333333330       0.63752727996008818     
   4.3333333333333330        4.6666666666666661       0.67117727218414136     
   4.3333333333333330        5.0000000000000000       0.65788228353768363     
   4.3333333333333330        5.3333333333333330       0.63068478429221375     
   4.3333333333333330        5.6666666666666661       0.59166704093747191     
   4.3333333333333330        6.0000000000000000       0.54263347583382759     
   4.3333333333333330        6.3333333333333330       0.50058381380787786     
   4.3333333333333330        6.6666666666666661       0.37429552711199210     
   4.3333333333333330        7.0000000000000000       0.30555352497640292     
   4.3333333333333330        7.3333333333333330       0.20800369460225041     
   4.3333333333333330        7.6666666666666661       0.14731076893130501     
   4.3333333333333330        8.0000000000000000       0.11219663124169496     
   4.3333333333333330        8.3333333333333321        7.9008451627904902E-002
   4.3333333333333330        8.6666666666666661        5.0769661969611857E-002
   4.3333333333333330        9.0000000000000000        3.3481627758564420E-002
   4.3333333333333330        9.3333333333333321        1.8127807610310430E-002
   4.3333333333333330        9.6666666666666661        8.3204835963603899E-003
   4.3333333333333330        10.000000000000000        0.0000000000000000     
 
   4.6666666666666661        0.0000000000000000        0.0000000000000000     
   4.6666666666666661       0.33333333333333331        3.9392166951826369E-003
   4.6666666666666661       0.66666666666666663        3.7078275558299109E-002
   4.6666666666666661        1.0000000000000000        3.9305220673481613E-002
   4.6666666666666661        1.3333333333333333        4.8452425509470688E-002
   4.6666666666666661        1.6666666666666665        5.8404120487687193E-002
   4.6666666666666661        2.0000000000000000        9.3287554676569184E-002
   4.6666666666666661        2.3333333333333330       0.10214641873047652     
   4.6666666666666661        2.6666666666666665       0.29688218070523492     
   4.6666666666666661        3.0000000000000000       0.29424942015725292     
   4.6666666666666661        3.3333333333333330       0.34324907593018572     
   4.6666666666666661        3.6666666666666665       0.44693874656779420     
   4.6666666666666661        4.0000000000000000       0.57272341715642139     
   4.6666666666666661        4.3333333333333330       0.62776108510124695     
   4.6666666666666661        4.6666666666666661       0.65717826037811589     
   4.6666666666666661        5.0000000000000000       0.65908726501944792     
   4.6666666666666661        5.3333333333333330       0.64357079376221116     
   4.6666666666666661        5.6666666666666661       0.61373955652476986     
   4.6666666666666661        6.0000000000000000       0.55432269752388763     
   4.6666666666666661        6.3333333333333330       0.48806543754586251     
   4.6666666666666661        6.6666666666666661       0.43636627555936014     
   4.6666666666666661        7.0000000000000000       0.17081305424076559     
   4.6666666666666661        7.3333333333333330       0.17385207831921673     
   4.6666666666666661        7.6666666666666661       0.14385238094210853     
   4.6666666666666661        8.0000000000000000       0.11351905795067625     
   4.6666666666666661        8.3333333333333321        8.0671167483585257E-002
   4.6666666666666661        8.6666666666666661        5.2593594182399256E-002
   4.6666666666666661        9.0000000000000000        3.4263390072909378E-002
   4.6666666666666661        9.3333333333333321        1.9969076352286414E-002
   4.6666666666666661        9.6666666666666661        9.1779164717103144E-003
   4.6666666666666661        10.000000000000000        0.0000000000000000     
 
   5.0000000000000000        0.0000000000000000        0.0000000000000000     
   5.0000000000000000       0.33333333333333331        4.0502794307441395E-003
   5.0000000000000000       0.66666666666666663        3.2022379376005390E-002
   5.0000000000000000        1.0000000000000000        3.9890848417955621E-002
   5.0000000000000000        1.3333333333333333        5.1355753386643437E-002
   5.0000000000000000        1.6666666666666665        6.6311655722366053E-002
   5.0000000000000000        2.0000000000000000        8.7199224520328966E-002
   5.0000000000000000        2.3333333333333330        9.9687247656368744E-002
   5.0000000000000000        2.6666666666666665       0.30194642590317128     
   5.0000000000000000        3.0000000000000000       0.30031911024309010     
   5.0000000000000000        3.3333333333333330       0.55131289898328129     
   5.0000000000000000        3.6666666666666665       0.53437754818417327     
   5.0000000000000000        4.0000000000000000       0.58099586566454375     
   5.0000000000000000        4.3333333333333330       0.62068135091918930     
   5.0000000000000000        4.6666666666666661       0.64486522392891554     
   5.0000000000000000        5.0000000000000000       0.65138401662918266     
   5.0000000000000000        5.3333333333333330       0.64544989802568153     
   5.0000000000000000        5.6666666666666661       0.64229059075775352     
   5.0000000000000000        6.0000000000000000       0.45012996823532186     
   5.0000000000000000        6.3333333333333330       0.44729406439054042     
   5.0000000000000000        6.6666666666666661       0.31965892247743116     
   5.0000000000000000        7.0000000000000000       0.20389812561466500     
   5.0000000000000000        7.3333333333333330       0.17525003077062362     
   5.0000000000000000        7.6666666666666661       0.14375759647441977     
   5.0000000000000000        8.0000000000000000       0.12064890803395475     
   5.0000000000000000        8.3333333333333321        5.6281662852029575E-002
   5.0000000000000000        8.6666666666666661        4.7259675151105990E-002
   5.0000000000000000        9.0000000000000000        3.2982049292780834E-002
   5.0000000000000000        9.3333333333333321        1.9580706536263648E-002
   5.0000000000000000        9.6666666666666661        9.0452433850276778E-003
   5.0000000000000000        10.000000000000000        0.0000000000000000     
 
   5.3333333333333330        0.0000000000000000        0.0000000000000000     
   5.3333333333333330       0.33333333333333331        8.4685338958502381E-003
   5.3333333333333330       0.66666666666666663        2.6003117728026586E-002
   5.3333333333333330        1.0000000000000000        3.9005455559158783E-002
   5.3333333333333330        1.3333333333333333        5.3150672634765361E-002
   5.3333333333333330        1.6666666666666665        7.0877739261559158E-002
   5.3333333333333330        2.0000000000000000        9.2245243967658430E-002
   5.3333333333333330        2.3333333333333330       0.11237665974786952     
   5.3333333333333330        2.6666666666666665       0.26737457877140824     
   5.3333333333333330        3.0000000000000000       0.30254786391097116     
   5.3333333333333330        3.3333333333333330       0.51494198173155403     
   5.3333333333333330        3.6666666666666665       0.54220250282400662     
   5.3333333333333330        4.0000000000000000       0.57700016581787394     
   5.3333333333333330        4.3333333333333330       0.60687124577137253     
   5.3333333333333330        4.6666666666666661       0.62566637697949590     
   5.3333333333333330        5.0000000000000000       0.63059805431177351     
   5.3333333333333330        5.3333333333333330       0.61913638649313296     
   5.3333333333333330        5.6666666666666661       0.47309947256587326     
   5.3333333333333330        6.0000000000000000       0.44217076399958782     
   5.3333333333333330        6.3333333333333330       0.39286011186031511     
   5.3333333333333330        6.6666666666666661       0.31666061423486863     
   5.3333333333333330        7.0000000000000000       0.23408137468041951     
   5.3333333333333330        7.3333333333333330       0.18187985747093185     
   5.3333333333333330        7.6666666666666661       0.13830702142824308     
   5.3333333333333330        8.0000000000000000       0.10797329865454938     
   5.3333333333333330        8.3333333333333321        6.8166392363858824E-002
   5.3333333333333330        8.6666666666666661        4.9730685187441302E-002
   5.3333333333333330        9.0000000000000000        3.2784051717726713E-002
   5.3333333333333330        9.3333333333333321        1.7595827633166680E-002
   5.3333333333333330        9.6666666666666661        8.0435995294998557E-003
   5.3333333333333330        10.000000000000000        0.0000000000000000     
 
   5.6666666666666661        0.0000000000000000        0.0000000000000000     
   5.6666666666666661       0.33333333333333331        4.3342723399013225E-003
   5.6666666666666661       0.66666666666666663        1.0061914921750546E-002
   5.6666666666666661        1.0000000000000000        3.5918304170006680E-002
   5.6666666666666661        1.3333333333333333        5.3727754098911992E-002
   5.6666666666666661        1.6666666666666665        7.4405722315231695E-002
   5.6666666666666661        2.0000000000000000       0.10119588959509181     
   5.6666666666666661        2.3333333333333330       0.14762891561843083     
   5.6666666666666661        2.6666666666666665       0.23098872878939469     
   5.6666666666666661        3.0000000000000000       0.33746573832436805     
   5.6666666666666661        3.3333333333333330       0.47441924646036004     
   5.6666666666666661        3.6666666666666665       0.52705030128738095     
   5.6666666666666661        4.0000000000000000       0.55983982348717132     
   5.6666666666666661        4.3333333333333330       0.58350500698665442     
   5.6666666666666661        4.6666666666666661       0.59772061860670189     
   5.6666666666666661        5.0000000000000000       0.60257773851940100     
   5.6666666666666661        5.3333333333333330       0.55818371021555546     
   5.6666666666666661        5.6666666666666661       0.49150289923309631     
   5.6666666666666661        6.0000000000000000       0.36114787620384425     
   5.6666666666666661        6.3333333333333330       0.35770214919301446     
   5.6666666666666661        6.6666666666666661       0.24219815771973482     
   5.6666666666666661        7.0000000000000000       0.17675948691160759     
   5.6666666666666661        7.3333333333333330       0.12630061695202263     
   5.6666666666666661        7.6666666666666661       0.12257408475639900     
   5.6666666666666661        8.0000000000000000        6.7341345487152704E-002
   5.6666666666666661        8.3333333333333321        6.1686714760926173E-002
   5.6666666666666661        8.6666666666666661        5.3359210099644172E-002
   5.6666666666666661        9.0000000000000000        1.0281791076793747E-002
   5.6666666666666661        9.3333333333333321        1.1149173289786360E-002
   5.6666666666666661        9.6666666666666661        6.1051066893252027E-003
   5.6666666666666661        10.000000000000000        0.0000000000000000     
 
   6.0000000000000000        0.0000000000000000        0.0000000000000000     
   6.0000000000000000       0.33333333333333331        4.8227334370701033E-003
   6.0000000000000000       0.66666666666666663        1.0809689925179266E-002
   6.0000000000000000        1.0000000000000000        1.9883028551665530E-002
   6.0000000000000000        1.3333333333333333        0.0000000000000000     
   6.0000000000000000        1.6666666666666665        8.9477193792362505E-002
   6.0000000000000000        2.0000000000000000        9.3153912569780256E-002
   6.0000000000000000        2.3333333333333330       0.14392243036258245     
   6.0000000000000000        2.6666666666666665       0.17110738035328321     
   6.0000000000000000        3.0000000000000000       0.51870736919435789     
   6.0000000000000000        3.3333333333333330       0.50750742183546915     
   6.0000000000000000        3.6666666666666665       0.51805532078417849     
   6.0000000000000000        4.0000000000000000       0.53572783651596934     
   6.0000000000000000        4.3333333333333330       0.55138778008167511     
   6.0000000000000000        4.6666666666666661       0.55923886743363049     
   6.0000000000000000        5.0000000000000000       0.50123787324569902     
   6.0000000000000000        5.3333333333333330       0.50098446481817083     
   6.0000000000000000        5.6666666666666661       0.42920027009356693     
   6.0000000000000000        6.0000000000000000       0.35871793492336274     
   6.0000000000000000        6.3333333333333330       0.31336032167853134     
   6.0000000000000000        6.6666666666666661       0.24190862516026651     
   6.0000000000000000        7.0000000000000000       0.17868007604877054     
   6.0000000000000000        7.3333333333333330       0.13315506551775103     
   6.0000000000000000        7.6666666666666661       0.10630338563922102     
   6.0000000000000000        8.0000000000000000        7.6241593325702642E-002
   6.0000000000000000        8.3333333333333321        6.0987515107786522E-002
   6.0000000000000000        8.6666666666666661        5.1589717749954848E-002
   6.0000000000000000        9.0000000000000000        1.6770058681274260E-002
   6.0000000000000000        9.3333333333333321        1.1472429188092570E-002
   6.0000000000000000        9.6666666666666661        5.7026841104569860E-003
   6.0000000000000000        10.000000000000000        0.0000000000000000     
 
   6.3333333333333330        0.0000000000000000        0.0000000000000000     
   6.3333333333333330       0.33333333333333331        4.4893663219405106E-003
   6.3333333333333330       0.66666666666666663        9.2044140147296491E-003
   6.3333333333333330        1.0000000000000000        1.4080936565906976E-002
   6.3333333333333330        1.3333333333333333        4.0984168447907789E-002
   6.3333333333333330        1.6666666666666665        7.6210402208886821E-002
   6.3333333333333330        2.0000000000000000        9.2195407743354899E-002
   6.3333333333333330        2.3333333333333330       0.11973653770369394     
   6.3333333333333330        2.6666666666666665       0.14050895899678678     
   6.3333333333333330        3.0000000000000000       0.15484366235095579     
   6.3333333333333330        3.3333333333333330       0.49919552773331249     
   6.3333333333333330        3.6666666666666665       0.48983445396983838     
   6.3333333333333330        4.0000000000000000       0.50002607516616393     
   6.3333333333333330        4.3333333333333330       0.51193404102424045     
   6.3333333333333330        4.6666666666666661       0.51242753954502251     
   6.3333333333333330        5.0000000000000000       0.48807072420129360     
   6.3333333333333330        5.3333333333333330       0.35096365148162795     
   6.3333333333333330        5.6666666666666661       0.35541444599461225     
   6.3333333333333330        6.0000000000000000       0.32510776589106916     
   6.3333333333333330        6.3333333333333330       0.29132869449238924     
   6.3333333333333330        6.6666666666666661       0.23270986226892640     
   6.3333333333333330        7.0000000000000000       0.16439918536708573     
   6.3333333333333330        7.3333333333333330       0.12403350983891888     
   6.3333333333333330        7.6666666666666661        9.6355545595752060E-002
   6.3333333333333330        8.0000000000000000        7.3522190114806887E-002
   6.3333333333333330        8.3333333333333321        5.7501168070698813E-002
   6.3333333333333330        8.6666666666666661        4.3305713131374581E-002
   6.3333333333333330        9.0000000000000000        2.3337717947530687E-002
   6.3333333333333330        9.3333333333333321        1.3168465039638946E-002
   6.3333333333333330        9.6666666666666661        5.6941921926637684E-003
   6.3333333333333330        10.000000000000000        0.0000000000000000     
 
   6.6666666666666661        0.0000000000000000        0.0000000000000000     
   6.6666666666666661       0.33333333333333331        4.2699159141423061E-003
   6.6666666666666661       0.66666666666666663        8.1012507850040331E-003
   6.6666666666666661        1.0000000000000000        3.3231556951746816E-002
   6.6666666666666661        1.3333333333333333        4.3922870476813064E-002
   6.6666666666666661        1.6666666666666665        6.3846306094860722E-002
   6.6666666666666661        2.0000000000000000        8.3304545099106966E-002
   6.6666666666666661        2.3333333333333330       0.10583089961995830     
   6.6666666666666661        2.6666666666666665       0.13395656111218432     
   6.6666666666666661        3.0000000000000000       0.15934114852636796     
   6.6666666666666661        3.3333333333333330       0.34910270339729782     
   6.6666666666666661        3.6666666666666665       0.43243596913380411     
   6.6666666666666661        4.0000000000000000       0.45190948368417355     
   6.6666666666666661        4.3333333333333330       0.47193586322572117     
   6.6666666666666661        4.6666666666666661       0.47779049848981719     
   6.6666666666666661        5.0000000000000000       0.43870156499230761     
   6.6666666666666661        5.3333333333333330       0.34121548235221905     
   6.6666666666666661        5.6666666666666661       0.31051969953229480     
   6.6666666666666661        6.0000000000000000       0.29061914102884512     
   6.6666666666666661        6.3333333333333330       0.15562130912964517     
   6.6666666666666661        6.6666666666666661       0.12203211227272243     
   6.6666666666666661        7.0000000000000000       0.12388444872916234     
   6.6666666666666661        7.3333333333333330       0.10492690045656605     
   6.6666666666666661        7.6666666666666661        8.4637270032206516E-002
   6.6666666666666661        8.0000000000000000        6.7097098599580268E-002
   6.6666666666666661        8.3333333333333321        5.5115864865868988E-002
   6.6666666666666661        8.6666666666666661        2.3938425265672424E-002
   6.6666666666666661        9.0000000000000000        2.1722752587116735E-002
   6.6666666666666661        9.3333333333333321        7.7921636187669599E-003
   6.6666666666666661        9.6666666666666661        4.3677248339863521E-003
   6.6666666666666661        10.000000000000000        0.0000000000000000     
 
   7.0000000000000000        0.0000000000000000        0.0000000000000000     
   7.0000000000000000       0.33333333333333331        4.8355521198414284E-003
   7.0000000000000000       0.66666666666666663        1.1471030213604131E-002
   7.0000000000000000        1.0000000000000000        2.4915145186663126E-002
   7.0000000000000000        1.3333333333333333        4.0502233595224243E-002
   7.0000000000000000        1.6666666666666665        5.5354285003627969E-002
   7.0000000000000000        2.0000000000000000        7.5034122900638572E-002
   7.0000000000000000        2.3333333333333330        9.0127432323853299E-002
   7.0000000000000000        2.6666666666666665       0.16201950434480303     
   7.0000000000000000        3.0000000000000000       0.19315713416164423     
   7.0000000000000000        3.3333333333333330       0.26323240697440531     
   7.0000000000000000        3.6666666666666665       0.34478941655811668     
   7.0000000000000000        4.0000000000000000       0.39568843125731601     
   7.0000000000000000        4.3333333333333330       0.43704978238870124     
   7.0000000000000000        4.6666666666666661       0.13814112505444687     
   7.0000000000000000        5.0000000000000000       0.22754508729785336     
   7.0000000000000000        5.3333333333333330       0.25989123931736852     
   7.0000000000000000        5.6666666666666661       0.25122314664856366     
   7.0000000000000000        6.0000000000000000       0.23346102220240142     
   7.0000000000000000        6.3333333333333330       0.15800012019356147     
   7.0000000000000000        6.6666666666666661       0.12320861357683710     
   7.0000000000000000        7.0000000000000000       0.10698118911892833     
   7.0000000000000000        7.3333333333333330        9.0170497106708491E-002
   7.0000000000000000        7.6666666666666661        7.3279788339421295E-002
   7.0000000000000000        8.0000000000000000        5.8146676232411175E-002
   7.0000000000000000        8.3333333333333321        4.3614067823563640E-002
   7.0000000000000000        8.6666666666666661        2.7949335711318152E-002
   7.0000000000000000        9.0000000000000000        1.9534485541382256E-002
   7.0000000000000000        9.3333333333333321        1.1903238405485831E-002
   7.0000000000000000        9.6666666666666661        1.5698433582086054E-003
   7.0000000000000000        10.000000000000000        0.0000000000000000     
 
   7.3333333333333330        0.0000000000000000        0.0000000000000000     
   7.3333333333333330       0.33333333333333331        4.0024771017833465E-003
   7.3333333333333330       0.66666666666666663        8.9388191379616184E-003
   7.3333333333333330        1.0000000000000000        1.6279994878851532E-002
   7.3333333333333330        1.3333333333333333        3.9258377879494426E-002
   7.3333333333333330        1.6666666666666665        4.5318343426609127E-002
   7.3333333333333330        2.0000000000000000        7.5327542900095967E-002
   7.3333333333333330        2.3333333333333330        9.3390678768849225E-002
   7.3333333333333330        2.6666666666666665       0.13445378307327685     
   7.3333333333333330        3.0000000000000000       0.19099811624121554     
   7.3333333333333330        3.3333333333333330       0.24830052740053846     
   7.3333333333333330        3.6666666666666665       0.29222881990167004     
   7.3333333333333330        4.0000000000000000       0.34478941655811668     
   7.3333333333333330        4.3333333333333330       0.13814112505444687     
   7.3333333333333330        4.6666666666666661       0.14140395621088861     
   7.3333333333333330        5.0000000000000000       0.19533472057926968     
   7.3333333333333330        5.3333333333333330       0.21827220767599392     
   7.3333333333333330        5.6666666666666661       0.19986989577847619     
   7.3333333333333330        6.0000000000000000       0.11399172850863008     
   7.3333333333333330        6.3333333333333330       0.12172817266405399     
   7.3333333333333330        6.6666666666666661       0.10875723425687817     
   7.3333333333333330        7.0000000000000000        9.3800964034662176E-002
   7.3333333333333330        7.3333333333333330        7.8675040088475298E-002
   7.3333333333333330        7.6666666666666661        6.3248661774490039E-002
   7.3333333333333330        8.0000000000000000        5.1467631561554358E-002
   7.3333333333333330        8.3333333333333321        3.5736133566603955E-002
   7.3333333333333330        8.6666666666666661        2.6628393912575699E-002
   7.3333333333333330        9.0000000000000000        1.8051124793075472E-002
   7.3333333333333330        9.3333333333333321        9.3728244698661999E-003
   7.3333333333333330        9.6666666666666661        3.2864005660269502E-003
   7.3333333333333330        10.000000000000000        0.0000000000000000     
 
   7.6666666666666661        0.0000000000000000        0.0000000000000000     
   7.6666666666666661       0.33333333333333331        2.5841414924334415E-003
   7.6666666666666661       0.66666666666666663        4.7500528380190884E-003
   7.6666666666666661        1.0000000000000000        3.3331302234173008E-002
   7.6666666666666661        1.3333333333333333        3.6341389808747258E-002
   7.6666666666666661        1.6666666666666665        4.4579655326447927E-002
   7.6666666666666661        2.0000000000000000        6.1095124606591528E-002
   7.6666666666666661        2.3333333333333330        7.7524325526019067E-002
   7.6666666666666661        2.6666666666666665        9.5081271020120608E-002
   7.6666666666666661        3.0000000000000000        8.3108150396707589E-002
   7.6666666666666661        3.3333333333333330       0.17246886718132276     
   7.6666666666666661        3.6666666666666665       0.23129002900884923     
   7.6666666666666661        4.0000000000000000        3.6756976930479843E-002
   7.6666666666666661        4.3333333333333330        7.8197248042455869E-002
   7.6666666666666661        4.6666666666666661        9.6856391119352611E-002
   7.6666666666666661        5.0000000000000000        6.2686821470764542E-002
   7.6666666666666661        5.3333333333333330       0.12807573870272007     
   7.6666666666666661        5.6666666666666661       0.13069570353093579     
   7.6666666666666661        6.0000000000000000       0.10937074623951479     
   7.6666666666666661        6.3333333333333330       0.10914061946397857     
   7.6666666666666661        6.6666666666666661        9.9538815827056870E-002
   7.6666666666666661        7.0000000000000000        8.4146978782008719E-002
   7.6666666666666661        7.3333333333333330        7.0716712243533555E-002
   7.6666666666666661        7.6666666666666661        5.2546938147523398E-002
   7.6666666666666661        8.0000000000000000        2.0499789511416018E-002
   7.6666666666666661        8.3333333333333321        2.3447247201280236E-002
   7.6666666666666661        8.6666666666666661        8.8592213068653600E-003
   7.6666666666666661        9.0000000000000000        5.0070314821560212E-003
   7.6666666666666661        9.3333333333333321        5.0391027550298973E-003
   7.6666666666666661        9.6666666666666661        2.4976116802935076E-003
   7.6666666666666661        10.000000000000000        0.0000000000000000     
 
   8.0000000000000000        0.0000000000000000        0.0000000000000000     
   8.0000000000000000       0.33333333333333331        1.8282301887245043E-003
   8.0000000000000000       0.66666666666666663        3.1663610927193868E-003
   8.0000000000000000        1.0000000000000000        2.8529499231149825E-002
   8.0000000000000000        1.3333333333333333        3.1223897918099139E-002
   8.0000000000000000        1.6666666666666665        3.8790935402906172E-002
   8.0000000000000000        2.0000000000000000        5.0546615465921839E-002
   8.0000000000000000        2.3333333333333330        6.4366552829194790E-002
   8.0000000000000000        2.6666666666666665        7.7197784263062230E-002
   8.0000000000000000        3.0000000000000000        8.7583629048713516E-002
   8.0000000000000000        3.3333333333333330       0.11699740656980799     
   8.0000000000000000        3.6666666666666665        3.6756976930479843E-002
   8.0000000000000000        4.0000000000000000        3.9381147194373009E-002
   8.0000000000000000        4.3333333333333330        6.2891613194138385E-002
   8.0000000000000000        4.6666666666666661        7.4285857598942323E-002
   8.0000000000000000        5.0000000000000000        6.6598211914278047E-002
   8.0000000000000000        5.3333333333333330        7.1508062937729738E-002
   8.0000000000000000        5.6666666666666661        8.7759573090133228E-002
   8.0000000000000000        6.0000000000000000        8.6600092147509619E-002
   8.0000000000000000        6.3333333333333330        0.0000000000000000     
   8.0000000000000000        6.6666666666666661        7.1945301656760385E-002
   8.0000000000000000        7.0000000000000000        7.6075840142378615E-002
   8.0000000000000000        7.3333333333333330        1.9343103098972563E-002
   8.0000000000000000        7.6666666666666661        2.6358740022977126E-002
   8.0000000000000000        8.0000000000000000        1.9150212097204144E-002
   8.0000000000000000        8.3333333333333321        1.5814900735307048E-002
   8.0000000000000000        8.6666666666666661        9.7519247009714167E-003
   8.0000000000000000        9.0000000000000000        5.4940337137208885E-003
   8.0000000000000000        9.3333333333333321        3.7640441630143471E-003
   8.0000000000000000        9.6666666666666661        1.9096592936529598E-003
   8.0000000000000000        10.000000000000000        0.0000000000000000     
 
   8.3333333333333321        0.0000000000000000        0.0000000000000000     
   8.3333333333333321       0.33333333333333331        1.7534594792141197E-003
   8.3333333333333321       0.66666666666666663        3.2484263280336610E-003
   8.3333333333333321        1.0000000000000000        1.6987252162385780E-002
   8.3333333333333321        1.3333333333333333        2.3958550508241885E-002
   8.3333333333333321        1.6666666666666665        3.1809812626254957E-002
   8.3333333333333321        2.0000000000000000        4.1302445166901396E-002
   8.3333333333333321        2.3333333333333330        5.5942792638007222E-002
   8.3333333333333321        2.6666666666666665        6.5776269801856302E-002
   8.3333333333333321        3.0000000000000000        7.7276525107115815E-002
   8.3333333333333321        3.3333333333333330        9.5007085838849523E-002
   8.3333333333333321        3.6666666666666665        2.1871729112058241E-002
   8.3333333333333321        4.0000000000000000        2.3700889156719824E-002
   8.3333333333333321        4.3333333333333330        7.1725528580463870E-003
   8.3333333333333321        4.6666666666666661        5.7436182391536663E-003
   8.3333333333333321        5.0000000000000000        5.5208442601997365E-002
   8.3333333333333321        5.3333333333333330        5.8078068927255505E-002
   8.3333333333333321        5.6666666666666661        6.4963297971053227E-002
   8.3333333333333321        6.0000000000000000        6.5537997398268238E-002
   8.3333333333333321        6.3333333333333330        2.7112821712226835E-002
   8.3333333333333321        6.6666666666666661        0.0000000000000000     
   8.3333333333333321        7.0000000000000000        1.1171724364255661E-002
   8.3333333333333321        7.3333333333333330        1.3773278831782041E-002
   8.3333333333333321        7.6666666666666661        1.6120881970563515E-002
   8.3333333333333321        8.0000000000000000        1.5401290955800095E-002
   8.3333333333333321        8.3333333333333321        1.2201810509930591E-002
   8.3333333333333321        8.6666666666666661        4.0045188502403186E-003
   8.3333333333333321        9.0000000000000000        4.0188800829836311E-003
   8.3333333333333321        9.3333333333333321        3.0085694170935880E-003
   8.3333333333333321        9.6666666666666661        1.5800668736902792E-003
   8.3333333333333321        10.000000000000000        0.0000000000000000     
 
   8.6666666666666661        0.0000000000000000        0.0000000000000000     
   8.6666666666666661       0.33333333333333331        2.1337038562482535E-003
   8.6666666666666661       0.66666666666666663        5.1849406971791702E-003
   8.6666666666666661        1.0000000000000000        1.1696141725293711E-002
   8.6666666666666661        1.3333333333333333        1.8003101763780331E-002
   8.6666666666666661        1.6666666666666665        2.5824646107250153E-002
   8.6666666666666661        2.0000000000000000        2.9964620470404407E-002
   8.6666666666666661        2.3333333333333330        4.3026596018196125E-002
   8.6666666666666661        2.6666666666666665        5.6633592343171002E-002
   8.6666666666666661        3.0000000000000000        6.4919216029860977E-002
   8.6666666666666661        3.3333333333333330        0.0000000000000000     
   8.6666666666666661        3.6666666666666665        8.1529081986198362E-003
   8.6666666666666661        4.0000000000000000        1.1683466880416231E-002
   8.6666666666666661        4.3333333333333330        8.0072311150829172E-003
   8.6666666666666661        4.6666666666666661        6.4826710853116412E-003
   8.6666666666666661        5.0000000000000000        4.0910731161653627E-002
   8.6666666666666661        5.3333333333333330        4.3358327816707010E-002
   8.6666666666666661        5.6666666666666661        5.1186222500170915E-002
   8.6666666666666661        6.0000000000000000        4.7748896971736510E-002
   8.6666666666666661        6.3333333333333330        2.8866352755456976E-002
   8.6666666666666661        6.6666666666666661        8.8988090406682731E-003
   8.6666666666666661        7.0000000000000000        9.5922475043128345E-003
   8.6666666666666661        7.3333333333333330        9.6095689613793171E-003
   8.6666666666666661        7.6666666666666661        1.0214201094163482E-002
   8.6666666666666661        8.0000000000000000        5.2081932796609600E-003
   8.6666666666666661        8.3333333333333321        6.4585084080827151E-003
   8.6666666666666661        8.6666666666666661        4.4547521553869440E-003
   8.6666666666666661        9.0000000000000000        1.3316545702509316E-003
   8.6666666666666661        9.3333333333333321        7.5429154056725375E-004
   8.6666666666666661        9.6666666666666661        0.0000000000000000     
   8.6666666666666661        10.000000000000000        0.0000000000000000     
 
   9.0000000000000000        0.0000000000000000        0.0000000000000000     
   9.0000000000000000       0.33333333333333331        1.8381753662263009E-003
   9.0000000000000000       0.66666666666666663        4.2265767456804645E-003
   9.0000000000000000        1.0000000000000000        7.8086679647270431E-003
   9.0000000000000000        1.3333333333333333        1.2268687775244072E-002
   9.0000000000000000        1.6666666666666665        1.5513036532366801E-002
   9.0000000000000000        2.0000000000000000        2.5316433521884833E-002
   9.0000000000000000        2.3333333333333330        3.2761859914892173E-002
   9.0000000000000000        2.6666666666666665        4.5849487950486568E-004
   9.0000000000000000        3.0000000000000000        8.1428276626731495E-004
   9.0000000000000000        3.3333333333333330        3.5012067008731579E-003
   9.0000000000000000        3.6666666666666665        5.4442936950328674E-003
   9.0000000000000000        4.0000000000000000        7.9562074805368498E-003
   9.0000000000000000        4.3333333333333330        7.5653238376078577E-003
   9.0000000000000000        4.6666666666666661        6.5783654532711449E-004
   9.0000000000000000        5.0000000000000000        2.3948387352230673E-002
   9.0000000000000000        5.3333333333333330        2.5611124874708877E-002
   9.0000000000000000        5.6666666666666661        7.6307869946586233E-003
   9.0000000000000000        6.0000000000000000        9.7528031298758054E-003
   9.0000000000000000        6.3333333333333330        1.3438427261869869E-002
   9.0000000000000000        6.6666666666666661        9.0263628148796373E-003
   9.0000000000000000        7.0000000000000000        4.5334336363705525E-003
   9.0000000000000000        7.3333333333333330        5.7381649699005206E-003
   9.0000000000000000        7.6666666666666661        5.8159680442311651E-003
   9.0000000000000000        8.0000000000000000        4.5198455556319569E-003
   9.0000000000000000        8.3333333333333321        4.6238515019827236E-003
   9.0000000000000000        8.6666666666666661        3.3990466976709373E-003
   9.0000000000000000        9.0000000000000000        1.5114375555996568E-003
   9.0000000000000000        9.3333333333333321        8.6407118978693053E-004
   9.0000000000000000        9.6666666666666661        6.6542151032982413E-005
   9.0000000000000000        10.000000000000000        0.0000000000000000     
 
   9.3333333333333321        0.0000000000000000        0.0000000000000000     
   9.3333333333333321       0.33333333333333331        1.2059502370282372E-003
   9.3333333333333321       0.66666666666666663        2.5505006746940682E-003
   9.3333333333333321        1.0000000000000000        3.8857130266688276E-003
   9.3333333333333321        1.3333333333333333        4.4168459025690976E-003
   9.3333333333333321        1.6666666666666665        7.2213562151213816E-003
   9.3333333333333321        2.0000000000000000        7.9589846202072015E-004
   9.3333333333333321        2.3333333333333330        4.3667292144071896E-004
   9.3333333333333321        2.6666666666666665        5.2529222790286857E-004
   9.3333333333333321        3.0000000000000000        9.2553021715938296E-004
   9.3333333333333321        3.3333333333333330        1.9576836068330460E-003
   9.3333333333333321        3.6666666666666665        2.7513935489744362E-003
   9.3333333333333321        4.0000000000000000        0.0000000000000000     
   9.3333333333333321        4.3333333333333330        5.5598313575110894E-004
   9.3333333333333321        4.6666666666666661        7.2663306540379704E-004
   9.3333333333333321        5.0000000000000000        6.8460273534605137E-003
   9.3333333333333321        5.3333333333333330        1.1147705527922207E-002
   9.3333333333333321        5.6666666666666661        8.3074088981036059E-003
   9.3333333333333321        6.0000000000000000        6.8215697950983261E-003
   9.3333333333333321        6.3333333333333330        7.0531146698652241E-003
   9.3333333333333321        6.6666666666666661        5.4898408158886693E-003
   9.3333333333333321        7.0000000000000000        3.7954100663098234E-003
   9.3333333333333321        7.3333333333333330        3.5632982675465850E-003
   9.3333333333333321        7.6666666666666661        3.3676816325189755E-003
   9.3333333333333321        8.0000000000000000        2.9189601925617027E-003
   9.3333333333333321        8.3333333333333321        4.0192039610249309E-004
   9.3333333333333321        8.6666666666666661        4.3105614360536466E-004
   9.3333333333333321        9.0000000000000000        6.4258924030504338E-004
   9.3333333333333321        9.3333333333333321        4.4488552566068274E-004
   9.3333333333333321        9.6666666666666661        1.4293162380653744E-004
   9.3333333333333321        10.000000000000000        0.0000000000000000     
 
   9.6666666666666661        0.0000000000000000        0.0000000000000000     
   9.6666666666666661       0.33333333333333331        5.7936862066947775E-004
   9.6666666666666661       0.66666666666666663        1.1823005439847117E-003
   9.6666666666666661        1.0000000000000000        1.7412708083053320E-003
   9.6666666666666661        1.3333333333333333        2.1013249567446799E-003
   9.6666666666666661        1.6666666666666665        2.4866519801688036E-003
   9.6666666666666661        2.0000000000000000        8.9637086605268081E-004
   9.6666666666666661        2.3333333333333330        4.0827386026734869E-004
   9.6666666666666661        2.6666666666666665        3.5253489740162284E-004
   9.6666666666666661        3.0000000000000000        5.2383622825341494E-004
   9.6666666666666661        3.3333333333333330        8.8484322894543050E-004
   9.6666666666666661        3.6666666666666665        1.1659601744118259E-003
   9.6666666666666661        4.0000000000000000        2.1008922760882185E-004
   9.6666666666666661        4.3333333333333330        4.4042728690402502E-004
   9.6666666666666661        4.6666666666666661        1.0363561192618680E-003
   9.6666666666666661        5.0000000000000000        3.0661703214862617E-003
   9.6666666666666661        5.3333333333333330        4.6222384571466537E-003
   9.6666666666666661        5.6666666666666661        1.3068840188007950E-003
   9.6666666666666661        6.0000000000000000        2.7296627495635170E-003
   9.6666666666666661        6.3333333333333330        3.0223687410817946E-003
   9.6666666666666661        6.6666666666666661        2.5626581445377869E-003
   9.6666666666666661        7.0000000000000000        1.9704910179499575E-003
   9.6666666666666661        7.3333333333333330        1.7201252179728660E-003
   9.6666666666666661        7.6666666666666661        1.5282058767675192E-003
   9.6666666666666661        8.0000000000000000        1.1916662188512402E-003
   9.6666666666666661        8.3333333333333321        4.5434065169620830E-004
   9.6666666666666661        8.6666666666666661        2.7927415950842013E-004
   9.6666666666666661        9.0000000000000000        2.6917600623248885E-004
   9.6666666666666661        9.3333333333333321        1.9191658254557486E-004
   9.6666666666666661        9.6666666666666661        8.0788698603327083E-005
   9.6666666666666661        10.000000000000000        0.0000000000000000     
 
   10.000000000000000        0.0000000000000000        0.0000000000000000     
   10.000000000000000       0.33333333333333331        0.0000000000000000     
   10.000000000000000       0.66666666666666663        0.0000000000000000     
   10.000000000000000        1.0000000000000000        0.0000000000000000     
   10.000000000000000        1.3333333333333333        0.0000000000000000     
   10.000000000000000        1.6666666666666665        0.0000000000000000     
   10.000000000000000        2.0000000000000000        0.0000000000000000     
   10.000000000000000        2.3333333333333330        0.0000000000000000     
   10.000000000000000        2.6666666666666665        0.0000000000000000     
   10.000000000000000        3.0000000000000000        0.0000000000000000     
   10.000000000000000        3.3333333333333330        0.0000000000000000     
   10.000000000000000        3.6666666666666665        0.0000000000000000     
   10.000000000000000        4.0000000000000000        0.0000000000000000     
   10.000000000000000        4.3333333333333330        0.0000000000000000     
   10.000000000000000        4.6666666666666661        0.0000000000000000     
   10.000000000000000        5.0000000000000000        0.0000000000000000     
   10.000000000000000        5.3333333333333330        0.0000000000000000     
   10.000000000000000        5.6666666666666661        0.0000000000000000     
   10.000000000000000        6.0000000000000000        0.0000000000000000     
   10.000000000000000        6.3333333333333330        0.0000000000000000     
   10.000000000000000        6.6666666666666661        0.0000000000000000     
   10.000000000000000        7.0000000000000000        0.0000000000000000     
   10.000000000000000        7.3333333333333330        0.0000000000000000     
   10.000000000000000        7.6666666666666661        0.0000000000000000     
   10.000000000000000        8.0000000000000000        0.0000000000000000     
   10.000000000000000        8.3333333333333321        0.0000000000000000     
   10.000000000000000        8.6666666666666661        0.0000000000000000     
   10.000000000000000        9.0000000000000000        0.0000000000000000     
   10.000000000000000        9.3333333333333321        0.0000000000000000     
   10.000000000000000        9.6666666666666661        0.0000000000000000     
   10.000000000000000        10.000000000000000        0.0000000000000000     
 
