   0.0000000000000000        0.0000000000000000        0.0000000000000000     
   0.0000000000000000       0.33333333333333331        0.0000000000000000     
   0.0000000000000000       0.66666666666666663        0.0000000000000000     
   0.0000000000000000        1.0000000000000000        0.0000000000000000     
   0.0000000000000000        1.3333333333333333        0.0000000000000000     
   0.0000000000000000        1.6666666666666665        0.0000000000000000     
   0.0000000000000000        2.0000000000000000        0.0000000000000000     
   0.0000000000000000        2.3333333333333330        0.0000000000000000     
   0.0000000000000000        2.6666666666666665        0.0000000000000000     
   0.0000000000000000        3.0000000000000000        0.0000000000000000     
   0.0000000000000000        3.3333333333333330        0.0000000000000000     
   0.0000000000000000        3.6666666666666665        0.0000000000000000     
   0.0000000000000000        4.0000000000000000        0.0000000000000000     
   0.0000000000000000        4.3333333333333330        0.0000000000000000     
   0.0000000000000000        4.6666666666666661        0.0000000000000000     
   0.0000000000000000        5.0000000000000000        0.0000000000000000     
   0.0000000000000000        5.3333333333333330        0.0000000000000000     
   0.0000000000000000        5.6666666666666661        0.0000000000000000     
   0.0000000000000000        6.0000000000000000        0.0000000000000000     
   0.0000000000000000        6.3333333333333330        0.0000000000000000     
   0.0000000000000000        6.6666666666666661        0.0000000000000000     
   0.0000000000000000        7.0000000000000000        0.0000000000000000     
   0.0000000000000000        7.3333333333333330        0.0000000000000000     
   0.0000000000000000        7.6666666666666661        0.0000000000000000     
   0.0000000000000000        8.0000000000000000        0.0000000000000000     
   0.0000000000000000        8.3333333333333321        0.0000000000000000     
   0.0000000000000000        8.6666666666666661        0.0000000000000000     
   0.0000000000000000        9.0000000000000000        0.0000000000000000     
   0.0000000000000000        9.3333333333333321        0.0000000000000000     
   0.0000000000000000        9.6666666666666661        0.0000000000000000     
   0.0000000000000000        10.000000000000000        0.0000000000000000     
 
  0.33333333333333331        0.0000000000000000        0.0000000000000000     
  0.33333333333333331       0.33333333333333331        1.8693795727841821E-006
  0.33333333333333331       0.66666666666666663        3.0476395365297095E-006
  0.33333333333333331        1.0000000000000000        2.5600269634879758E-006
  0.33333333333333331        1.3333333333333333        5.8419325044165709E-006
  0.33333333333333331        1.6666666666666665        9.9476734630906889E-006
  0.33333333333333331        2.0000000000000000        1.8607026370734548E-005
  0.33333333333333331        2.3333333333333330        2.7634166164457793E-005
  0.33333333333333331        2.6666666666666665        2.8743166397084729E-005
  0.33333333333333331        3.0000000000000000        7.0660579164835656E-005
  0.33333333333333331        3.3333333333333330        8.2200894039274869E-005
  0.33333333333333331        3.6666666666666665        7.1634174836955364E-005
  0.33333333333333331        4.0000000000000000        6.8508112380424765E-005
  0.33333333333333331        4.3333333333333330        7.3098862801444152E-005
  0.33333333333333331        4.6666666666666661        5.3269845366773390E-005
  0.33333333333333331        5.0000000000000000        1.0857319227749225E-004
  0.33333333333333331        5.3333333333333330        3.1511766224029002E-004
  0.33333333333333331        5.6666666666666661        4.5421999112061885E-004
  0.33333333333333331        6.0000000000000000        5.8641827653506547E-004
  0.33333333333333331        6.3333333333333330        6.9876684819528752E-004
  0.33333333333333331        6.6666666666666661        4.3529846609543068E-004
  0.33333333333333331        7.0000000000000000        7.6707713249154141E-004
  0.33333333333333331        7.3333333333333330        2.8570942417456671E-004
  0.33333333333333331        7.6666666666666661        1.9800613319612991E-004
  0.33333333333333331        8.0000000000000000        1.2517056274788789E-004
  0.33333333333333331        8.3333333333333321        6.7154573519965000E-005
  0.33333333333333331        8.6666666666666661        4.1707921841686894E-005
  0.33333333333333331        9.0000000000000000        2.6189032244375467E-005
  0.33333333333333331        9.3333333333333321        1.2412007717473063E-005
  0.33333333333333331        9.6666666666666661        4.8466653761918846E-006
  0.33333333333333331        10.000000000000000        0.0000000000000000     
 
  0.66666666666666663        0.0000000000000000        0.0000000000000000     
  0.66666666666666663       0.33333333333333331        5.2870776154268787E-006
  0.66666666666666663       0.66666666666666663        9.1614947009528360E-006
  0.66666666666666663        1.0000000000000000        1.7443138150185091E-005
  0.66666666666666663        1.3333333333333333        1.3586375839179060E-005
  0.66666666666666663        1.6666666666666665        1.9880074840918926E-005
  0.66666666666666663        2.0000000000000000        4.5081674224561941E-005
  0.66666666666666663        2.3333333333333330        7.5087322589984518E-005
  0.66666666666666663        2.6666666666666665        2.0552412651011635E-004
  0.66666666666666663        3.0000000000000000        2.0019905742018636E-004
  0.66666666666666663        3.3333333333333330        2.1927165866404431E-004
  0.66666666666666663        3.6666666666666665        1.6514608822053601E-004
  0.66666666666666663        4.0000000000000000        1.5784649457656691E-004
  0.66666666666666663        4.3333333333333330        2.0086764516886462E-004
  0.66666666666666663        4.6666666666666661        0.0000000000000000     
  0.66666666666666663        5.0000000000000000        6.8317513178779504E-004
  0.66666666666666663        5.3333333333333330        8.1716209992487433E-004
  0.66666666666666663        5.6666666666666661        1.0833969622661480E-003
  0.66666666666666663        6.0000000000000000        1.4052629515198644E-003
  0.66666666666666663        6.3333333333333330        2.0205164031332139E-003
  0.66666666666666663        6.6666666666666661        3.2984495772457592E-003
  0.66666666666666663        7.0000000000000000        2.6242061956941792E-003
  0.66666666666666663        7.3333333333333330        3.2562352658139913E-004
  0.66666666666666663        7.6666666666666661        4.5941870105488907E-004
  0.66666666666666663        8.0000000000000000        2.8673688593189713E-004
  0.66666666666666663        8.3333333333333321        1.3030856798405957E-004
  0.66666666666666663        8.6666666666666661        9.1822610133150372E-005
  0.66666666666666663        9.0000000000000000        6.2416130014057321E-005
  0.66666666666666663        9.3333333333333321        2.4329426210764686E-005
  0.66666666666666663        9.6666666666666661        9.2441027421369010E-006
  0.66666666666666663        10.000000000000000        0.0000000000000000     
 
   1.0000000000000000        0.0000000000000000        0.0000000000000000     
   1.0000000000000000       0.33333333333333331        1.2483841469082578E-005
   1.0000000000000000       0.66666666666666663        2.3238610303702219E-005
   1.0000000000000000        1.0000000000000000        2.9222406017418029E-005
   1.0000000000000000        1.3333333333333333        1.7443138150185091E-005
   1.0000000000000000        1.6666666666666665        6.6622205017745958E-005
   1.0000000000000000        2.0000000000000000        8.6355601095000539E-005
   1.0000000000000000        2.3333333333333330        1.8415530239913224E-004
   1.0000000000000000        2.6666666666666665        2.9371785841528805E-004
   1.0000000000000000        3.0000000000000000        3.8387060251108510E-004
   1.0000000000000000        3.3333333333333330        5.1335018514360822E-004
   1.0000000000000000        3.6666666666666665        2.7763960767835879E-004
   1.0000000000000000        4.0000000000000000        2.6131462529675146E-004
   1.0000000000000000        4.3333333333333330        4.5255471400870072E-004
   1.0000000000000000        4.6666666666666661        5.8086760504897001E-004
   1.0000000000000000        5.0000000000000000        8.1451685908049526E-004
   1.0000000000000000        5.3333333333333330        1.4894413202864573E-003
   1.0000000000000000        5.6666666666666661        2.0445528003079166E-003
   1.0000000000000000        6.0000000000000000        2.4235367048904425E-003
   1.0000000000000000        6.3333333333333330        4.6378967668379385E-003
   1.0000000000000000        6.6666666666666661        5.1127584057553167E-003
   1.0000000000000000        7.0000000000000000        4.7209256814567477E-003
   1.0000000000000000        7.3333333333333330        3.0520834592082020E-003
   1.0000000000000000        7.6666666666666661        1.2057674777892222E-003
   1.0000000000000000        8.0000000000000000        5.4703942225171063E-004
   1.0000000000000000        8.3333333333333321        2.3080301103627762E-004
   1.0000000000000000        8.6666666666666661        1.7263477867346546E-004
   1.0000000000000000        9.0000000000000000        1.3490227890530611E-004
   1.0000000000000000        9.3333333333333321        8.2007364406049629E-006
   1.0000000000000000        9.6666666666666661        1.2081134445255777E-005
   1.0000000000000000        10.000000000000000        0.0000000000000000     
 
   1.3333333333333333        0.0000000000000000        0.0000000000000000     
   1.3333333333333333       0.33333333333333331        2.6830219217866139E-005
   1.3333333333333333       0.66666666666666663        5.2138009474049110E-005
   1.3333333333333333        1.0000000000000000        7.1438674111686708E-005
   1.3333333333333333        1.3333333333333333        1.1953113861621062E-004
   1.3333333333333333        1.6666666666666665        7.6398716556936504E-005
   1.3333333333333333        2.0000000000000000        3.4293927909230803E-004
   1.3333333333333333        2.3333333333333330        3.5584807378906652E-004
   1.3333333333333333        2.6666666666666665        5.1567096606460535E-004
   1.3333333333333333        3.0000000000000000        6.7185963888139345E-004
   1.3333333333333333        3.3333333333333330        1.3561283571320829E-003
   1.3333333333333333        3.6666666666666665        2.6604220013807583E-003
   1.3333333333333333        4.0000000000000000        1.3021314968276834E-003
   1.3333333333333333        4.3333333333333330        1.0699691297873085E-003
   1.3333333333333333        4.6666666666666661        2.2999590196262484E-003
   1.3333333333333333        5.0000000000000000        2.5645147392909223E-003
   1.3333333333333333        5.3333333333333330        2.8051567613892798E-003
   1.3333333333333333        5.6666666666666661        3.8726218641671286E-003
   1.3333333333333333        6.0000000000000000        1.2503409483122598E-002
   1.3333333333333333        6.3333333333333330        1.0457657547910374E-002
   1.3333333333333333        6.6666666666666661        9.4426494107962798E-003
   1.3333333333333333        7.0000000000000000        7.9796373077016605E-003
   1.3333333333333333        7.3333333333333330        5.9525630373216216E-003
   1.3333333333333333        7.6666666666666661        2.5325074286645683E-004
   1.3333333333333333        8.0000000000000000        3.6105335834096515E-004
   1.3333333333333333        8.3333333333333321        3.8490205589071540E-004
   1.3333333333333333        8.6666666666666661        3.0583791057555066E-004
   1.3333333333333333        9.0000000000000000        2.2762582889258038E-004
   1.3333333333333333        9.3333333333333321        8.7315106707561813E-005
   1.3333333333333333        9.6666666666666661        3.6358969196188799E-005
   1.3333333333333333        10.000000000000000        0.0000000000000000     
 
   1.6666666666666665        0.0000000000000000        0.0000000000000000     
   1.6666666666666665       0.33333333333333331        5.3937147820992665E-005
   1.6666666666666665       0.66666666666666663        1.0871017390810277E-004
   1.6666666666666665        1.0000000000000000        1.6237977177633000E-004
   1.6666666666666665        1.3333333333333333        2.1218988251343846E-004
   1.6666666666666665        1.6666666666666665        5.9318147823997434E-004
   1.6666666666666665        2.0000000000000000        4.6735381674878324E-004
   1.6666666666666665        2.3333333333333330        5.1988159890180026E-004
   1.6666666666666665        2.6666666666666665        9.3326422254043590E-004
   1.6666666666666665        3.0000000000000000        3.3736588282840397E-003
   1.6666666666666665        3.3333333333333330        3.3325653299497333E-003
   1.6666666666666665        3.6666666666666665        3.5405653204786253E-003
   1.6666666666666665        4.0000000000000000        2.0042160896415430E-003
   1.6666666666666665        4.3333333333333330        1.8471299893402333E-003
   1.6666666666666665        4.6666666666666661        3.1089374601774378E-003
   1.6666666666666665        5.0000000000000000        3.2095191436323912E-003
   1.6666666666666665        5.3333333333333330        4.2222451049950009E-003
   1.6666666666666665        5.6666666666666661        7.9705525746155449E-003
   1.6666666666666665        6.0000000000000000        1.8053873565071963E-002
   1.6666666666666665        6.3333333333333330        1.8257322268864860E-002
   1.6666666666666665        6.6666666666666661        1.7017972976090544E-002
   1.6666666666666665        7.0000000000000000        1.4251808746783013E-002
   1.6666666666666665        7.3333333333333330        8.7533054283925431E-003
   1.6666666666666665        7.6666666666666661        2.1913851833648285E-004
   1.6666666666666665        8.0000000000000000        4.0491218221372854E-004
   1.6666666666666665        8.3333333333333321        7.9368029999891379E-004
   1.6666666666666665        8.6666666666666661        5.6122111297335494E-004
   1.6666666666666665        9.0000000000000000        3.3641517902616841E-004
   1.6666666666666665        9.3333333333333321        1.7577289793058214E-004
   1.6666666666666665        9.6666666666666661        6.1920968021588103E-005
   1.6666666666666665        10.000000000000000        0.0000000000000000     
 
   2.0000000000000000        0.0000000000000000        0.0000000000000000     
   2.0000000000000000       0.33333333333333331        1.0194672884357295E-004
   2.0000000000000000       0.66666666666666663        2.0972048005906836E-004
   2.0000000000000000        1.0000000000000000        3.2102734461683218E-004
   2.0000000000000000        1.3333333333333333        4.3728800908690704E-004
   2.0000000000000000        1.6666666666666665        9.3875289584608172E-004
   2.0000000000000000        2.0000000000000000        5.9318147823997434E-004
   2.0000000000000000        2.3333333333333330        1.5485454851780695E-003
   2.0000000000000000        2.6666666666666665        2.0940233361052855E-003
   2.0000000000000000        3.0000000000000000        4.4878453210687314E-003
   2.0000000000000000        3.3333333333333330        6.0901409890384318E-003
   2.0000000000000000        3.6666666666666665        7.2515747857490693E-003
   2.0000000000000000        4.0000000000000000        1.1691073657388182E-002
   2.0000000000000000        4.3333333333333330        1.2992457759491033E-002
   2.0000000000000000        4.6666666666666661        6.1007441641255438E-003
   2.0000000000000000        5.0000000000000000        4.0088985536149754E-003
   2.0000000000000000        5.3333333333333330        0.0000000000000000     
   2.0000000000000000        5.6666666666666661        7.2042995201471408E-002
   2.0000000000000000        6.0000000000000000        3.8042536204135335E-002
   2.0000000000000000        6.3333333333333330        3.2287843999020516E-002
   2.0000000000000000        6.6666666666666661        3.0706573757197632E-002
   2.0000000000000000        7.0000000000000000        2.7253519050087677E-002
   2.0000000000000000        7.3333333333333330        8.5386483851865704E-005
   2.0000000000000000        7.6666666666666661        1.2473964422971405E-004
   2.0000000000000000        8.0000000000000000        4.3721391906649627E-003
   2.0000000000000000        8.3333333333333321        2.1135883305479410E-003
   2.0000000000000000        8.6666666666666661        1.0220808845774166E-003
   2.0000000000000000        9.0000000000000000        5.1481876765778446E-004
   2.0000000000000000        9.3333333333333321        2.8997828236945896E-004
   2.0000000000000000        9.6666666666666661        4.4155067033421545E-005
   2.0000000000000000        10.000000000000000        0.0000000000000000     
 
   2.3333333333333330        0.0000000000000000        0.0000000000000000     
   2.3333333333333330       0.33333333333333331        1.8355721401118545E-004
   2.3333333333333330       0.66666666666666663        3.8711518009751594E-004
   2.3333333333333330        1.0000000000000000        5.9471672293960338E-004
   2.3333333333333330        1.3333333333333333        2.1527377268464854E-003
   2.3333333333333330        1.6666666666666665        2.4538108791398575E-003
   2.3333333333333330        2.0000000000000000        6.4824918421858982E-003
   2.3333333333333330        2.3333333333333330        9.3312047044348933E-003
   2.3333333333333330        2.6666666666666665        9.8740616981673156E-003
   2.3333333333333330        3.0000000000000000        7.7392548383398083E-003
   2.3333333333333330        3.3333333333333330        1.1011178907938825E-002
   2.3333333333333330        3.6666666666666665        1.4104456514618531E-002
   2.3333333333333330        4.0000000000000000        1.5059990942280303E-002
   2.3333333333333330        4.3333333333333330        2.3338601279939711E-002
   2.3333333333333330        4.6666666666666661        6.4107409612671057E-002
   2.3333333333333330        5.0000000000000000       0.10497099124627990     
   2.3333333333333330        5.3333333333333330       0.13520716598857524     
   2.3333333333333330        5.6666666666666661       0.11916860145412057     
   2.3333333333333330        6.0000000000000000        7.4115620557255596E-002
   2.3333333333333330        6.3333333333333330        4.9774362649677537E-002
   2.3333333333333330        6.6666666666666661        5.3679774072599010E-002
   2.3333333333333330        7.0000000000000000        4.3684813275484312E-002
   2.3333333333333330        7.3333333333333330        3.7705741741209040E-002
   2.3333333333333330        7.6666666666666661        1.9149673148320733E-002
   2.3333333333333330        8.0000000000000000        8.0363461429160087E-003
   2.3333333333333330        8.3333333333333321        2.9818852320747293E-003
   2.3333333333333330        8.6666666666666661        1.2672512911044509E-003
   2.3333333333333330        9.0000000000000000        6.0846906669762414E-004
   2.3333333333333330        9.3333333333333321        2.9627072100558776E-004
   2.3333333333333330        9.6666666666666661        1.0709412959739910E-004
   2.3333333333333330        10.000000000000000        0.0000000000000000     
 
   2.6666666666666665        0.0000000000000000        0.0000000000000000     
   2.6666666666666665       0.33333333333333331        3.1316133205318292E-004
   2.6666666666666665       0.66666666666666663        7.0104313768471187E-004
   2.6666666666666665        1.0000000000000000        1.2866432038671298E-003
   2.6666666666666665        1.3333333333333333        2.5589040369151817E-003
   2.6666666666666665        1.6666666666666665        5.0408385007955549E-003
   2.6666666666666665        2.0000000000000000        8.4035961803032369E-003
   2.6666666666666665        2.3333333333333330        1.1941296450974062E-002
   2.6666666666666665        2.6666666666666665        1.4647935757424960E-002
   2.6666666666666665        3.0000000000000000        2.3593723147138323E-002
   2.6666666666666665        3.3333333333333330        1.8934383166599591E-002
   2.6666666666666665        3.6666666666666665        2.6537315941429412E-002
   2.6666666666666665        4.0000000000000000        3.8454953686829906E-002
   2.6666666666666665        4.3333333333333330        4.7569035335064083E-002
   2.6666666666666665        4.6666666666666661        7.7330004175555078E-002
   2.6666666666666665        5.0000000000000000       0.12311292125137653     
   2.6666666666666665        5.3333333333333330       0.17109778388158506     
   2.6666666666666665        5.6666666666666661       0.16832973211589289     
   2.6666666666666665        6.0000000000000000       0.11246491360588083     
   2.6666666666666665        6.3333333333333330       0.13707188293765590     
   2.6666666666666665        6.6666666666666661       0.10183659188277322     
   2.6666666666666665        7.0000000000000000        6.0139945042419110E-002
   2.6666666666666665        7.3333333333333330        4.7559528750855361E-002
   2.6666666666666665        7.6666666666666661        3.5503817700565321E-002
   2.6666666666666665        8.0000000000000000        1.0720621244360189E-003
   2.6666666666666665        8.3333333333333321        1.4777431747187975E-003
   2.6666666666666665        8.6666666666666661        9.0350614685194802E-004
   2.6666666666666665        9.0000000000000000        5.8624324735269374E-004
   2.6666666666666665        9.3333333333333321        2.9808328082968214E-004
   2.6666666666666665        9.6666666666666661        1.3213947489598306E-004
   2.6666666666666665        10.000000000000000        0.0000000000000000     
 
   3.0000000000000000        0.0000000000000000        0.0000000000000000     
   3.0000000000000000       0.33333333333333331        4.7913402991682632E-004
   3.0000000000000000       0.66666666666666663        1.0592796963427716E-003
   3.0000000000000000        1.0000000000000000        1.7182501991331331E-003
   3.0000000000000000        1.3333333333333333        6.5370445462775732E-003
   3.0000000000000000        1.6666666666666665        8.1906784094553375E-003
   3.0000000000000000        2.0000000000000000        1.2418938935827118E-002
   3.0000000000000000        2.3333333333333330        1.8404505039225968E-002
   3.0000000000000000        2.6666666666666665        2.5626711712710901E-002
   3.0000000000000000        3.0000000000000000        3.3415030437454828E-002
   3.0000000000000000        3.3333333333333330        5.8489470432349158E-002
   3.0000000000000000        3.6666666666666665        5.1979166947143718E-002
   3.0000000000000000        4.0000000000000000        4.9960911756340293E-002
   3.0000000000000000        4.3333333333333330        6.1173533064508435E-002
   3.0000000000000000        4.6666666666666661        8.8433982021913271E-002
   3.0000000000000000        5.0000000000000000       0.15704130511883030     
   3.0000000000000000        5.3333333333333330       0.27819424386285524     
   3.0000000000000000        5.6666666666666661       0.29094757165762553     
   3.0000000000000000        6.0000000000000000       0.29748786860099086     
   3.0000000000000000        6.3333333333333330       0.19434675924865180     
   3.0000000000000000        6.6666666666666661       0.17394201126265657     
   3.0000000000000000        7.0000000000000000        9.5191865906974746E-002
   3.0000000000000000        7.3333333333333330        6.7967631550312171E-002
   3.0000000000000000        7.6666666666666661        4.8639645429420938E-002
   3.0000000000000000        8.0000000000000000        2.2896659736621312E-002
   3.0000000000000000        8.3333333333333321        4.3734356671865354E-004
   3.0000000000000000        8.6666666666666661        6.1956417697180762E-004
   3.0000000000000000        9.0000000000000000        7.6250113068305331E-004
   3.0000000000000000        9.3333333333333321        3.6195967546787897E-004
   3.0000000000000000        9.6666666666666661        1.7768550216654765E-004
   3.0000000000000000        10.000000000000000        0.0000000000000000     
 
   3.3333333333333330        0.0000000000000000        0.0000000000000000     
   3.3333333333333330       0.33333333333333331        7.0733845743390419E-004
   3.3333333333333330       0.66666666666666663        1.6888886136734965E-003
   3.3333333333333330        1.0000000000000000        3.3562773796366845E-003
   3.3333333333333330        1.3333333333333333        6.7332064811774454E-003
   3.3333333333333330        1.6666666666666665        1.0941155614232329E-002
   3.3333333333333330        2.0000000000000000        1.7698594408782090E-002
   3.3333333333333330        2.3333333333333330        2.7711270694422807E-002
   3.3333333333333330        2.6666666666666665        4.1230804316506962E-002
   3.3333333333333330        3.0000000000000000        5.7360574383154526E-002
   3.3333333333333330        3.3333333333333330        7.4736829008431691E-002
   3.3333333333333330        3.6666666666666665        7.9622015270217825E-002
   3.3333333333333330        4.0000000000000000        8.1242575544280354E-002
   3.3333333333333330        4.3333333333333330        7.0834044230620577E-002
   3.3333333333333330        4.6666666666666661        7.2788314532285972E-002
   3.3333333333333330        5.0000000000000000       0.59298241404381336     
   3.3333333333333330        5.3333333333333330       0.51516483948172798     
   3.3333333333333330        5.6666666666666661       0.44953999131810857     
   3.3333333333333330        6.0000000000000000       0.42857695589138906     
   3.3333333333333330        6.3333333333333330       0.34314432762562647     
   3.3333333333333330        6.6666666666666661       0.24919918209568001     
   3.3333333333333330        7.0000000000000000       0.13951649212058656     
   3.3333333333333330        7.3333333333333330        9.4367892044084134E-002
   3.3333333333333330        7.6666666666666661        5.3580536928420117E-002
   3.3333333333333330        8.0000000000000000        2.9256176948806847E-002
   3.3333333333333330        8.3333333333333321        6.7573357580565383E-003
   3.3333333333333330        8.6666666666666661        2.3151735010449462E-003
   3.3333333333333330        9.0000000000000000        1.3738097672613507E-003
   3.3333333333333330        9.3333333333333321        6.8767860544141505E-004
   3.3333333333333330        9.6666666666666661        2.8743953169689177E-004
   3.3333333333333330        10.000000000000000        0.0000000000000000     
 
   3.6666666666666665        0.0000000000000000        0.0000000000000000     
   3.6666666666666665       0.33333333333333331        8.9244087152081405E-004
   3.6666666666666665       0.66666666666666663        2.1608054244940255E-003
   3.6666666666666665        1.0000000000000000        4.2672863924100709E-003
   3.6666666666666665        1.3333333333333333        7.9213703632915571E-003
   3.6666666666666665        1.6666666666666665        1.3830210118753595E-002
   3.6666666666666665        2.0000000000000000        2.3608500383708261E-002
   3.6666666666666665        2.3333333333333330        3.8901785244502114E-002
   3.6666666666666665        2.6666666666666665        6.1309761421170422E-002
   3.6666666666666665        3.0000000000000000        8.8866492602924230E-002
   3.6666666666666665        3.3333333333333330       0.11402976323138649     
   3.6666666666666665        3.6666666666666665       0.12302273051520735     
   3.6666666666666665        4.0000000000000000       0.10509919087518030     
   3.6666666666666665        4.3333333333333330        8.1242575544280354E-002
   3.6666666666666665        4.6666666666666661       0.76657629357079382     
   3.6666666666666665        5.0000000000000000       0.69833401248943483     
   3.6666666666666665        5.3333333333333330       0.75879886231931160     
   3.6666666666666665        5.6666666666666661       0.58587733649202522     
   3.6666666666666665        6.0000000000000000       0.56329503620643462     
   3.6666666666666665        6.3333333333333330       0.46413127441893159     
   3.6666666666666665        6.6666666666666661       0.36551500574144119     
   3.6666666666666665        7.0000000000000000       0.19323182375904649     
   3.6666666666666665        7.3333333333333330       0.13316849948024900     
   3.6666666666666665        7.6666666666666661        1.4410663271516140E-002
   3.6666666666666665        8.0000000000000000        1.8621228599779660E-002
   3.6666666666666665        8.3333333333333321        8.9290756040664460E-003
   3.6666666666666665        8.6666666666666661        4.0542235816721905E-003
   3.6666666666666665        9.0000000000000000        2.2218090155971312E-003
   3.6666666666666665        9.3333333333333321        9.8343662627491937E-004
   3.6666666666666665        9.6666666666666661        3.9444094760019712E-004
   3.6666666666666665        10.000000000000000        0.0000000000000000     
 
   4.0000000000000000        0.0000000000000000        0.0000000000000000     
   4.0000000000000000       0.33333333333333331        9.8617945102129801E-004
   4.0000000000000000       0.66666666666666663        2.4514769684783381E-003
   4.0000000000000000        1.0000000000000000        4.8367193698372161E-003
   4.0000000000000000        1.3333333333333333        8.8930646343594565E-003
   4.0000000000000000        1.6666666666666665        1.6015146609243892E-002
   4.0000000000000000        2.0000000000000000        2.8719530344729714E-002
   4.0000000000000000        2.3333333333333330        4.9653324830963061E-002
   4.0000000000000000        2.6666666666666665        8.5136981827942299E-002
   4.0000000000000000        3.0000000000000000       0.13367294857298603     
   4.0000000000000000        3.3333333333333330       0.18165152489707553     
   4.0000000000000000        3.6666666666666665       0.20598258921004464     
   4.0000000000000000        4.0000000000000000       0.14852269050109684     
   4.0000000000000000        4.3333333333333330       0.99671602539715287     
   4.0000000000000000        4.6666666666666661       0.86853371793097245     
   4.0000000000000000        5.0000000000000000        1.4480653128401264     
   4.0000000000000000        5.3333333333333330        1.2305534855657394     
   4.0000000000000000        5.6666666666666661        1.0170273778170744     
   4.0000000000000000        6.0000000000000000       0.78904997112313768     
   4.0000000000000000        6.3333333333333330       0.60585719999873711     
   4.0000000000000000        6.6666666666666661       0.40892945746401116     
   4.0000000000000000        7.0000000000000000       0.27796757202286720     
   4.0000000000000000        7.3333333333333330       0.10094209585882960     
   4.0000000000000000        7.6666666666666661        3.7522966865303133E-002
   4.0000000000000000        8.0000000000000000        2.6840962137071815E-002
   4.0000000000000000        8.3333333333333321        1.2409132884629043E-002
   4.0000000000000000        8.6666666666666661        4.6800061320887753E-003
   4.0000000000000000        9.0000000000000000        3.2298206903280898E-003
   4.0000000000000000        9.3333333333333321        9.1326639311462335E-004
   4.0000000000000000        9.6666666666666661        4.5332961547439474E-004
   4.0000000000000000        10.000000000000000        0.0000000000000000     
 
   4.3333333333333330        0.0000000000000000        0.0000000000000000     
   4.3333333333333330       0.33333333333333331        9.1152765264776155E-004
   4.3333333333333330       0.66666666666666663        2.5578713073615921E-003
   4.3333333333333330        1.0000000000000000        5.0797423923362849E-003
   4.3333333333333330        1.3333333333333333        9.0199079398033035E-003
   4.3333333333333330        1.6666666666666665        1.6109631695304209E-002
   4.3333333333333330        2.0000000000000000        3.0926729501461324E-002
   4.3333333333333330        2.3333333333333330        5.3499086441239019E-002
   4.3333333333333330        2.6666666666666665       0.10632475409610659     
   4.3333333333333330        3.0000000000000000       0.19170915990640613     
   4.3333333333333330        3.3333333333333330       0.28587028016510746     
   4.3333333333333330        3.6666666666666665       0.38302193045295946     
   4.3333333333333330        4.0000000000000000        1.0931996948853868     
   4.3333333333333330        4.3333333333333330        1.1252196120582334     
   4.3333333333333330        4.6666666666666661        1.6042672620856155     
   4.3333333333333330        5.0000000000000000        1.5414134155567483     
   4.3333333333333330        5.3333333333333330        1.3991769228451367     
   4.3333333333333330        5.6666666666666661        1.2004979567733793     
   4.3333333333333330        6.0000000000000000       0.95734399873089737     
   4.3333333333333330        6.3333333333333330       0.76950597754280625     
   4.3333333333333330        6.6666666666666661       0.39795033314799455     
   4.3333333333333330        7.0000000000000000       0.25688114668395468     
   4.3333333333333330        7.3333333333333330       0.11734797097733160     
   4.3333333333333330        7.6666666666666661        5.6132535794703231E-002
   4.3333333333333330        8.0000000000000000        3.0698321352632955E-002
   4.3333333333333330        8.3333333333333321        1.5865398831038133E-002
   4.3333333333333330        8.6666666666666661        7.5778127816645913E-003
   4.3333333333333330        9.0000000000000000        3.8389201469766951E-003
   4.3333333333333330        9.3333333333333321        1.6940887679807884E-003
   4.3333333333333330        9.6666666666666661        6.6941514601294167E-004
   4.3333333333333330        10.000000000000000        0.0000000000000000     
 
   4.6666666666666661        0.0000000000000000        0.0000000000000000     
   4.6666666666666661       0.33333333333333331        3.8933088904639446E-004
   4.6666666666666661       0.66666666666666663        4.0426004933903524E-003
   4.6666666666666661        1.0000000000000000        5.3348885235614653E-003
   4.6666666666666661        1.3333333333333333        8.2714576917818153E-003
   4.6666666666666661        1.6666666666666665        1.1983173901963613E-002
   4.6666666666666661        2.0000000000000000        2.6517361801176344E-002
   4.6666666666666661        2.3333333333333330        3.4966848118260355E-002
   4.6666666666666661        2.6666666666666665       0.23291233447052417     
   4.6666666666666661        3.0000000000000000       0.25526873425859575     
   4.6666666666666661        3.3333333333333330       0.39875407038123406     
   4.6666666666666661        3.6666666666666665       0.66351056938643460     
   4.6666666666666661        4.0000000000000000        1.0211154214927840     
   4.6666666666666661        4.3333333333333330        1.2455179150219959     
   4.6666666666666661        4.6666666666666661        1.5015286280499525     
   4.6666666666666661        5.0000000000000000        1.5630664832661920     
   4.6666666666666661        5.3333333333333330        1.5014677646172785     
   4.6666666666666661        5.6666666666666661        1.3455637143450991     
   4.6666666666666661        6.0000000000000000        1.0315655915021842     
   4.6666666666666661        6.3333333333333330       0.73615060049245740     
   4.6666666666666661        6.6666666666666661       0.56082189388341719     
   4.6666666666666661        7.0000000000000000        5.9027835283562619E-002
   4.6666666666666661        7.3333333333333330        7.1197801632651159E-002
   4.6666666666666661        7.6666666666666661        4.8978964210811424E-002
   4.6666666666666661        8.0000000000000000        3.0650678263230684E-002
   4.6666666666666661        8.3333333333333321        1.6782903064080038E-002
   4.6666666666666661        8.6666666666666661        8.0665865686298851E-003
   4.6666666666666661        9.0000000000000000        4.0430562195117176E-003
   4.6666666666666661        9.3333333333333321        1.9158382276971047E-003
   4.6666666666666661        9.6666666666666661        7.6262379646493462E-004
   4.6666666666666661        10.000000000000000        0.0000000000000000     
 
   5.0000000000000000        0.0000000000000000        0.0000000000000000     
   5.0000000000000000       0.33333333333333331        3.8553793434907492E-004
   5.0000000000000000       0.66666666666666663        3.7243446940977416E-003
   5.0000000000000000        1.0000000000000000        5.5155666851367403E-003
   5.0000000000000000        1.3333333333333333        8.9709632910524237E-003
   5.0000000000000000        1.6666666666666665        1.4540906558402851E-002
   5.0000000000000000        2.0000000000000000        2.3795298920468576E-002
   5.0000000000000000        2.3333333333333330        3.1478131063424585E-002
   5.0000000000000000        2.6666666666666665       0.18978141109431185     
   5.0000000000000000        3.0000000000000000       0.21596922048007763     
   5.0000000000000000        3.3333333333333330       0.84177155847878660     
   5.0000000000000000        3.6666666666666665       0.84067981167338746     
   5.0000000000000000        4.0000000000000000        1.0355758118160709     
   5.0000000000000000        4.3333333333333330        1.2481496694862646     
   5.0000000000000000        4.6666666666666661        1.4439917762938688     
   5.0000000000000000        5.0000000000000000        1.5410423434078204     
   5.0000000000000000        5.3333333333333330        1.5433540457984145     
   5.0000000000000000        5.6666666666666661        1.5283960051505179     
   5.0000000000000000        6.0000000000000000       0.56394519025786516     
   5.0000000000000000        6.3333333333333330       0.57531671486893521     
   5.0000000000000000        6.6666666666666661       0.23832493352892375     
   5.0000000000000000        7.0000000000000000        9.9797535735862281E-002
   5.0000000000000000        7.3333333333333330        7.2117407065175929E-002
   5.0000000000000000        7.6666666666666661        4.7709540689371596E-002
   5.0000000000000000        8.0000000000000000        3.3073983672624409E-002
   5.0000000000000000        8.3333333333333321        8.0340964112516709E-003
   5.0000000000000000        8.6666666666666661        6.1369337679797551E-003
   5.0000000000000000        9.0000000000000000        3.5990156872040854E-003
   5.0000000000000000        9.3333333333333321        1.7963331736145904E-003
   5.0000000000000000        9.6666666666666661        7.2873344603692340E-004
   5.0000000000000000        10.000000000000000        0.0000000000000000     
 
   5.3333333333333330        0.0000000000000000        0.0000000000000000     
   5.3333333333333330       0.33333333333333331        8.9685253159356210E-004
   5.3333333333333330       0.66666666666666663        3.1028460907352329E-003
   5.3333333333333330        1.0000000000000000        5.6502371769979898E-003
   5.3333333333333330        1.3333333333333333        9.9559275234944854E-003
   5.3333333333333330        1.6666666666666665        1.6947262736170667E-002
   5.3333333333333330        2.0000000000000000        2.7874741754339395E-002
   5.3333333333333330        2.3333333333333330        4.2024110218539752E-002
   5.3333333333333330        2.6666666666666665       0.18080660863843337     
   5.3333333333333330        3.0000000000000000       0.22669666531718211     
   5.3333333333333330        3.3333333333333330       0.67753550504754056     
   5.3333333333333330        3.6666666666666665       0.80587338787191287     
   5.3333333333333330        4.0000000000000000       0.98130356003687891     
   5.3333333333333330        4.3333333333333330        1.1706067082752116     
   5.3333333333333330        4.6666666666666661        1.3384556266139742     
   5.3333333333333330        5.0000000000000000        1.4394924345712183     
   5.3333333333333330        5.3333333333333330        1.4264560779624234     
   5.3333333333333330        5.6666666666666661       0.71744188153151955     
   5.3333333333333330        6.0000000000000000       0.57037861767394360     
   5.3333333333333330        6.3333333333333330       0.43945457947763483     
   5.3333333333333330        6.6666666666666661       0.26595660129456683     
   5.3333333333333330        7.0000000000000000       0.14342822355808568     
   5.3333333333333330        7.3333333333333330        8.2793571035236505E-002
   5.3333333333333330        7.6666666666666661        4.6498623200917195E-002
   5.3333333333333330        8.0000000000000000        2.8432714507295707E-002
   5.3333333333333330        8.3333333333333321        1.2279810858601645E-002
   5.3333333333333330        8.6666666666666661        6.6993325169758889E-003
   5.3333333333333330        9.0000000000000000        3.5686080443843990E-003
   5.3333333333333330        9.3333333333333321        1.5460906791248997E-003
   5.3333333333333330        9.6666666666666661        6.1076814436934951E-004
   5.3333333333333330        10.000000000000000        0.0000000000000000     
 
   5.6666666666666661        0.0000000000000000        0.0000000000000000     
   5.6666666666666661       0.33333333333333331        3.8915630480316224E-004
   5.6666666666666661       0.66666666666666663        7.6438657420216784E-004
   5.6666666666666661        1.0000000000000000        5.8773166884265905E-003
   5.6666666666666661        1.3333333333333333        1.0824613628487604E-002
   5.6666666666666661        1.6666666666666665        1.9324765885163579E-002
   5.6666666666666661        2.0000000000000000        3.4408436294985155E-002
   5.6666666666666661        2.3333333333333330        7.4224812529093520E-002
   5.6666666666666661        2.6666666666666665       0.15678820439639798     
   5.6666666666666661        3.0000000000000000       0.30705989278661061     
   5.6666666666666661        3.3333333333333330       0.55938016737050633     
   5.6666666666666661        3.6666666666666665       0.71445137117669177     
   5.6666666666666661        4.0000000000000000       0.87009386888768503     
   5.6666666666666661        4.3333333333333330        1.0282184736590292     
   5.6666666666666661        4.6666666666666661        1.1693390907563399     
   5.6666666666666661        5.0000000000000000        1.2916427323900621     
   5.6666666666666661        5.3333333333333330        1.1349655660946121     
   5.6666666666666661        5.6666666666666661       0.84693221372551364     
   5.6666666666666661        6.0000000000000000       0.37848269973768123     
   5.6666666666666661        6.3333333333333330       0.36522794491707261     
   5.6666666666666661        6.6666666666666661       0.15583632114054610     
   5.6666666666666661        7.0000000000000000        8.2077701016882623E-002
   5.6666666666666661        7.3333333333333330        3.9694145169937925E-002
   5.6666666666666661        7.6666666666666661        3.6442101264279041E-002
   5.6666666666666661        8.0000000000000000        1.0957320365603009E-002
   5.6666666666666661        8.3333333333333321        9.2166632965600421E-003
   5.6666666666666661        8.6666666666666661        6.7989791081573010E-003
   5.6666666666666661        9.0000000000000000        5.2885334936100727E-004
   5.6666666666666661        9.3333333333333321        7.3339000370051624E-004
   5.6666666666666661        9.6666666666666661        3.8454178146659984E-004
   5.6666666666666661        10.000000000000000        0.0000000000000000     
 
   6.0000000000000000        0.0000000000000000        0.0000000000000000     
   6.0000000000000000       0.33333333333333331        4.0235489572143241E-004
   6.0000000000000000       0.66666666666666663        1.0299990102333710E-003
   6.0000000000000000        1.0000000000000000        2.5254441600360391E-003
   6.0000000000000000        1.3333333333333333        0.0000000000000000     
   6.0000000000000000        1.6666666666666665        1.8015339869465494E-002
   6.0000000000000000        2.0000000000000000        2.2551311151704129E-002
   6.0000000000000000        2.3333333333333330        5.3740273516202808E-002
   6.0000000000000000        2.6666666666666665        8.2224887202060337E-002
   6.0000000000000000        3.0000000000000000       0.51578675430731791     
   6.0000000000000000        3.3333333333333330       0.55694459493369086     
   6.0000000000000000        3.6666666666666665       0.62500085846433939     
   6.0000000000000000        4.0000000000000000       0.73162742777320999     
   6.0000000000000000        4.3333333333333330       0.84319306234230507     
   6.0000000000000000        4.6666666666666661       0.92312765768861726     
   6.0000000000000000        5.0000000000000000       0.78653040277750252     
   6.0000000000000000        5.3333333333333330       0.87062802274838835     
   6.0000000000000000        5.6666666666666661       0.63899683759808745     
   6.0000000000000000        6.0000000000000000       0.40977788870670967     
   6.0000000000000000        6.3333333333333330       0.29837673761481576     
   6.0000000000000000        6.6666666666666661       0.17529214507938334     
   6.0000000000000000        7.0000000000000000        9.5510978636468874E-002
   6.0000000000000000        7.3333333333333330        5.1152929894126273E-002
   6.0000000000000000        7.6666666666666661        3.0997638779199033E-002
   6.0000000000000000        8.0000000000000000        1.5699235234454611E-002
   6.0000000000000000        8.3333333333333321        9.4566368864899691E-003
   6.0000000000000000        8.6666666666666661        6.5427951824622074E-003
   6.0000000000000000        9.0000000000000000        1.2107573090618445E-003
   6.0000000000000000        9.3333333333333321        7.4089198430980590E-004
   6.0000000000000000        9.6666666666666661        3.3615426384503536E-004
   6.0000000000000000        10.000000000000000        0.0000000000000000     
 
   6.3333333333333330        0.0000000000000000        0.0000000000000000     
   6.3333333333333330       0.33333333333333331        3.2693687709157190E-004
   6.3333333333333330       0.66666666666666663        7.6102513314715403E-004
   6.3333333333333330        1.0000000000000000        1.4166310088416713E-003
   6.3333333333333330        1.3333333333333333        3.3688032774415685E-003
   6.3333333333333330        1.6666666666666665        1.3083175444552578E-002
   6.3333333333333330        2.0000000000000000        2.0320889833639742E-002
   6.3333333333333330        2.3333333333333330        3.4935164764386906E-002
   6.3333333333333330        2.6666666666666665        4.8325207419241310E-002
   6.3333333333333330        3.0000000000000000        3.6872236392643594E-002
   6.3333333333333330        3.3333333333333330       0.47579151544500342     
   6.3333333333333330        3.6666666666666665       0.51391690231157883     
   6.3333333333333330        4.0000000000000000       0.58604627564698331     
   6.3333333333333330        4.3333333333333330       0.66528567778599779     
   6.3333333333333330        4.6666666666666661       0.71422696174363742     
   6.3333333333333330        5.0000000000000000       0.67836879728478350     
   6.3333333333333330        5.3333333333333330       0.36871362509636474     
   6.3333333333333330        5.6666666666666661       0.40761094293189171     
   6.3333333333333330        6.0000000000000000       0.33155615004861472     
   6.3333333333333330        6.3333333333333330       0.26040323946966881     
   6.3333333333333330        6.6666666666666661       0.16864294014580478     
   6.3333333333333330        7.0000000000000000        8.6554792089976629E-002
   6.3333333333333330        7.3333333333333330        4.7373332993359864E-002
   6.3333333333333330        7.6666666666666661        2.7186078095574245E-002
   6.3333333333333330        8.0000000000000000        1.5227001033121327E-002
   6.3333333333333330        8.3333333333333321        8.9893022724761313E-003
   6.3333333333333330        8.6666666666666661        5.3435685246294891E-003
   6.3333333333333330        9.0000000000000000        2.1058465603010917E-003
   6.3333333333333330        9.3333333333333321        9.5255963546583074E-004
   6.3333333333333330        9.6666666666666661        3.4472907533573429E-004
   6.3333333333333330        10.000000000000000        0.0000000000000000     
 
   6.6666666666666661        0.0000000000000000        0.0000000000000000     
   6.6666666666666661       0.33333333333333331        2.5942533816309088E-004
   6.6666666666666661       0.66666666666666663        5.2809753285579925E-004
   6.6666666666666661        1.0000000000000000        2.7772958273030359E-003
   6.6666666666666661        1.3333333333333333        4.5157330531875916E-003
   6.6666666666666661        1.6666666666666665        9.3355495197282069E-003
   6.6666666666666661        2.0000000000000000        1.5558055816587096E-002
   6.6666666666666661        2.3333333333333330        2.4625010145090297E-002
   6.6666666666666661        2.6666666666666665        3.6947912288156394E-002
   6.6666666666666661        3.0000000000000000        4.6096379780116728E-002
   6.6666666666666661        3.3333333333333330       0.25601547240296790     
   6.6666666666666661        3.6666666666666665       0.39657013654678869     
   6.6666666666666661        4.0000000000000000       0.44955011579100879     
   6.6666666666666661        4.3333333333333330       0.52146803783669327     
   6.6666666666666661        4.6666666666666661       0.58499759469417156     
   6.6666666666666661        5.0000000000000000       0.53213746612999735     
   6.6666666666666661        5.3333333333333330       0.34592146525037593     
   6.6666666666666661        5.6666666666666661       0.29876398537507604     
   6.6666666666666661        6.0000000000000000       0.26233254232563280     
   6.6666666666666661        6.3333333333333330        6.8277165886450261E-002
   6.6666666666666661        6.6666666666666661        4.1422628736378773E-002
   6.6666666666666661        7.0000000000000000        4.6319641210422847E-002
   6.6666666666666661        7.3333333333333330        3.2775708976512316E-002
   6.6666666666666661        7.6666666666666661        2.0819356348578084E-002
   6.6666666666666661        8.0000000000000000        1.2731431209478715E-002
   6.6666666666666661        8.3333333333333321        8.3987610969175463E-003
   6.6666666666666661        8.6666666666666661        1.8247124909539837E-003
   6.6666666666666661        9.0000000000000000        1.6084056277803397E-003
   6.6666666666666661        9.3333333333333321        3.9034412319256687E-004
   6.6666666666666661        9.6666666666666661        2.1706450115619263E-004
   6.6666666666666661        10.000000000000000        0.0000000000000000     
 
   7.0000000000000000        0.0000000000000000        0.0000000000000000     
   7.0000000000000000       0.33333333333333331        2.7857170789051181E-004
   7.0000000000000000       0.66666666666666663        7.5518211233152664E-004
   7.0000000000000000        1.0000000000000000        1.9786793782374697E-003
   7.0000000000000000        1.3333333333333333        4.0094546035203014E-003
   7.0000000000000000        1.6666666666666665        6.8255422773727025E-003
   7.0000000000000000        2.0000000000000000        1.1983175384440433E-002
   7.0000000000000000        2.3333333333333330        1.6902922879184851E-002
   7.0000000000000000        2.6666666666666665        5.0960363896140323E-002
   7.0000000000000000        3.0000000000000000        7.4715603947202475E-002
   7.0000000000000000        3.3333333333333330       0.14307854068131798     
   7.0000000000000000        3.6666666666666665       0.22719096753901252     
   7.0000000000000000        4.0000000000000000       0.32019265982742745     
   7.0000000000000000        4.3333333333333330       0.40634130895185300     
   7.0000000000000000        4.6666666666666661        4.2431019064473205E-002
   7.0000000000000000        5.0000000000000000       0.14525876023676959     
   7.0000000000000000        5.3333333333333330       0.20175486080101909     
   7.0000000000000000        5.6666666666666661       0.19547055657475115     
   7.0000000000000000        6.0000000000000000       0.17373711214126597     
   7.0000000000000000        6.3333333333333330        7.9581769396019422E-002
   7.0000000000000000        6.6666666666666661        4.4495718028127185E-002
   7.0000000000000000        7.0000000000000000        3.2666060015685804E-002
   7.0000000000000000        7.3333333333333330        2.3047715040066689E-002
   7.0000000000000000        7.6666666666666661        1.5258087154033933E-002
   7.0000000000000000        8.0000000000000000        9.7074216620581296E-003
   7.0000000000000000        8.3333333333333321        5.8129836183000950E-003
   7.0000000000000000        8.6666666666666661        2.6723752673137287E-003
   7.0000000000000000        9.0000000000000000        1.4561126897008041E-003
   7.0000000000000000        9.3333333333333321        7.1395838654552801E-004
   7.0000000000000000        9.6666666666666661        6.9519168832978017E-005
   7.0000000000000000        10.000000000000000        0.0000000000000000     
 
   7.3333333333333330        0.0000000000000000        0.0000000000000000     
   7.3333333333333330       0.33333333333333331        2.0399341476989819E-004
   7.3333333333333330       0.66666666666666663        5.0824529140235260E-004
   7.3333333333333330        1.0000000000000000        1.0522164845045768E-003
   7.3333333333333330        1.3333333333333333        2.6821154008325400E-003
   7.3333333333333330        1.6666666666666665        4.0258946056288634E-003
   7.3333333333333330        2.0000000000000000        1.1462061426702743E-002
   7.3333333333333330        2.3333333333333330        1.8554689105805159E-002
   7.3333333333333330        2.6666666666666665        3.8192391161937483E-002
   7.3333333333333330        3.0000000000000000        7.2772202452853263E-002
   7.3333333333333330        3.3333333333333330       0.11952638303587225     
   7.3333333333333330        3.6666666666666665       0.16274429640269639     
   7.3333333333333330        4.0000000000000000       0.22719096753901252     
   7.3333333333333330        4.3333333333333330        4.2431019064473205E-002
   7.3333333333333330        4.6666666666666661        5.1732786259709236E-002
   7.3333333333333330        5.0000000000000000       0.10681663949760306     
   7.3333333333333330        5.3333333333333330       0.13885065585904757     
   7.3333333333333330        5.6666666666666661       0.12502973502143894     
   7.3333333333333330        6.0000000000000000        3.5219411277836406E-002
   7.3333333333333330        6.3333333333333330        4.2834151697326725E-002
   7.3333333333333330        6.6666666666666661        3.2330670149876777E-002
   7.3333333333333330        7.0000000000000000        2.3359381872511770E-002
   7.3333333333333330        7.3333333333333330        1.6595014250828839E-002
   7.3333333333333330        7.6666666666666661        1.1189322659299564E-002
   7.3333333333333330        8.0000000000000000        7.6343793650842521E-003
   7.3333333333333330        8.3333333333333321        4.1666564398994341E-003
   7.3333333333333330        8.6666666666666661        2.4565257025302573E-003
   7.3333333333333330        9.0000000000000000        1.3350352444505243E-003
   7.3333333333333330        9.3333333333333321        5.5774135482422821E-004
   7.3333333333333330        9.6666666666666661        1.6647546373496907E-004
   7.3333333333333330        10.000000000000000        0.0000000000000000     
 
   7.6666666666666661        0.0000000000000000        0.0000000000000000     
   7.6666666666666661       0.33333333333333331        1.0774578931338332E-004
   7.6666666666666661       0.66666666666666663        2.1220036401234320E-004
   7.6666666666666661        1.0000000000000000        1.6555151336019064E-003
   7.6666666666666661        1.3333333333333333        2.2913903443050089E-003
   7.6666666666666661        1.6666666666666665        3.9005646771548283E-003
   7.6666666666666661        2.0000000000000000        7.6451022704841351E-003
   7.6666666666666661        2.3333333333333330        1.2446995134460371E-002
   7.6666666666666661        2.6666666666666665        1.9027843862262934E-002
   7.6666666666666661        3.0000000000000000        1.0700058975717620E-002
   7.6666666666666661        3.3333333333333330        5.8253202771250977E-002
   7.6666666666666661        3.6666666666666665       0.10133825978483491     
   7.6666666666666661        4.0000000000000000        3.2612617666477333E-003
   7.6666666666666661        4.3333333333333330        1.5698633500309360E-002
   7.6666666666666661        4.6666666666666661        2.5116307885632679E-002
   7.6666666666666661        5.0000000000000000        6.6944051917400011E-003
   7.6666666666666661        5.3333333333333330        4.6921701392103193E-002
   7.6666666666666661        5.6666666666666661        5.5919120594953131E-002
   7.6666666666666661        6.0000000000000000        3.4861496256046121E-002
   7.6666666666666661        6.3333333333333330        3.2075838922954465E-002
   7.6666666666666661        6.6666666666666661        2.5267257739924356E-002
   7.6666666666666661        7.0000000000000000        1.7117562812167583E-002
   7.6666666666666661        7.3333333333333330        1.2851208120510363E-002
   7.6666666666666661        7.6666666666666661        8.2302878549044469E-003
   7.6666666666666661        8.0000000000000000        1.5139199992378787E-003
   7.6666666666666661        8.3333333333333321        2.0333335252738444E-003
   7.6666666666666661        8.6666666666666661        3.4974454982088411E-004
   7.6666666666666661        9.0000000000000000        1.7767526920120635E-004
   7.6666666666666661        9.3333333333333321        2.2043020321533863E-004
   7.6666666666666661        9.6666666666666661        1.0215062977277855E-004
   7.6666666666666661        10.000000000000000        0.0000000000000000     
 
   8.0000000000000000        0.0000000000000000        0.0000000000000000     
   8.0000000000000000       0.33333333333333331        5.7979238436841982E-005
   8.0000000000000000       0.66666666666666663        1.0428631684579671E-004
   8.0000000000000000        1.0000000000000000        1.2590060126187602E-003
   8.0000000000000000        1.3333333333333333        1.7549602141589120E-003
   8.0000000000000000        1.6666666666666665        2.9351293525190078E-003
   8.0000000000000000        2.0000000000000000        5.0806855790158480E-003
   8.0000000000000000        2.3333333333333330        8.0307834701658885E-003
   8.0000000000000000        2.6666666666666665        1.1335820855934750E-002
   8.0000000000000000        3.0000000000000000        1.3988107667856513E-002
   8.0000000000000000        3.3333333333333330        2.7401405836678727E-002
   8.0000000000000000        3.6666666666666665        3.2612617666477333E-003
   8.0000000000000000        4.0000000000000000        4.3461087265724381E-003
   8.0000000000000000        4.3333333333333330        1.0266127322159362E-002
   8.0000000000000000        4.6666666666666661        1.3562308968743756E-002
   8.0000000000000000        5.0000000000000000        8.8307297233056071E-003
   8.0000000000000000        5.3333333333333330        1.6332976443010395E-002
   8.0000000000000000        5.6666666666666661        2.6024091584521219E-002
   8.0000000000000000        6.0000000000000000        2.3226417709621808E-002
   8.0000000000000000        6.3333333333333330        0.0000000000000000     
   8.0000000000000000        6.6666666666666661        8.6008829751274950E-003
   8.0000000000000000        7.0000000000000000        1.1261183484348920E-002
   8.0000000000000000        7.3333333333333330        1.6608327067034543E-003
   8.0000000000000000        7.6666666666666661        2.9463272202844767E-003
   8.0000000000000000        8.0000000000000000        1.5218980781263654E-003
   8.0000000000000000        8.3333333333333321        1.0941159213685853E-003
   8.0000000000000000        8.6666666666666661        4.8906929607055887E-004
   8.0000000000000000        9.0000000000000000        2.0737600399594569E-004
   8.0000000000000000        9.3333333333333321        1.3026659956783242E-004
   8.0000000000000000        9.6666666666666661        6.2319663977658687E-005
   8.0000000000000000        10.000000000000000        0.0000000000000000     
 
   8.3333333333333321        0.0000000000000000        0.0000000000000000     
   8.3333333333333321       0.33333333333333331        4.4309529505013958E-005
   8.3333333333333321       0.66666666666666663        8.6228520298513084E-005
   8.3333333333333321        1.0000000000000000        6.6330057544689296E-004
   8.3333333333333321        1.3333333333333333        1.1860087210256057E-003
   8.3333333333333321        1.6666666666666665        2.0195568093723591E-003
   8.3333333333333321        2.0000000000000000        3.3497280883860829E-003
   8.3333333333333321        2.3333333333333330        5.6987584442874644E-003
   8.3333333333333321        2.6666666666666665        7.5649220271554411E-003
   8.3333333333333321        3.0000000000000000        1.0446188108687152E-002
   8.3333333333333321        3.3333333333333330        1.6643250885095474E-002
   8.3333333333333321        3.6666666666666665        1.4248910837426211E-003
   8.3333333333333321        4.0000000000000000        1.9342088021852518E-003
   8.3333333333333321        4.3333333333333330        2.1686616611294409E-004
   8.3333333333333321        4.6666666666666661        1.2423286731870134E-004
   8.3333333333333321        5.0000000000000000        8.1371209750229229E-003
   8.3333333333333321        5.3333333333333330        1.0466647644169646E-002
   8.3333333333333321        5.6666666666666661        1.3912720711301316E-002
   8.3333333333333321        6.0000000000000000        1.3906435670799753E-002
   8.3333333333333321        6.3333333333333330        2.7537455258937311E-003
   8.3333333333333321        6.6666666666666661        0.0000000000000000     
   8.3333333333333321        7.0000000000000000        5.8069666315494991E-004
   8.3333333333333321        7.3333333333333330        9.2513461320734567E-004
   8.3333333333333321        7.6666666666666661        1.2744866240966038E-003
   8.3333333333333321        8.0000000000000000        1.0477019134539417E-003
   8.3333333333333321        8.3333333333333321        7.1599924208103148E-004
   8.3333333333333321        8.6666666666666661        1.0334731197259271E-004
   8.3333333333333321        9.0000000000000000        1.1539529569856327E-004
   8.3333333333333321        9.3333333333333321        8.4173111264395668E-005
   8.3333333333333321        9.6666666666666661        4.2710026991583952E-005
   8.3333333333333321        10.000000000000000        0.0000000000000000     
 
   8.6666666666666661        0.0000000000000000        0.0000000000000000     
   8.6666666666666661       0.33333333333333331        5.2509468112887471E-005
   8.6666666666666661       0.66666666666666663        1.4763687779494866E-004
   8.6666666666666661        1.0000000000000000        4.0821426811910657E-004
   8.6666666666666661        1.3333333333333333        7.6026208835688913E-004
   8.6666666666666661        1.6666666666666665        1.3387164007319051E-003
   8.6666666666666661        2.0000000000000000        1.7459069949353481E-003
   8.6666666666666661        2.3333333333333330        2.9083370506115813E-003
   8.6666666666666661        2.6666666666666665        5.1490257500959964E-003
   8.6666666666666661        3.0000000000000000        6.7060808439811060E-003
   8.6666666666666661        3.3333333333333330        0.0000000000000000     
   8.6666666666666661        3.6666666666666665        3.7094713907812900E-004
   8.6666666666666661        4.0000000000000000        6.7724002210633007E-004
   8.6666666666666661        4.3333333333333330        3.0571905086855875E-004
   8.6666666666666661        4.6666666666666661        1.7812385415644894E-004
   8.6666666666666661        5.0000000000000000        4.7384972277458425E-003
   8.6666666666666661        5.3333333333333330        6.2091340679902782E-003
   8.6666666666666661        5.6666666666666661        8.6011213583432854E-003
   8.6666666666666661        6.0000000000000000        7.9956066491455521E-003
   8.6666666666666661        6.3333333333333330        3.6447448337869190E-003
   8.6666666666666661        6.6666666666666661        4.4777922245187824E-004
   8.6666666666666661        7.0000000000000000        4.5448858253045304E-004
   8.6666666666666661        7.3333333333333330        5.0981894459189406E-004
   8.6666666666666661        7.6666666666666661        6.0694463405734677E-004
   8.6666666666666661        8.0000000000000000        1.7406753227076853E-004
   8.6666666666666661        8.3333333333333321        2.6783904462658972E-004
   8.6666666666666661        8.6666666666666661        1.3579003586906661E-004
   8.6666666666666661        9.0000000000000000        2.1201382927837225E-005
   8.6666666666666661        9.3333333333333321        9.0500417216604941E-006
   8.6666666666666661        9.6666666666666661        0.0000000000000000     
   8.6666666666666661        10.000000000000000        0.0000000000000000     
 
   9.0000000000000000        0.0000000000000000        0.0000000000000000     
   9.0000000000000000       0.33333333333333331        4.1269830823565728E-005
   9.0000000000000000       0.66666666666666663        1.0696063791099225E-004
   9.0000000000000000        1.0000000000000000        2.3015572208962267E-004
   9.0000000000000000        1.3333333333333333        4.0984673619080358E-004
   9.0000000000000000        1.6666666666666665        5.8905046852739975E-004
   9.0000000000000000        2.0000000000000000        1.1960492417434233E-003
   9.0000000000000000        2.3333333333333330        1.7213954400164665E-003
   9.0000000000000000        2.6666666666666665        5.4140696804259844E-006
   9.0000000000000000        3.0000000000000000        1.2825510404256744E-005
   9.0000000000000000        3.3333333333333330        1.0679272581956973E-004
   9.0000000000000000        3.6666666666666665        2.0544287484967248E-004
   9.0000000000000000        4.0000000000000000        3.4057114733510453E-004
   9.0000000000000000        4.3333333333333330        2.6947854280134600E-004
   9.0000000000000000        4.6666666666666661        2.0845298264471353E-005
   9.0000000000000000        5.0000000000000000        2.0965535316598842E-003
   9.0000000000000000        5.3333333333333330        2.8002199888793790E-003
   9.0000000000000000        5.6666666666666661        3.8764762561452532E-004
   9.0000000000000000        6.0000000000000000        7.3219449961136631E-004
   9.0000000000000000        6.3333333333333330        1.2724134949980443E-003
   9.0000000000000000        6.6666666666666661        6.1045474181275778E-004
   9.0000000000000000        7.0000000000000000        1.6774479878896528E-004
   9.0000000000000000        7.3333333333333330        2.4252546412720458E-004
   9.0000000000000000        7.6666666666666661        2.5540274697743136E-004
   9.0000000000000000        8.0000000000000000        1.5161810723818625E-004
   9.0000000000000000        8.3333333333333321        1.5010381791557661E-004
   9.0000000000000000        8.6666666666666661        9.2538335383838269E-005
   9.0000000000000000        9.0000000000000000        3.1008535728964553E-005
   9.0000000000000000        9.3333333333333321        1.3401485465463604E-005
   9.0000000000000000        9.6666666666666661        7.1893954856862889E-007
   9.0000000000000000        10.000000000000000        0.0000000000000000     
 
   9.3333333333333321        0.0000000000000000        0.0000000000000000     
   9.3333333333333321       0.33333333333333331        2.4135721391526269E-005
   9.3333333333333321       0.66666666666666663        5.5737055092402142E-005
   9.3333333333333321        1.0000000000000000        9.3804996786717171E-005
   9.3333333333333321        1.3333333333333333        1.1115843489695372E-004
   9.3333333333333321        1.6666666666666665        2.2349516575925649E-004
   9.3333333333333321        2.0000000000000000        1.3035962789383022E-005
   9.3333333333333321        2.3333333333333330        6.0319687765350083E-006
   9.3333333333333321        2.6666666666666665        8.0270557640992213E-006
   9.3333333333333321        3.0000000000000000        1.8753954047561057E-005
   9.3333333333333321        3.3333333333333330        5.2254607551160272E-005
   9.3333333333333321        3.6666666666666665        8.4563893009476353E-005
   9.3333333333333321        4.0000000000000000        0.0000000000000000     
   9.3333333333333321        4.3333333333333330        2.0622631636784726E-005
   9.3333333333333321        4.6666666666666661        2.9600815275007577E-005
   9.3333333333333321        5.0000000000000000        5.0001556594778877E-004
   9.3333333333333321        5.3333333333333330        9.6645145853764601E-004
   9.3333333333333321        5.6666666666666661        5.3561732152241921E-004
   9.3333333333333321        6.0000000000000000        4.4503648302549547E-004
   9.3333333333333321        6.3333333333333330        5.1252366408441243E-004
   9.3333333333333321        6.6666666666666661        3.2517411414813117E-004
   9.3333333333333321        7.0000000000000000        1.6072006742227246E-004
   9.3333333333333321        7.3333333333333330        1.3203361371203471E-004
   9.3333333333333321        7.6666666666666661        1.1898202923985534E-004
   9.3333333333333321        8.0000000000000000        8.8867158041488209E-005
   9.3333333333333321        8.3333333333333321        6.8580635280934738E-006
   9.3333333333333321        8.6666666666666661        6.1269254563941775E-006
   9.3333333333333321        9.0000000000000000        1.0636721153356181E-005
   9.3333333333333321        9.3333333333333321        6.3410700540979722E-006
   9.3333333333333321        9.6666666666666661        1.7904012147638765E-006
   9.3333333333333321        10.000000000000000        0.0000000000000000     
 
   9.6666666666666661        0.0000000000000000        0.0000000000000000     
   9.6666666666666661       0.33333333333333331        1.0595126153560740E-005
   9.6666666666666661       0.66666666666666663        2.3178779413703714E-005
   9.6666666666666661        1.0000000000000000        3.7047385923701876E-005
   9.6666666666666661        1.3333333333333333        4.8022307182420053E-005
   9.6666666666666661        1.6666666666666665        6.5495687316227149E-005
   9.6666666666666661        2.0000000000000000        1.9189428787163855E-005
   9.6666666666666661        2.3333333333333330        6.9093881371650104E-006
   9.6666666666666661        2.6666666666666665        5.6340678092568462E-006
   9.6666666666666661        3.0000000000000000        1.0215374286885241E-005
   9.6666666666666661        3.3333333333333330        2.1046239542873664E-005
   9.6666666666666661        3.6666666666666665        3.0835599723775061E-005
   9.6666666666666661        4.0000000000000000        8.3473193123200678E-006
   9.6666666666666661        4.3333333333333330        2.0065641824840957E-005
   9.6666666666666661        4.6666666666666661        5.9136397946934890E-005
   9.6666666666666661        5.0000000000000000        2.0890100743284310E-004
   9.6666666666666661        5.3333333333333330        3.5121205138014276E-004
   9.6666666666666661        5.6666666666666661        6.6934494521191649E-005
   9.6666666666666661        6.0000000000000000        1.5950318034537743E-004
   9.6666666666666661        6.3333333333333330        1.8498969195981425E-004
   9.6666666666666661        6.6666666666666661        1.3507846330955010E-004
   9.6666666666666661        7.0000000000000000        8.0752462421664113E-005
   9.6666666666666661        7.3333333333333330        5.9098153785702592E-005
   9.6666666666666661        7.6666666666666661        4.7826637130400053E-005
   9.6666666666666661        8.0000000000000000        3.3148934883406300E-005
   9.6666666666666661        8.3333333333333321        1.0021309904556731E-005
   9.6666666666666661        8.6666666666666661        4.5041853921440722E-006
   9.6666666666666661        9.0000000000000000        3.9507986530802534E-006
   9.6666666666666661        9.3333333333333321        2.5134094874402989E-006
   9.6666666666666661        9.6666666666666661        9.5982723941071625E-007
   9.6666666666666661        10.000000000000000        0.0000000000000000     
 
   10.000000000000000        0.0000000000000000        0.0000000000000000     
   10.000000000000000       0.33333333333333331        0.0000000000000000     
   10.000000000000000       0.66666666666666663        0.0000000000000000     
   10.000000000000000        1.0000000000000000        0.0000000000000000     
   10.000000000000000        1.3333333333333333        0.0000000000000000     
   10.000000000000000        1.6666666666666665        0.0000000000000000     
   10.000000000000000        2.0000000000000000        0.0000000000000000     
   10.000000000000000        2.3333333333333330        0.0000000000000000     
   10.000000000000000        2.6666666666666665        0.0000000000000000     
   10.000000000000000        3.0000000000000000        0.0000000000000000     
   10.000000000000000        3.3333333333333330        0.0000000000000000     
   10.000000000000000        3.6666666666666665        0.0000000000000000     
   10.000000000000000        4.0000000000000000        0.0000000000000000     
   10.000000000000000        4.3333333333333330        0.0000000000000000     
   10.000000000000000        4.6666666666666661        0.0000000000000000     
   10.000000000000000        5.0000000000000000        0.0000000000000000     
   10.000000000000000        5.3333333333333330        0.0000000000000000     
   10.000000000000000        5.6666666666666661        0.0000000000000000     
   10.000000000000000        6.0000000000000000        0.0000000000000000     
   10.000000000000000        6.3333333333333330        0.0000000000000000     
   10.000000000000000        6.6666666666666661        0.0000000000000000     
   10.000000000000000        7.0000000000000000        0.0000000000000000     
   10.000000000000000        7.3333333333333330        0.0000000000000000     
   10.000000000000000        7.6666666666666661        0.0000000000000000     
   10.000000000000000        8.0000000000000000        0.0000000000000000     
   10.000000000000000        8.3333333333333321        0.0000000000000000     
   10.000000000000000        8.6666666666666661        0.0000000000000000     
   10.000000000000000        9.0000000000000000        0.0000000000000000     
   10.000000000000000        9.3333333333333321        0.0000000000000000     
   10.000000000000000        9.6666666666666661        0.0000000000000000     
   10.000000000000000        10.000000000000000        0.0000000000000000     
 
