   0.0000000000000000        0.0000000000000000        0.0000000000000000     
   0.0000000000000000       0.33333333333333331        0.0000000000000000     
   0.0000000000000000       0.66666666666666663        0.0000000000000000     
   0.0000000000000000        1.0000000000000000        0.0000000000000000     
   0.0000000000000000        1.3333333333333333        0.0000000000000000     
   0.0000000000000000        1.6666666666666665        0.0000000000000000     
   0.0000000000000000        2.0000000000000000        0.0000000000000000     
   0.0000000000000000        2.3333333333333330        0.0000000000000000     
   0.0000000000000000        2.6666666666666665        0.0000000000000000     
   0.0000000000000000        3.0000000000000000        0.0000000000000000     
   0.0000000000000000        3.3333333333333330        0.0000000000000000     
   0.0000000000000000        3.6666666666666665        0.0000000000000000     
   0.0000000000000000        4.0000000000000000        0.0000000000000000     
   0.0000000000000000        4.3333333333333330        0.0000000000000000     
   0.0000000000000000        4.6666666666666661        0.0000000000000000     
   0.0000000000000000        5.0000000000000000        0.0000000000000000     
   0.0000000000000000        5.3333333333333330        0.0000000000000000     
   0.0000000000000000        5.6666666666666661        0.0000000000000000     
   0.0000000000000000        6.0000000000000000        0.0000000000000000     
   0.0000000000000000        6.3333333333333330        0.0000000000000000     
   0.0000000000000000        6.6666666666666661        0.0000000000000000     
   0.0000000000000000        7.0000000000000000        0.0000000000000000     
   0.0000000000000000        7.3333333333333330        0.0000000000000000     
   0.0000000000000000        7.6666666666666661        0.0000000000000000     
   0.0000000000000000        8.0000000000000000        0.0000000000000000     
   0.0000000000000000        8.3333333333333321        0.0000000000000000     
   0.0000000000000000        8.6666666666666661        0.0000000000000000     
   0.0000000000000000        9.0000000000000000        0.0000000000000000     
   0.0000000000000000        9.3333333333333321        0.0000000000000000     
   0.0000000000000000        9.6666666666666661        0.0000000000000000     
   0.0000000000000000        10.000000000000000        0.0000000000000000     
 
  0.33333333333333331        0.0000000000000000        0.0000000000000000     
  0.33333333333333331       0.33333333333333331        2.1465888374316088E-004
  0.33333333333333331       0.66666666666666663        3.6648721141223660E-004
  0.33333333333333331        1.0000000000000000        3.9821100163677122E-004
  0.33333333333333331        1.3333333333333333        8.5502227159838266E-004
  0.33333333333333331        1.6666666666666665        1.2640149450777792E-003
  0.33333333333333331        2.0000000000000000        1.9183185751571001E-003
  0.33333333333333331        2.3333333333333330        2.3589024737952127E-003
  0.33333333333333331        2.6666666666666665        2.0845597668150140E-003
  0.33333333333333331        3.0000000000000000        4.0148041590583336E-003
  0.33333333333333331        3.3333333333333330        4.4211982211374854E-003
  0.33333333333333331        3.6666666666666665        4.3319166229999631E-003
  0.33333333333333331        4.0000000000000000        4.3996349048670618E-003
  0.33333333333333331        4.3333333333333330        4.3856430291853536E-003
  0.33333333333333331        4.6666666666666661        2.7832664919044095E-003
  0.33333333333333331        5.0000000000000000        4.0958573428113137E-003
  0.33333333333333331        5.3333333333333330        9.6694395257431055E-003
  0.33333333333333331        5.6666666666666661        1.1630208277923926E-002
  0.33333333333333331        6.0000000000000000        1.2736065200682205E-002
  0.33333333333333331        6.3333333333333330        1.3098040613497550E-002
  0.33333333333333331        6.6666666666666661        9.0515176793454707E-003
  0.33333333333333331        7.0000000000000000        1.4291755757070954E-002
  0.33333333333333331        7.3333333333333330        6.8609916843001785E-003
  0.33333333333333331        7.6666666666666661        6.4832659695038541E-003
  0.33333333333333331        8.0000000000000000        5.1774822355690397E-003
  0.33333333333333331        8.3333333333333321        3.6715260310085460E-003
  0.33333333333333331        8.6666666666666661        2.9424320711361495E-003
  0.33333333333333331        9.0000000000000000        2.2023241802972206E-003
  0.33333333333333331        9.3333333333333321        1.2399833528506450E-003
  0.33333333333333331        9.6666666666666661        5.4588049752250420E-004
  0.33333333333333331        10.000000000000000        0.0000000000000000     
 
  0.66666666666666663        0.0000000000000000        0.0000000000000000     
  0.66666666666666663       0.33333333333333331        5.0547037126370353E-004
  0.66666666666666663       0.66666666666666663        8.7624625641431948E-004
  0.66666666666666663        1.0000000000000000        2.0800008425160784E-003
  0.66666666666666663        1.3333333333333333        1.8152546708324257E-003
  0.66666666666666663        1.6666666666666665        2.3656215144184311E-003
  0.66666666666666663        2.0000000000000000        4.1709010822251454E-003
  0.66666666666666663        2.3333333333333330        5.5745158013754343E-003
  0.66666666666666663        2.6666666666666665        1.1385449443077398E-002
  0.66666666666666663        3.0000000000000000        9.7700412168016445E-003
  0.66666666666666663        3.3333333333333330        9.5722576094487664E-003
  0.66666666666666663        3.6666666666666665        8.7387324238092454E-003
  0.66666666666666663        4.0000000000000000        9.1148851714092163E-003
  0.66666666666666663        4.3333333333333330        1.0584974773353300E-002
  0.66666666666666663        4.6666666666666661        0.0000000000000000     
  0.66666666666666663        5.0000000000000000        2.5518618183091611E-002
  0.66666666666666663        5.3333333333333330        2.3307053301304503E-002
  0.66666666666666663        5.6666666666666661        2.4500436697904894E-002
  0.66666666666666663        6.0000000000000000        2.6590601722855170E-002
  0.66666666666666663        6.3333333333333330        3.0949389700916919E-002
  0.66666666666666663        6.6666666666666661        5.1152488625220420E-002
  0.66666666666666663        7.0000000000000000        4.1593710794784640E-002
  0.66666666666666663        7.3333333333333330        1.3607196168159986E-002
  0.66666666666666663        7.6666666666666661        1.4114858351391589E-002
  0.66666666666666663        8.0000000000000000        1.0753379157218058E-002
  0.66666666666666663        8.3333333333333321        6.7246985799065771E-003
  0.66666666666666663        8.6666666666666661        6.0365703027272085E-003
  0.66666666666666663        9.0000000000000000        4.7385083717692931E-003
  0.66666666666666663        9.3333333333333321        2.2774631339787274E-003
  0.66666666666666663        9.6666666666666661        9.7332258261674455E-004
  0.66666666666666663        10.000000000000000        0.0000000000000000     
 
   1.0000000000000000        0.0000000000000000        0.0000000000000000     
   1.0000000000000000       0.33333333333333331        9.6097274826634227E-004
   1.0000000000000000       0.66666666666666663        1.8090706224982041E-003
   1.0000000000000000        1.0000000000000000        2.4784028911166681E-003
   1.0000000000000000        1.3333333333333333        2.0800008425160784E-003
   1.0000000000000000        1.6666666666666665        6.9807161983743956E-003
   1.0000000000000000        2.0000000000000000        7.0817361849734722E-003
   1.0000000000000000        2.3333333333333330        1.0518781534534343E-002
   1.0000000000000000        2.6666666666666665        1.3610241024290723E-002
   1.0000000000000000        3.0000000000000000        1.4615643595420386E-002
   1.0000000000000000        3.3333333333333330        1.5842417415810398E-002
   1.0000000000000000        3.6666666666666665        1.2390355275169298E-002
   1.0000000000000000        4.0000000000000000        1.3209104210248008E-002
   1.0000000000000000        4.3333333333333330        1.8783913408549690E-002
   1.0000000000000000        4.6666666666666661        2.7545099173776417E-002
   1.0000000000000000        5.0000000000000000        2.8763543758079203E-002
   1.0000000000000000        5.3333333333333330        3.4390182364379351E-002
   1.0000000000000000        5.6666666666666661        3.7258638548365960E-002
   1.0000000000000000        6.0000000000000000        3.8916033352771613E-002
   1.0000000000000000        6.3333333333333330        5.3898752126739058E-002
   1.0000000000000000        6.6666666666666661        6.1805398336068809E-002
   1.0000000000000000        7.0000000000000000        6.0231904883675615E-002
   1.0000000000000000        7.3333333333333330        4.7498220157849901E-002
   1.0000000000000000        7.6666666666666661        2.6091114984101792E-002
   1.0000000000000000        8.0000000000000000        1.7399027559649203E-002
   1.0000000000000000        8.3333333333333321        1.2410555964636796E-002
   1.0000000000000000        8.6666666666666661        1.0027663137160803E-002
   1.0000000000000000        9.0000000000000000        8.6738314217925661E-003
   1.0000000000000000        9.3333333333333321        1.0616531512700701E-003
   1.0000000000000000        9.6666666666666661        1.1224534114028626E-003
   1.0000000000000000        10.000000000000000        0.0000000000000000     
 
   1.3333333333333333        0.0000000000000000        0.0000000000000000     
   1.3333333333333333       0.33333333333333331        1.5833433913157598E-003
   1.3333333333333333       0.66666666666666663        3.0237339614162103E-003
   1.3333333333333333        1.0000000000000000        4.0914228743425792E-003
   1.3333333333333333        1.3333333333333333        8.1183070148195275E-003
   1.3333333333333333        1.6666666666666665        7.3216331753160127E-003
   1.3333333333333333        2.0000000000000000        1.7259876037963764E-002
   1.3333333333333333        2.3333333333333330        1.6381253556576721E-002
   1.3333333333333333        2.6666666666666665        1.8620187976757359E-002
   1.3333333333333333        3.0000000000000000        1.9951761554794511E-002
   1.3333333333333333        3.3333333333333330        2.7516815421345309E-002
   1.3333333333333333        3.6666666666666665        5.0529099253523620E-002
   1.3333333333333333        4.0000000000000000        3.8185481638766797E-002
   1.3333333333333333        4.3333333333333330        3.3432937608203442E-002
   1.3333333333333333        4.6666666666666661        5.5914530856948280E-002
   1.3333333333333333        5.0000000000000000        5.3092294658053013E-002
   1.3333333333333333        5.3333333333333330        4.9410417033746289E-002
   1.3333333333333333        5.6666666666666661        5.2338347562202611E-002
   1.3333333333333333        6.0000000000000000        9.4352203257636380E-002
   1.3333333333333333        6.3333333333333330        8.4988081690417355E-002
   1.3333333333333333        6.6666666666666661        8.3111266540583970E-002
   1.3333333333333333        7.0000000000000000        7.8449918743194597E-002
   1.3333333333333333        7.3333333333333330        6.9960607106597822E-002
   1.3333333333333333        7.6666666666666661        1.5254199244747539E-002
   1.3333333333333333        8.0000000000000000        1.5977733696117206E-002
   1.3333333333333333        8.3333333333333321        1.5370497462594460E-002
   1.3333333333333333        8.6666666666666661        1.3462255455097003E-002
   1.3333333333333333        9.0000000000000000        1.1673444466734274E-002
   1.3333333333333333        9.3333333333333321        5.4160593173337912E-003
   1.3333333333333333        9.6666666666666661        2.5140486326897613E-003
   1.3333333333333333        10.000000000000000        0.0000000000000000     
 
   1.6666666666666665        0.0000000000000000        0.0000000000000000     
   1.6666666666666665       0.33333333333333331        2.4306806994990890E-003
   1.6666666666666665       0.66666666666666663        4.7686651933452834E-003
   1.6666666666666665        1.0000000000000000        6.9875540437066858E-003
   1.6666666666666665        1.3333333333333333        9.3810832207432068E-003
   1.6666666666666665        1.6666666666666665        1.9903375167359249E-002
   1.6666666666666665        2.0000000000000000        1.9025261962084955E-002
   1.6666666666666665        2.3333333333333330        1.9957380693044719E-002
   1.6666666666666665        2.6666666666666665        2.5425045552473064E-002
   1.6666666666666665        3.0000000000000000        5.0632290159309985E-002
   1.6666666666666665        3.3333333333333330        4.7822445048342786E-002
   1.6666666666666665        3.6666666666666665        5.2325088773691852E-002
   1.6666666666666665        4.0000000000000000        4.4518339499041777E-002
   1.6666666666666665        4.3333333333333330        4.4734717404992255E-002
   1.6666666666666665        4.6666666666666661        5.7956053941255789E-002
   1.6666666666666665        5.0000000000000000        5.8519593232320997E-002
   1.6666666666666665        5.3333333333333330        5.9340355468391476E-002
   1.6666666666666665        5.6666666666666661        7.1744697763844775E-002
   1.6666666666666665        6.0000000000000000       0.10501489590080008     
   1.6666666666666665        6.3333333333333330       0.10981705957804308     
   1.6666666666666665        6.6666666666666661       0.10844394986203561     
   1.6666666666666665        7.0000000000000000       0.10175157844963680     
   1.6666666666666665        7.3333333333333330        8.5195840039896373E-002
   1.6666666666666665        7.6666666666666661        1.4230623210281850E-002
   1.6666666666666665        8.0000000000000000        1.6583645138065643E-002
   1.6666666666666665        8.3333333333333321        2.0290765293180066E-002
   1.6666666666666665        8.6666666666666661        1.7367383526783679E-002
   1.6666666666666665        9.0000000000000000        1.3414373282374922E-002
   1.6666666666666665        9.3333333333333321        8.5723745639758927E-003
   1.6666666666666665        9.6666666666666661        3.6393273922688254E-003
   1.6666666666666665        10.000000000000000        0.0000000000000000     
 
   2.0000000000000000        0.0000000000000000        0.0000000000000000     
   2.0000000000000000       0.33333333333333331        3.4853756885665126E-003
   2.0000000000000000       0.66666666666666663        6.8590487448281787E-003
   2.0000000000000000        1.0000000000000000        1.0046477800549984E-002
   2.0000000000000000        1.3333333333333333        1.3507752455093643E-002
   2.0000000000000000        1.6666666666666665        2.1692654298242256E-002
   2.0000000000000000        2.0000000000000000        1.9903375167359249E-002
   2.0000000000000000        2.3333333333333330        3.7323266223348327E-002
   2.0000000000000000        2.6666666666666665        3.8797087903575701E-002
   2.0000000000000000        3.0000000000000000        5.5059641090619872E-002
   2.0000000000000000        3.3333333333333330        6.2350057513305010E-002
   2.0000000000000000        3.6666666666666665        6.8140907769641684E-002
   2.0000000000000000        4.0000000000000000       0.10756730010806025     
   2.0000000000000000        4.3333333333333330       0.10227064530518543     
   2.0000000000000000        4.6666666666666661        7.4588579283474662E-002
   2.0000000000000000        5.0000000000000000        6.5552640982399754E-002
   2.0000000000000000        5.3333333333333330        0.0000000000000000     
   2.0000000000000000        5.6666666666666661       0.18970647693275641     
   2.0000000000000000        6.0000000000000000       0.14533368594486573     
   2.0000000000000000        6.3333333333333330       0.14195540851693936     
   2.0000000000000000        6.6666666666666661       0.14023878980840110     
   2.0000000000000000        7.0000000000000000       0.13611468685914155     
   2.0000000000000000        7.3333333333333330        1.1862467873917284E-002
   2.0000000000000000        7.6666666666666661        1.2653074007191822E-002
   2.0000000000000000        8.0000000000000000        4.9125369378865698E-002
   2.0000000000000000        8.3333333333333321        3.2587100344387873E-002
   2.0000000000000000        8.6666666666666661        2.2975079307504819E-002
   2.0000000000000000        9.0000000000000000        1.6605023038278106E-002
   2.0000000000000000        9.3333333333333321        1.2196530381820917E-002
   2.0000000000000000        9.6666666666666661        2.4666593345194954E-003
   2.0000000000000000        10.000000000000000        0.0000000000000000     
 
   2.3333333333333330        0.0000000000000000        0.0000000000000000     
   2.3333333333333330       0.33333333333333331        4.7987057046265007E-003
   2.3333333333333330       0.66666666666666663        9.4250860594443254E-003
   2.3333333333333330        1.0000000000000000        1.3260349983377252E-002
   2.3333333333333330        1.3333333333333333        3.3675688402978250E-002
   2.3333333333333330        1.6666666666666665        3.4329343347033962E-002
   2.3333333333333330        2.0000000000000000        6.4826179104116130E-002
   2.3333333333333330        2.3333333333333330        7.7320212189842474E-002
   2.3333333333333330        2.6666666666666665        7.6803240101237569E-002
   2.3333333333333330        3.0000000000000000        7.0075891396768508E-002
   2.3333333333333330        3.3333333333333330        8.0042429553982122E-002
   2.3333333333333330        3.6666666666666665        9.1480542196845871E-002
   2.3333333333333330        4.0000000000000000       0.10968271884603654     
   2.3333333333333330        4.3333333333333330       0.13191518622606302     
   2.3333333333333330        4.6666666666666661       0.21948718212957075     
   2.3333333333333330        5.0000000000000000       0.24973379945722679     
   2.3333333333333330        5.3333333333333330       0.25068340848148596     
   2.3333333333333330        5.6666666666666661       0.23392762942367204     
   2.3333333333333330        6.0000000000000000       0.20275047291685658     
   2.3333333333333330        6.3333333333333330       0.17321412392644833     
   2.3333333333333330        6.6666666666666661       0.17523851983116445     
   2.3333333333333330        7.0000000000000000       0.16723077252102292     
   2.3333333333333330        7.3333333333333330       0.18395844820664733     
   2.3333333333333330        7.6666666666666661       0.11287493795331173     
   2.3333333333333330        8.0000000000000000        6.6621874141631954E-002
   2.3333333333333330        8.3333333333333321        3.8820815950451414E-002
   2.3333333333333330        8.6666666666666661        2.6102812163604650E-002
   2.3333333333333330        9.0000000000000000        1.8471263075770357E-002
   2.3333333333333330        9.3333333333333321        1.1919293686166840E-002
   2.3333333333333330        9.6666666666666661        5.0416349018120423E-003
   2.3333333333333330        10.000000000000000        0.0000000000000000     
 
   2.6666666666666665        0.0000000000000000        0.0000000000000000     
   2.6666666666666665       0.33333333333333331        6.4625352069195580E-003
   2.6666666666666665       0.66666666666666663        1.3127216651886996E-002
   2.6666666666666665        1.0000000000000000        2.0786007859982782E-002
   2.6666666666666665        1.3333333333333333        3.4053564193848355E-002
   2.6666666666666665        1.6666666666666665        4.8661778768020039E-002
   2.6666666666666665        2.0000000000000000        6.6301611178254588E-002
   2.6666666666666665        2.3333333333333330        7.8889167835559743E-002
   2.6666666666666665        2.6666666666666665        8.5158285346319765E-002
   2.6666666666666665        3.0000000000000000       0.10551949541285591     
   2.6666666666666665        3.3333333333333330        9.7937439471061080E-002
   2.6666666666666665        3.6666666666666665       0.10976658001167343     
   2.6666666666666665        4.0000000000000000       0.18414075778196851     
   2.6666666666666665        4.3333333333333330       0.18551870172265231     
   2.6666666666666665        4.6666666666666661       0.22002086463051526     
   2.6666666666666665        5.0000000000000000       0.24903264812152848     
   2.6666666666666665        5.3333333333333330       0.26592070931344003     
   2.6666666666666665        5.6666666666666661       0.26020949745884092     
   2.6666666666666665        6.0000000000000000       0.23201477482153418     
   2.6666666666666665        6.3333333333333330       0.25032400868964422     
   2.6666666666666665        6.6666666666666661       0.22043681559524597     
   2.6666666666666665        7.0000000000000000       0.19075093359994366     
   2.6666666666666665        7.3333333333333330       0.18454207107446122     
   2.6666666666666665        7.6666666666666661       0.15998740380833804     
   2.6666666666666665        8.0000000000000000        2.9861882971904081E-002
   2.6666666666666665        8.3333333333333321        3.0895067004018853E-002
   2.6666666666666665        8.6666666666666661        2.4972080540843607E-002
   2.6666666666666665        9.0000000000000000        1.9943232610851260E-002
   2.6666666666666665        9.3333333333333321        1.2450602227398163E-002
   2.6666666666666665        9.6666666666666661        5.9920813625633151E-003
   2.6666666666666665        10.000000000000000        0.0000000000000000     
 
   3.0000000000000000        0.0000000000000000        0.0000000000000000     
   3.0000000000000000       0.33333333333333331        8.1366665316294773E-003
   3.0000000000000000       0.66666666666666663        1.6254812615351635E-002
   3.0000000000000000        1.0000000000000000        2.3336138844256310E-002
   3.0000000000000000        1.3333333333333333        5.6260252057403030E-002
   3.0000000000000000        1.6666666666666665        6.1126939013671784E-002
   3.0000000000000000        2.0000000000000000        7.4192156144021956E-002
   3.0000000000000000        2.3333333333333330        8.8216299296957165E-002
   3.0000000000000000        2.6666666666666665       0.10123698918976111     
   3.0000000000000000        3.0000000000000000       0.11446018962801068     
   3.0000000000000000        3.3333333333333330       0.14959482900350488     
   3.0000000000000000        3.6666666666666665       0.14125483021682889     
   3.0000000000000000        4.0000000000000000       0.20605817019005665     
   3.0000000000000000        4.3333333333333330       0.20707959067232809     
   3.0000000000000000        4.6666666666666661       0.22628433890012609     
   3.0000000000000000        5.0000000000000000       0.25951346142950837     
   3.0000000000000000        5.3333333333333330       0.30173263843012732     
   3.0000000000000000        5.6666666666666661       0.30691704537017417     
   3.0000000000000000        6.0000000000000000       0.31687553425592124     
   3.0000000000000000        6.3333333333333330       0.27821222456166073     
   3.0000000000000000        6.6666666666666661       0.26436534618687402     
   3.0000000000000000        7.0000000000000000       0.22577752102399437     
   3.0000000000000000        7.3333333333333330       0.20376421426844685     
   3.0000000000000000        7.6666666666666661       0.18311541336836759     
   3.0000000000000000        8.0000000000000000       0.15204335968465424     
   3.0000000000000000        8.3333333333333321        2.2841930602435629E-002
   3.0000000000000000        8.6666666666666661        2.3834562075102036E-002
   3.0000000000000000        9.0000000000000000        2.4633818975929915E-002
   3.0000000000000000        9.3333333333333321        1.2370777771876090E-002
   3.0000000000000000        9.6666666666666661        6.7203017607130860E-003
   3.0000000000000000        10.000000000000000        0.0000000000000000     
 
   3.3333333333333330        0.0000000000000000        0.0000000000000000     
   3.3333333333333330       0.33333333333333331        1.0069498061235978E-002
   3.3333333333333330       0.66666666666666663        2.0883019415439404E-002
   3.3333333333333330        1.0000000000000000        3.3604581017454359E-002
   3.3333333333333330        1.3333333333333333        5.2566354777820574E-002
   3.3333333333333330        1.6666666666666665        6.6601304745129944E-002
   3.3333333333333330        2.0000000000000000        8.2386314266092664E-002
   3.3333333333333330        2.3333333333333330        9.9794960217810758E-002
   3.3333333333333330        2.6666666666666665       0.11828071332529598     
   3.3333333333333330        3.0000000000000000       0.13768022488000253     
   3.3333333333333330        3.3333333333333330       0.15848223384127150     
   3.3333333333333330        3.6666666666666665       0.16514625573464053     
   3.3333333333333330        4.0000000000000000       0.20974424169238903     
   3.3333333333333330        4.3333333333333330       0.21116806347645090     
   3.3333333333333330        4.6666666666666661       0.21854325852209691     
   3.3333333333333330        5.0000000000000000       0.40553357807437040     
   3.3333333333333330        5.3333333333333330       0.37085964301726670     
   3.3333333333333330        5.6666666666666661       0.35472364534242751     
   3.3333333333333330        6.0000000000000000       0.35082508075258101     
   3.3333333333333330        6.3333333333333330       0.32451199711515977     
   3.3333333333333330        6.6666666666666661       0.29186709171469416     
   3.3333333333333330        7.0000000000000000       0.24693240887246229     
   3.3333333333333330        7.3333333333333330       0.22142229428243607     
   3.3333333333333330        7.6666666666666661       0.18590910401915761     
   3.3333333333333330        8.0000000000000000       0.15350797212722375     
   3.3333333333333330        8.3333333333333321        8.6558486533634363E-002
   3.3333333333333330        8.6666666666666661        4.3085851560188841E-002
   3.3333333333333330        9.0000000000000000        3.1024669197035486E-002
   3.3333333333333330        9.3333333333333321        1.8461045250842155E-002
   3.3333333333333330        9.6666666666666661        8.7678334199288895E-003
   3.3333333333333330        10.000000000000000        0.0000000000000000     
 
   3.6666666666666665        0.0000000000000000        0.0000000000000000     
   3.6666666666666665       0.33333333333333331        1.1527438555179532E-002
   3.6666666666666665       0.66666666666666663        2.4131356684141150E-002
   3.6666666666666665        1.0000000000000000        3.8404037280470892E-002
   3.6666666666666665        1.3333333333333333        5.4840952342525277E-002
   3.6666666666666665        1.6666666666666665        7.1456667451845077E-002
   3.6666666666666665        2.0000000000000000        9.0073867130518154E-002
   3.6666666666666665        2.3333333333333330       0.11129293429410142     
   3.6666666666666665        2.6666666666666665       0.13518903779248703     
   3.6666666666666665        3.0000000000000000       0.16000028999607863     
   3.6666666666666665        3.3333333333333330       0.18170900581245625     
   3.6666666666666665        3.6666666666666665       0.19585957138899651     
   3.6666666666666665        4.0000000000000000       0.20852809929605756     
   3.6666666666666665        4.3333333333333330       0.20974424169238903     
   3.6666666666666665        4.6666666666666661       0.46320221031015479     
   3.6666666666666665        5.0000000000000000       0.43112840131729280     
   3.6666666666666665        5.3333333333333330       0.41415020357292515     
   3.6666666666666665        5.6666666666666661       0.38381716950767708     
   3.6666666666666665        6.0000000000000000       0.37455442444634707     
   3.6666666666666665        6.3333333333333330       0.35200474218810424     
   3.6666666666666665        6.6666666666666661       0.32795704532188980     
   3.6666666666666665        7.0000000000000000       0.27342100399668340     
   3.6666666666666665        7.3333333333333330       0.24829557779005748     
   3.6666666666666665        7.6666666666666661       0.12201420101130264     
   3.6666666666666665        8.0000000000000000       0.12374886924446310     
   3.6666666666666665        8.3333333333333321        8.8347937838945761E-002
   3.6666666666666665        8.6666666666666661        5.6328888287695250E-002
   3.6666666666666665        9.0000000000000000        3.8866913701969028E-002
   3.6666666666666665        9.3333333333333321        2.2281486878619989E-002
   3.6666666666666665        9.6666666666666661        1.0188153377769309E-002
   3.6666666666666665        10.000000000000000        0.0000000000000000     
 
   4.0000000000000000        0.0000000000000000        0.0000000000000000     
   4.0000000000000000       0.33333333333333331        1.2197943193843631E-002
   4.0000000000000000       0.66666666666666663        2.6280613537842914E-002
   4.0000000000000000        1.0000000000000000        4.1857195616215877E-002
   4.0000000000000000        1.3333333333333333        5.7939452871351417E-002
   4.0000000000000000        1.6666666666666665        7.5363582890615705E-002
   4.0000000000000000        2.0000000000000000        9.6120124816019545E-002
   4.0000000000000000        2.3333333333333330       0.12082993447632014     
   4.0000000000000000        2.6666666666666665       0.15149894862155633     
   4.0000000000000000        3.0000000000000000       0.18526444809309292     
   4.0000000000000000        3.3333333333333330       0.21195452012717936     
   4.0000000000000000        3.6666666666666665       0.22744123660848523     
   4.0000000000000000        4.0000000000000000       0.21850268622514149     
   4.0000000000000000        4.3333333333333330       0.48937063239503026     
   4.0000000000000000        4.6666666666666661       0.48300834689359390     
   4.0000000000000000        5.0000000000000000       0.48230422764526421     
   4.0000000000000000        5.3333333333333330       0.46111371328156836     
   4.0000000000000000        5.6666666666666661       0.43347582480388319     
   4.0000000000000000        6.0000000000000000       0.40395381175608841     
   4.0000000000000000        6.3333333333333330       0.37446932327988453     
   4.0000000000000000        6.6666666666666661       0.33463029621582663     
   4.0000000000000000        7.0000000000000000       0.29568279710188550     
   4.0000000000000000        7.3333333333333330       0.20676887845369146     
   4.0000000000000000        7.6666666666666661       0.14557111743772885     
   4.0000000000000000        8.0000000000000000       0.13260960183297160     
   4.0000000000000000        8.3333333333333321        9.6066990233604030E-002
   4.0000000000000000        8.6666666666666661        5.6316921915387889E-002
   4.0000000000000000        9.0000000000000000        4.6872628301921834E-002
   4.0000000000000000        9.3333333333333321        1.7859525403031144E-002
   4.0000000000000000        9.6666666666666661        1.0024991170931041E-002
   4.0000000000000000        10.000000000000000        0.0000000000000000     
 
   4.3333333333333330        0.0000000000000000        0.0000000000000000     
   4.3333333333333330       0.33333333333333331        1.1279031557032105E-002
   4.3333333333333330       0.66666666666666663        2.7534544496266009E-002
   4.3333333333333330        1.0000000000000000        4.5664292702845548E-002
   4.3333333333333330        1.3333333333333333        6.0702888952414547E-002
   4.3333333333333330        1.6666666666666665        7.6947966409055685E-002
   4.3333333333333330        2.0000000000000000        9.9050433295123183E-002
   4.3333333333333330        2.3333333333333330       0.12487499593290884     
   4.3333333333333330        2.6666666666666665       0.16452315270126641     
   4.3333333333333330        3.0000000000000000       0.21657727629159987     
   4.3333333333333330        3.3333333333333330       0.25170574944481372     
   4.3333333333333330        3.6666666666666665       0.28150954885243801     
   4.3333333333333330        4.0000000000000000       0.46784149451599699     
   4.3333333333333330        4.3333333333333330       0.48179722936546038     
   4.3333333333333330        4.6666666666666661       0.49737067644215138     
   4.3333333333333330        5.0000000000000000       0.48975203532301509     
   4.3333333333333330        5.3333333333333330       0.47441038352223497     
   4.3333333333333330        5.6666666666666661       0.45201694751102489     
   4.3333333333333330        6.0000000000000000       0.42398806800168820     
   4.3333333333333330        6.3333333333333330       0.39950737040270806     
   4.3333333333333330        6.6666666666666661       0.31968126087093551     
   4.3333333333333330        7.0000000000000000       0.27493902883592025     
   4.3333333333333330        7.3333333333333330       0.20594229045909954     
   4.3333333333333330        7.6666666666666661       0.15943249448643021     
   4.3333333333333330        8.0000000000000000       0.12970587634890288     
   4.3333333333333330        8.3333333333333321        9.7497265594849988E-002
   4.3333333333333330        8.6666666666666661        6.6995112388583453E-002
   4.3333333333333330        9.0000000000000000        4.6569742191769868E-002
   4.3333333333333330        9.3333333333333321        2.6187462393608092E-002
   4.3333333333333330        9.6666666666666661        1.2344985270343880E-002
   4.3333333333333330        10.000000000000000        0.0000000000000000     
 
   4.6666666666666661        0.0000000000000000        0.0000000000000000     
   4.6666666666666661       0.33333333333333331        5.6537454078991701E-003
   4.6666666666666661       0.66666666666666663        5.2260311294800139E-002
   4.6666666666666661        1.0000000000000000        5.3502372886353525E-002
   4.6666666666666661        1.3333333333333333        6.3318366822559258E-002
   4.6666666666666661        1.6666666666666665        7.3705713403050974E-002
   4.6666666666666661        2.0000000000000000       0.10853736189135620     
   4.6666666666666661        2.3333333333333330       0.11548202206609476     
   4.6666666666666661        2.6666666666666665       0.26628342900564328     
   4.6666666666666661        3.0000000000000000       0.26267606340916627     
   4.6666666666666661        3.3333333333333330       0.29344221744350629     
   4.6666666666666661        3.6666666666666665       0.36092139110733662     
   4.6666666666666661        4.0000000000000000       0.44083684197564155     
   4.6666666666666661        4.3333333333333330       0.47448851989148588     
   4.6666666666666661        4.6666666666666661       0.49034196368935107     
   4.6666666666666661        5.0000000000000000       0.49072412145434358     
   4.6666666666666661        5.3333333333333330       0.48144687023902238     
   4.6666666666666661        5.6666666666666661       0.46413040439454067     
   4.6666666666666661        6.0000000000000000       0.42996727329213907     
   4.6666666666666661        6.3333333333333330       0.39087162809055342     
   4.6666666666666661        6.6666666666666661       0.35893620061207132     
   4.6666666666666661        7.0000000000000000       0.18155075437575455     
   4.6666666666666661        7.3333333333333330       0.18164838925213617     
   4.6666666666666661        7.6666666666666661       0.15689959620700511     
   4.6666666666666661        8.0000000000000000       0.13027001061457744     
   4.6666666666666661        8.3333333333333321        9.8465768847184679E-002
   4.6666666666666661        8.6666666666666661        6.8806953750110006E-002
   4.6666666666666661        9.0000000000000000        4.7252139996009218E-002
   4.6666666666666661        9.3333333333333321        2.8628222870259824E-002
   4.6666666666666661        9.6666666666666661        1.3499600285160946E-002
   4.6666666666666661        10.000000000000000        0.0000000000000000     
 
   5.0000000000000000        0.0000000000000000        0.0000000000000000     
   5.0000000000000000       0.33333333333333331        5.8250253578859329E-003
   5.0000000000000000       0.66666666666666663        4.4431056345281522E-002
   5.0000000000000000        1.0000000000000000        5.3903216433310058E-002
   5.0000000000000000        1.3333333333333333        6.6515532125995508E-002
   5.0000000000000000        1.6666666666666665        8.1997116243628598E-002
   5.0000000000000000        2.0000000000000000       0.10256037680739248     
   5.0000000000000000        2.3333333333333330       0.11381415397558127     
   5.0000000000000000        2.6666666666666665       0.27438376963022959     
   5.0000000000000000        3.0000000000000000       0.27079655926145962     
   5.0000000000000000        3.3333333333333330       0.43086890948724615     
   5.0000000000000000        3.6666666666666665       0.41990015650822976     
   5.0000000000000000        4.0000000000000000       0.44838480606549669     
   5.0000000000000000        4.3333333333333330       0.47162933626356701     
   5.0000000000000000        4.6666666666666661       0.48457187537045870     
   5.0000000000000000        5.0000000000000000       0.48711231602017080     
   5.0000000000000000        5.3333333333333330       0.48278685115086867     
   5.0000000000000000        5.6666666666666661       0.48030589018179665     
   5.0000000000000000        6.0000000000000000       0.36860748191543730     
   5.0000000000000000        6.3333333333333330       0.36620337943470338     
   5.0000000000000000        6.6666666666666661       0.28581732405092297     
   5.0000000000000000        7.0000000000000000       0.20371745487175164     
   5.0000000000000000        7.3333333333333330       0.18209401761750968     
   5.0000000000000000        7.6666666666666661       0.15670854505590698     
   5.0000000000000000        8.0000000000000000       0.13692312275282423     
   5.0000000000000000        8.3333333333333321        7.4448735453021039E-002
   5.0000000000000000        8.6666666666666661        6.3714876367983189E-002
   5.0000000000000000        9.0000000000000000        4.6017958773590412E-002
   5.0000000000000000        9.3333333333333321        2.8271523255244894E-002
   5.0000000000000000        9.6666666666666661        1.3379936105720452E-002
   5.0000000000000000        10.000000000000000        0.0000000000000000     
 
   5.3333333333333330        0.0000000000000000        0.0000000000000000     
   5.3333333333333330       0.33333333333333331        1.1968248744122712E-002
   5.3333333333333330       0.66666666666666663        3.5957782869327701E-002
   5.3333333333333330        1.0000000000000000        5.2273421849787990E-002
   5.3333333333333330        1.3333333333333333        6.8000991723437973E-002
   5.3333333333333330        1.6666666666666665        8.6339014470758688E-002
   5.3333333333333330        2.0000000000000000       0.10689621196052072     
   5.3333333333333330        2.3333333333333330       0.12424380835963708     
   5.3333333333333330        2.6666666666666665       0.24631434850996597     
   5.3333333333333330        3.0000000000000000       0.27169918031087803     
   5.3333333333333330        3.3333333333333330       0.41345496771983842     
   5.3333333333333330        3.6666666666666665       0.42896568576036592     
   5.3333333333333330        4.0000000000000000       0.44932113100261079     
   5.3333333333333330        4.3333333333333330       0.46602360954824240     
   5.3333333333333330        4.6666666666666661       0.47542218070748105     
   5.3333333333333330        5.0000000000000000       0.47638711335826750     
   5.3333333333333330        5.3333333333333330       0.46849056335177480     
   5.3333333333333330        5.6666666666666661       0.38222752212565109     
   5.3333333333333330        6.0000000000000000       0.36327235869266983     
   5.3333333333333330        6.3333333333333330       0.33146492845928716     
   5.3333333333333330        6.6666666666666661       0.28188959847538764     
   5.3333333333333330        7.0000000000000000       0.22447242110728363     
   5.3333333333333330        7.3333333333333330       0.18611410990411761     
   5.3333333333333330        7.6666666666666661       0.15137191443775871     
   5.3333333333333330        8.0000000000000000       0.12463084614170748     
   5.3333333333333330        8.3333333333333321        8.6554137713448942E-002
   5.3333333333333330        8.6666666666666661        6.6848867346526980E-002
   5.3333333333333330        9.0000000000000000        4.5863979665034603E-002
   5.3333333333333330        9.3333333333333321        2.5766139896994195E-002
   5.3333333333333330        9.6666666666666661        1.2106960951360260E-002
   5.3333333333333330        10.000000000000000        0.0000000000000000     
 
   5.6666666666666661        0.0000000000000000        0.0000000000000000     
   5.6666666666666661       0.33333333333333331        6.3760654990905894E-003
   5.6666666666666661       0.66666666666666663        1.5637137878209646E-002
   5.6666666666666661        1.0000000000000000        4.7489942127181106E-002
   5.6666666666666661        1.3333333333333333        6.7993047306115009E-002
   5.6666666666666661        1.6666666666666665        8.9549929963040384E-002
   5.6666666666666661        2.0000000000000000       0.11536333298022482     
   5.6666666666666661        2.3333333333333330       0.15261878272305993     
   5.6666666666666661        2.6666666666666665       0.21813135050568533     
   5.6666666666666661        3.0000000000000000       0.29426847936743872     
   5.6666666666666661        3.3333333333333330       0.38824027551483115     
   5.6666666666666661        3.6666666666666665       0.42264072312535711     
   5.6666666666666661        4.0000000000000000       0.44231158333354831     
   5.6666666666666661        4.3333333333333330       0.45520659187069645     
   5.6666666666666661        4.6666666666666661       0.46159809346567043     
   5.6666666666666661        5.0000000000000000       0.46123650806545091     
   5.6666666666666661        5.3333333333333330       0.43335088066887056     
   5.6666666666666661        5.6666666666666661       0.39274046826343251     
   5.6666666666666661        6.0000000000000000       0.31094874660924771     
   5.6666666666666661        6.3333333333333330       0.30840417661615538     
   5.6666666666666661        6.6666666666666661       0.22969110415290919     
   5.6666666666666661        7.0000000000000000       0.18153307715255815     
   5.6666666666666661        7.3333333333333330       0.14179593110443198     
   5.6666666666666661        7.6666666666666661       0.13854738213164419     
   5.6666666666666661        8.0000000000000000        8.7992099102839061E-002
   5.6666666666666661        8.3333333333333321        8.1621785763581492E-002
   5.6666666666666661        8.6666666666666661        7.2582499849310478E-002
   5.6666666666666661        9.0000000000000000        1.6903960294517361E-002
   5.6666666666666661        9.3333333333333321        1.7497321815920550E-002
   5.6666666666666661        9.6666666666666661        9.6239493976611294E-003
   5.6666666666666661        10.000000000000000        0.0000000000000000     
 
   6.0000000000000000        0.0000000000000000        0.0000000000000000     
   6.0000000000000000       0.33333333333333331        7.3327476537144581E-003
   6.0000000000000000       0.66666666666666663        1.6130766721710307E-002
   6.0000000000000000        1.0000000000000000        2.7893057196582211E-002
   6.0000000000000000        1.3333333333333333        0.0000000000000000     
   6.0000000000000000        1.6666666666666665       0.11164898577786850     
   6.0000000000000000        2.0000000000000000       0.11323818924081111     
   6.0000000000000000        2.3333333333333330       0.15772765196203686     
   6.0000000000000000        2.6666666666666665       0.17739530294230679     
   6.0000000000000000        3.0000000000000000       0.42368412920137249     
   6.0000000000000000        3.3333333333333330       0.41409929787477046     
   6.0000000000000000        3.6666666666666665       0.42106954023712545     
   6.0000000000000000        4.0000000000000000       0.43113498534832112     
   6.0000000000000000        4.3333333333333330       0.43921841601815698     
   6.0000000000000000        4.6666666666666661       0.44238063738296818     
   6.0000000000000000        5.0000000000000000       0.40346849359583670     
   6.0000000000000000        5.3333333333333330       0.39989942554423752     
   6.0000000000000000        5.6666666666666661       0.35362644147943312     
   6.0000000000000000        6.0000000000000000       0.30832812735892051     
   6.0000000000000000        6.3333333333333330       0.27771585700684459     
   6.0000000000000000        6.6666666666666661       0.22778789502821986     
   6.0000000000000000        7.0000000000000000       0.18126753381642924     
   6.0000000000000000        7.3333333333333330       0.14586369748164460     
   6.0000000000000000        7.6666666666666661       0.12333672579723591     
   6.0000000000000000        8.0000000000000000        9.5935900063920332E-002
   6.0000000000000000        8.3333333333333321        8.0888358581580472E-002
   6.0000000000000000        8.6666666666666661        7.0785859591666375E-002
   6.0000000000000000        9.0000000000000000        2.6260898572268626E-002
   6.0000000000000000        9.3333333333333321        1.8249949104990969E-002
   6.0000000000000000        9.6666666666666661        9.1994008628879173E-003
   6.0000000000000000        10.000000000000000        0.0000000000000000     
 
   6.3333333333333330        0.0000000000000000        0.0000000000000000     
   6.3333333333333330       0.33333333333333331        7.0433871329280799E-003
   6.3333333333333330       0.66666666666666663        1.4120913424140655E-002
   6.3333333333333330        1.0000000000000000        2.0722153718200357E-002
   6.3333333333333330        1.3333333333333333        6.2733257085836075E-002
   6.3333333333333330        1.6666666666666665        9.9563056915710227E-002
   6.3333333333333330        2.0000000000000000       0.11410139621988320     
   6.3333333333333330        2.3333333333333330       0.13866342046117730     
   6.3333333333333330        2.6666666666666665       0.15619095243648168     
   6.3333333333333330        3.0000000000000000       0.17592313486277306     
   6.3333333333333330        3.3333333333333330       0.41557602533229665     
   6.3333333333333330        3.6666666666666665       0.40686100395112856     
   6.3333333333333330        4.0000000000000000       0.41187734415017213     
   6.3333333333333330        4.3333333333333330       0.41759286128800849     
   6.3333333333333330        4.6666666666666661       0.41549354568420882     
   6.3333333333333330        5.0000000000000000       0.39789232101563787     
   6.3333333333333330        5.3333333333333330       0.30471593685380138     
   6.3333333333333330        5.6666666666666661       0.30636689159144292     
   6.3333333333333330        6.0000000000000000       0.28589099347743713     
   6.3333333333333330        6.3333333333333330       0.26246325534076398     
   6.3333333333333330        6.6666666666666661       0.22049980166970135     
   6.3333333333333330        7.0000000000000000       0.16947491987260399     
   6.3333333333333330        7.3333333333333330       0.13764982677880619     
   6.3333333333333330        7.6666666666666661       0.11407130529664075     
   6.3333333333333330        8.0000000000000000        9.2981056584503230E-002
   6.3333333333333330        8.3333333333333321        7.6758121783118527E-002
   6.3333333333333330        8.6666666666666661        6.0419101244472855E-002
   6.3333333333333330        9.0000000000000000        3.5113358825395728E-002
   6.3333333333333330        9.3333333333333321        2.0645365805362165E-002
   6.3333333333333330        9.6666666666666661        9.2366983225090037E-003
   6.3333333333333330        10.000000000000000        0.0000000000000000     
 
   6.6666666666666661        0.0000000000000000        0.0000000000000000     
   6.6666666666666661       0.33333333333333331        6.9479751067133416E-003
   6.6666666666666661       0.66666666666666663        1.3021005919951308E-002
   6.6666666666666661        1.0000000000000000        5.0837568375637930E-002
   6.6666666666666661        1.3333333333333333        6.4655950294292303E-002
   6.6666666666666661        1.6666666666666665        8.6839774132292769E-002
   6.6666666666666661        2.0000000000000000       0.10652029642980057     
   6.6666666666666661        2.3333333333333330       0.12779240674176426     
   6.6666666666666661        2.6666666666666665       0.15327485659111534     
   6.6666666666666661        3.0000000000000000       0.17690522349130647     
   6.6666666666666661        3.3333333333333330       0.31453358074027593     
   6.6666666666666661        3.6666666666666665       0.37040541670025090     
   6.6666666666666661        4.0000000000000000       0.38307463535570385     
   6.6666666666666661        4.3333333333333330       0.39453588018063662     
   6.6666666666666661        4.6666666666666661       0.39477499380852976     
   6.6666666666666661        5.0000000000000000       0.36604180201331088     
   6.6666666666666661        5.3333333333333330       0.29822134540515249     
   6.6666666666666661        5.6666666666666661       0.27621403046771087     
   6.6666666666666661        6.0000000000000000       0.26222229202034358     
   6.6666666666666661        6.3333333333333330       0.16543377462151754     
   6.6666666666666661        6.6666666666666661       0.13806326041734585     
   6.6666666666666661        7.0000000000000000       0.13836016590830408     
   6.6666666666666661        7.3333333333333330       0.12192747124310144     
   6.6666666666666661        7.6666666666666661       0.10351999038315479     
   6.6666666666666661        8.0000000000000000        8.6622320360181804E-002
   6.6666666666666661        8.3333333333333321        7.4268692057442270E-002
   6.6666666666666661        8.6666666666666661        3.7538519236810924E-002
   6.6666666666666661        9.0000000000000000        3.4152190610265976E-002
   6.6666666666666661        9.3333333333333321        1.3317621042456601E-002
   6.6666666666666661        9.6666666666666661        7.4227216198275844E-003
   6.6666666666666661        10.000000000000000        0.0000000000000000     
 
   7.0000000000000000        0.0000000000000000        0.0000000000000000     
   7.0000000000000000       0.33333333333333331        7.9723108783650576E-003
   7.0000000000000000       0.66666666666666663        1.8441125025019156E-002
   7.0000000000000000        1.0000000000000000        3.8578718565575820E-002
   7.0000000000000000        1.3333333333333333        6.0009295830438986E-002
   7.0000000000000000        1.6666666666666665        7.8494412725708562E-002
   7.0000000000000000        2.0000000000000000        9.9106472782091559E-002
   7.0000000000000000        2.3333333333333330       0.11420753330952266     
   7.0000000000000000        2.6666666666666665       0.17753376216610398     
   7.0000000000000000        3.0000000000000000       0.20223517706204511     
   7.0000000000000000        3.3333333333333330       0.25434076962920704     
   7.0000000000000000        3.6666666666666665       0.31465744226534093     
   7.0000000000000000        4.0000000000000000       0.34817316084553995     
   7.0000000000000000        4.3333333333333330       0.37475259920035331     
   7.0000000000000000        4.6666666666666661       0.15421900621087203     
   7.0000000000000000        5.0000000000000000       0.21911078721075988     
   7.0000000000000000        5.3333333333333330       0.24133731906897035     
   7.0000000000000000        5.6666666666666661       0.23427624906304298     
   7.0000000000000000        6.0000000000000000       0.22132531843874415     
   7.0000000000000000        6.3333333333333330       0.16573049101464871     
   7.0000000000000000        6.6666666666666661       0.13872505885913167     
   7.0000000000000000        7.0000000000000000       0.12480097895247259     
   7.0000000000000000        7.3333333333333330       0.10929934670013357     
   7.0000000000000000        7.6666666666666661        9.2832486022039987E-002
   7.0000000000000000        8.0000000000000000        7.7236119195954633E-002
   7.0000000000000000        8.3333333333333321        6.0971323125541058E-002
   7.0000000000000000        8.6666666666666661        4.2151797031785336E-002
   7.0000000000000000        9.0000000000000000        3.0923733270123946E-002
   7.0000000000000000        9.3333333333333321        1.9735037792538327E-002
   7.0000000000000000        9.6666666666666661        2.8003616357097087E-003
   7.0000000000000000        10.000000000000000        0.0000000000000000     
 
   7.3333333333333330        0.0000000000000000        0.0000000000000000     
   7.3333333333333330       0.33333333333333331        6.7898994775415786E-003
   7.3333333333333330       0.66666666666666663        1.4828146907726146E-002
   7.3333333333333330        1.0000000000000000        2.6248005644333550E-002
   7.3333333333333330        1.3333333333333333        6.4263210173043719E-002
   7.3333333333333330        1.6666666666666665        6.9991773899766449E-002
   7.3333333333333330        2.0000000000000000       0.10111381993626663     
   7.3333333333333330        2.3333333333333330       0.11752832930571731     
   7.3333333333333330        2.6666666666666665       0.15342212786952950     
   7.3333333333333330        3.0000000000000000       0.20002923554966112     
   7.3333333333333330        3.3333333333333330       0.24432087046432563     
   7.3333333333333330        3.6666666666666665       0.27709878801658877     
   7.3333333333333330        4.0000000000000000       0.31465744226534093     
   7.3333333333333330        4.3333333333333330       0.15421900621087203     
   7.3333333333333330        4.6666666666666661       0.15509159541084516     
   7.3333333333333330        5.0000000000000000       0.19540624587768921     
   7.3333333333333330        5.3333333333333330       0.21135778827384000     
   7.3333333333333330        5.6666666666666661       0.19602042281016688     
   7.3333333333333330        6.0000000000000000       0.13104750926230788     
   7.3333333333333330        6.3333333333333330       0.13758003397131582     
   7.3333333333333330        6.6666666666666661       0.12722800268817908     
   7.3333333333333330        7.0000000000000000       0.11400725884973938     
   7.3333333333333330        7.3333333333333330        9.9014526697605840E-002
   7.3333333333333330        7.6666666666666661        8.2772720903785707E-002
   7.3333333333333330        8.0000000000000000        7.0054512980701950E-002
   7.3333333333333330        8.3333333333333321        5.1689203138791398E-002
   7.3333333333333330        8.6666666666666661        4.0433429357825700E-002
   7.3333333333333330        9.0000000000000000        2.8692751628116069E-002
   7.3333333333333330        9.3333333333333321        1.5696120566010344E-002
   7.3333333333333330        9.6666666666666661        5.7213773889296781E-003
   7.3333333333333330        10.000000000000000        0.0000000000000000     
 
   7.6666666666666661        0.0000000000000000        0.0000000000000000     
   7.6666666666666661       0.33333333333333331        4.6214194060856841E-003
   7.6666666666666661       0.66666666666666663        8.3810015793245630E-003
   7.6666666666666661        1.0000000000000000        5.8438927273731386E-002
   7.6666666666666661        1.3333333333333333        6.0899373959241276E-002
   7.6666666666666661        1.6666666666666665        6.9472241580178923E-002
   7.6666666666666661        2.0000000000000000        8.6813538226507711E-002
   7.6666666666666661        2.3333333333333330       0.10319325106766672     
   7.6666666666666661        2.6666666666666665       0.11969129992702852     
   7.6666666666666661        3.0000000000000000       0.11293851878759011     
   7.6666666666666661        3.3333333333333330       0.18619931698633127     
   7.6666666666666661        3.6666666666666665       0.23214844602325380     
   7.6666666666666661        4.0000000000000000        5.7191428497218658E-002
   7.6666666666666661        4.3333333333333330       0.10026369004006293     
   7.6666666666666661        4.6666666666666661       0.11721694706632829     
   7.6666666666666661        5.0000000000000000        9.0680695949922813E-002
   7.6666666666666661        5.3333333333333330       0.14080184591993974     
   7.6666666666666661        5.6666666666666661       0.14145240782869675     
   7.6666666666666661        6.0000000000000000       0.12559694556225465     
   7.6666666666666661        6.3333333333333330       0.12727076739973586     
   7.6666666666666661        6.6666666666666661       0.11983575470019665     
   7.6666666666666661        7.0000000000000000       0.10644360953526255     
   7.6666666666666661        7.3333333333333330        9.1523781666429480E-002
   7.6666666666666661        7.6666666666666661        7.0744087755534826E-002
   7.6666666666666661        8.0000000000000000        3.3210649524886150E-002
   7.6666666666666661        8.3333333333333321        3.6685670535707177E-002
   7.6666666666666661        8.6666666666666661        1.6854922295050426E-002
   7.6666666666666661        9.0000000000000000        9.6830108627629016E-003
   7.6666666666666661        9.3333333333333321        9.2342796142436765E-003
   7.6666666666666661        9.6666666666666661        4.6252825989288315E-003
   7.6666666666666661        10.000000000000000        0.0000000000000000     
 
   8.0000000000000000        0.0000000000000000        0.0000000000000000     
   8.0000000000000000       0.33333333333333331        3.5130970916811416E-003
   8.0000000000000000       0.66666666666666663        6.0445548264006386E-003
   8.0000000000000000        1.0000000000000000        5.1494443010054972E-002
   8.0000000000000000        1.3333333333333333        5.3781835516766116E-002
   8.0000000000000000        1.6666666666666665        6.2485289448719609E-002
   8.0000000000000000        2.0000000000000000        7.5706694945040343E-002
   8.0000000000000000        2.3333333333333330        9.0832459443061106E-002
   8.0000000000000000        2.6666666666666665       0.10432756676061371     
   8.0000000000000000        3.0000000000000000       0.11535377735041570     
   8.0000000000000000        3.3333333333333330       0.14067838905222074     
   8.0000000000000000        3.6666666666666665        5.7191428497218658E-002
   8.0000000000000000        4.0000000000000000        5.9118934986387359E-002
   8.0000000000000000        4.3333333333333330        8.5101866899199227E-002
   8.0000000000000000        4.6666666666666661        9.7827409482107455E-002
   8.0000000000000000        5.0000000000000000        9.3116976507878327E-002
   8.0000000000000000        5.3333333333333330        8.9278812892250439E-002
   8.0000000000000000        5.6666666666666661       0.10388871189277275     
   8.0000000000000000        6.0000000000000000       0.10365598542491204     
   8.0000000000000000        6.3333333333333330        0.0000000000000000     
   8.0000000000000000        6.6666666666666661        9.9832348610150501E-002
   8.0000000000000000        7.0000000000000000       0.10210073776991679     
   8.0000000000000000        7.3333333333333330        3.0855107748954998E-002
   8.0000000000000000        7.6666666666666661        3.9437010760278939E-002
   8.0000000000000000        8.0000000000000000        3.0942055941198032E-002
   8.0000000000000000        8.3333333333333321        2.6386099945030186E-002
   8.0000000000000000        8.6666666666666661        1.7684161417339275E-002
   8.0000000000000000        9.0000000000000000        1.0617418614019625E-002
   8.0000000000000000        9.3333333333333321        7.3552001349168981E-003
   8.0000000000000000        9.6666666666666661        3.7604561142743722E-003
   8.0000000000000000        10.000000000000000        0.0000000000000000     
 
   8.3333333333333321        0.0000000000000000        0.0000000000000000     
   8.3333333333333321       0.33333333333333331        3.5575607905481456E-003
   8.3333333333333321       0.66666666666666663        6.5311739908919114E-003
   8.3333333333333321        1.0000000000000000        3.1648159474476793E-002
   8.3333333333333321        1.3333333333333333        4.2449327492876415E-002
   8.3333333333333321        1.6666666666666665        5.3215124910640406E-002
   8.3333333333333321        2.0000000000000000        6.4962787405369302E-002
   8.3333333333333321        2.3333333333333330        8.2374192544075839E-002
   8.3333333333333321        2.6666666666666665        9.3663399511130077E-002
   8.3333333333333321        3.0000000000000000       0.10568024672546149     
   8.3333333333333321        3.3333333333333330       0.12212995295234744     
   8.3333333333333321        3.6666666666666665        3.7278530513036728E-002
   8.3333333333333321        4.0000000000000000        3.8828844069719121E-002
   8.3333333333333321        4.3333333333333330        1.5749649447951167E-002
   8.3333333333333321        4.6666666666666661        1.3814339349851981E-002
   8.3333333333333321        5.0000000000000000        7.4457751244985493E-002
   8.3333333333333321        5.3333333333333330        7.6024203686984620E-002
   8.3333333333333321        5.6666666666666661        8.2306845177086571E-002
   8.3333333333333321        6.0000000000000000        8.2698323999034415E-002
   8.3333333333333321        6.3333333333333330        3.9866748627198238E-002
   8.3333333333333321        6.6666666666666661        0.0000000000000000     
   8.3333333333333321        7.0000000000000000        1.9962929489427069E-002
   8.3333333333333321        7.3333333333333330        2.3370469225909938E-002
   8.3333333333333321        7.6666666666666661        2.6403802203196769E-002
   8.3333333333333321        8.0000000000000000        2.5860864197770703E-002
   8.3333333333333321        8.3333333333333321        2.1259831490952317E-002
   8.3333333333333321        8.6666666666666661        8.5051285901142203E-003
   8.3333333333333321        9.0000000000000000        8.2824582212144733E-003
   8.3333333333333321        9.3333333333333321        6.1841037523321643E-003
   8.3333333333333321        9.6666666666666661        3.2550738982007553E-003
   8.3333333333333321        10.000000000000000        0.0000000000000000     
 
   8.6666666666666661        0.0000000000000000        0.0000000000000000     
   8.6666666666666661       0.33333333333333331        4.3747468663330492E-003
   8.6666666666666661       0.66666666666666663        1.0333790400392362E-002
   8.6666666666666661        1.0000000000000000        2.2332597220682409E-002
   8.6666666666666661        1.3333333333333333        3.2983065334662214E-002
   8.6666666666666661        1.6666666666666665        4.5022241616257515E-002
   8.6666666666666661        2.0000000000000000        5.0750914421298428E-002
   8.6666666666666661        2.3333333333333330        6.8883455613849190E-002
   8.6666666666666661        2.6666666666666665        8.4662596322819472E-002
   8.6666666666666661        3.0000000000000000        9.3920917197659964E-002
   8.6666666666666661        3.3333333333333330        0.0000000000000000     
   8.6666666666666661        3.6666666666666665        1.5946074025515993E-002
   8.6666666666666661        4.0000000000000000        2.1590617090973287E-002
   8.6666666666666661        4.3333333333333330        1.6746397044119451E-002
   8.6666666666666661        4.6666666666666661        1.4788629640545880E-002
   8.6666666666666661        5.0000000000000000        5.8038502208669213E-002
   8.6666666666666661        5.3333333333333330        5.9487580858032650E-002
   8.6666666666666661        5.6666666666666661        6.7963256091387272E-002
   8.6666666666666661        6.0000000000000000        6.3456391058624551E-002
   8.6666666666666661        6.3333333333333330        4.0987559071604313E-002
   8.6666666666666661        6.6666666666666661        1.5956315875506361E-002
   8.6666666666666661        7.0000000000000000        1.7442724682618892E-002
   8.6666666666666661        7.3333333333333330        1.7206895148323700E-002
   8.6666666666666661        7.6666666666666661        1.7943643670726164E-002
   8.6666666666666661        8.0000000000000000        1.0481870492817987E-002
   8.6666666666666661        8.3333333333333321        1.2437177702596221E-002
   8.6666666666666661        8.6666666666666661        9.2209346666130270E-003
   8.6666666666666661        9.0000000000000000        3.2757741732298124E-003
   8.6666666666666661        9.3333333333333321        2.0101029727986369E-003
   8.6666666666666661        9.6666666666666661        0.0000000000000000     
   8.6666666666666661        10.000000000000000        0.0000000000000000     
 
   9.0000000000000000        0.0000000000000000        0.0000000000000000     
   9.0000000000000000       0.33333333333333331        3.8439899466971524E-003
   9.0000000000000000       0.66666666666666663        8.6337349756127179E-003
   9.0000000000000000        1.0000000000000000        1.5455258472981093E-002
   9.0000000000000000        1.3333333333333333        2.3634568708848551E-002
   9.0000000000000000        1.6666666666666665        2.8417087903427257E-002
   9.0000000000000000        2.0000000000000000        4.4272056751054140E-002
   9.0000000000000000        2.3333333333333330        5.5493479772425518E-002
   9.0000000000000000        2.6666666666666665        1.2292430778622272E-003
   9.0000000000000000        3.0000000000000000        2.0534336262669740E-003
   9.0000000000000000        3.3333333333333330        7.5210534568654758E-003
   9.0000000000000000        3.6666666666666665        1.1159909813347624E-002
   9.0000000000000000        4.0000000000000000        1.5906336464814930E-002
   9.0000000000000000        4.3333333333333330        1.5854576506697703E-002
   9.0000000000000000        4.6666666666666661        1.2621939436919230E-003
   9.0000000000000000        5.0000000000000000        3.6183949845967123E-002
   9.0000000000000000        5.3333333333333330        3.7264541875291435E-002
   9.0000000000000000        5.6666666666666661        1.3157303523730599E-002
   9.0000000000000000        6.0000000000000000        1.5704844624903451E-002
   9.0000000000000000        6.3333333333333330        2.0686788861442481E-002
   9.0000000000000000        6.6666666666666661        1.5181227933264155E-002
   9.0000000000000000        7.0000000000000000        8.7685345806899680E-003
   9.0000000000000000        7.3333333333333330        1.0840320494616779E-002
   9.0000000000000000        7.6666666666666661        1.0998127571282086E-002
   9.0000000000000000        8.0000000000000000        9.0933388602176118E-003
   9.0000000000000000        8.3333333333333321        9.4171334772182955E-003
   9.0000000000000000        8.6666666666666661        7.2396608991316998E-003
   9.0000000000000000        9.0000000000000000        3.5054708534281833E-003
   9.0000000000000000        9.3333333333333321        2.1638193179611309E-003
   9.0000000000000000        9.6666666666666661        1.8008870185571522E-004
   9.0000000000000000        10.000000000000000        0.0000000000000000     
 
   9.3333333333333321        0.0000000000000000        0.0000000000000000     
   9.3333333333333321       0.33333333333333331        2.5809523104227787E-003
   9.3333333333333321       0.66666666666666663        5.3666432327364819E-003
   9.3333333333333321        1.0000000000000000        8.0160564566308934E-003
   9.3333333333333321        1.3333333333333333        8.8468327195792215E-003
   9.3333333333333321        1.6666666666666665        1.3846091165932890E-002
   9.3333333333333321        2.0000000000000000        1.7848863704770816E-003
   9.3333333333333321        2.3333333333333330        1.0970539967780379E-003
   9.3333333333333321        2.6666666666666665        1.3247088266280444E-003
   9.3333333333333321        3.0000000000000000        2.2041472406752875E-003
   9.3333333333333321        3.3333333333333330        4.3421471631191226E-003
   9.3333333333333321        3.6666666666666665        5.9086192835702961E-003
   9.3333333333333321        4.0000000000000000        0.0000000000000000     
   9.3333333333333321        4.3333333333333330        1.0275733388189201E-003
   9.3333333333333321        4.6666666666666661        1.3232982923283834E-003
   9.3333333333333321        5.0000000000000000        1.0843718303489401E-002
   9.3333333333333321        5.3333333333333330        1.7132092112716452E-002
   9.3333333333333321        5.6666666666666661        1.3688603312652699E-002
   9.3333333333333321        6.0000000000000000        1.1283230904223679E-002
   9.3333333333333321        6.3333333333333330        1.1541701848809986E-002
   9.3333333333333321        6.6666666666666661        9.5009901982032671E-003
   9.3333333333333321        7.0000000000000000        7.1406655971859309E-003
   9.3333333333333321        7.3333333333333330        6.9180952536220018E-003
   9.3333333333333321        7.6666666666666661        6.6560136098900002E-003
   9.3333333333333321        8.0000000000000000        5.9675395896948962E-003
   9.3333333333333321        8.3333333333333321        9.4968114135219337E-004
   9.3333333333333321        8.6666666666666661        1.0882474906520909E-003
   9.3333333333333321        9.0000000000000000        1.5726442474076681E-003
   9.3333333333333321        9.3333333333333321        1.1310351867631881E-003
   9.3333333333333321        9.6666666666666661        3.7413286777077782E-004
   9.3333333333333321        10.000000000000000        0.0000000000000000     
 
   9.6666666666666661        0.0000000000000000        0.0000000000000000     
   9.6666666666666661       0.33333333333333331        1.2609162960908985E-003
   9.6666666666666661       0.66666666666666663        2.5364095637750894E-003
   9.6666666666666661        1.0000000000000000        3.6636233120211806E-003
   9.6666666666666661        1.3333333333333333        4.3067758749384000E-003
   9.6666666666666661        1.6666666666666665        4.9479075158724226E-003
   9.6666666666666661        2.0000000000000000        1.8935893743412566E-003
   9.6666666666666661        2.3333333333333330        9.4848608092798709E-004
   9.6666666666666661        2.6666666666666665        8.6515959779102296E-004
   9.6666666666666661        3.0000000000000000        1.2485552296724785E-003
   9.6666666666666661        3.3333333333333330        2.0110492587099354E-003
   9.6666666666666661        3.6666666666666665        2.5851171160922106E-003
   9.6666666666666661        4.0000000000000000        3.8094207805331517E-004
   9.6666666666666661        4.3333333333333330        7.7867222164875003E-004
   9.6666666666666661        4.6666666666666661        1.7390486894458014E-003
   9.6666666666666661        5.0000000000000000        4.9206613266179408E-003
   9.6666666666666661        5.3333333333333330        7.2705100094615045E-003
   9.6666666666666661        5.6666666666666661        2.2645527074680229E-003
   9.6666666666666661        6.0000000000000000        4.6223708364794523E-003
   9.6666666666666661        6.3333333333333330        5.1242655422807180E-003
   9.6666666666666661        6.6666666666666661        4.5372681841323263E-003
   9.6666666666666661        7.0000000000000000        3.7212084616095593E-003
   9.6666666666666661        7.3333333333333330        3.3881701147801435E-003
   9.6666666666666661        7.6666666666666661        3.0897901805847037E-003
   9.6666666666666661        8.0000000000000000        2.4824296061722309E-003
   9.6666666666666661        8.3333333333333321        1.0128748686364585E-003
   9.6666666666666661        8.6666666666666661        6.8231718993208036E-004
   9.6666666666666661        9.0000000000000000        6.7559614182899884E-004
   9.6666666666666661        9.3333333333333321        4.9585593501890097E-004
   9.6666666666666661        9.6666666666666661        2.1346031405040957E-004
   9.6666666666666661        10.000000000000000        0.0000000000000000     
 
   10.000000000000000        0.0000000000000000        0.0000000000000000     
   10.000000000000000       0.33333333333333331        0.0000000000000000     
   10.000000000000000       0.66666666666666663        0.0000000000000000     
   10.000000000000000        1.0000000000000000        0.0000000000000000     
   10.000000000000000        1.3333333333333333        0.0000000000000000     
   10.000000000000000        1.6666666666666665        0.0000000000000000     
   10.000000000000000        2.0000000000000000        0.0000000000000000     
   10.000000000000000        2.3333333333333330        0.0000000000000000     
   10.000000000000000        2.6666666666666665        0.0000000000000000     
   10.000000000000000        3.0000000000000000        0.0000000000000000     
   10.000000000000000        3.3333333333333330        0.0000000000000000     
   10.000000000000000        3.6666666666666665        0.0000000000000000     
   10.000000000000000        4.0000000000000000        0.0000000000000000     
   10.000000000000000        4.3333333333333330        0.0000000000000000     
   10.000000000000000        4.6666666666666661        0.0000000000000000     
   10.000000000000000        5.0000000000000000        0.0000000000000000     
   10.000000000000000        5.3333333333333330        0.0000000000000000     
   10.000000000000000        5.6666666666666661        0.0000000000000000     
   10.000000000000000        6.0000000000000000        0.0000000000000000     
   10.000000000000000        6.3333333333333330        0.0000000000000000     
   10.000000000000000        6.6666666666666661        0.0000000000000000     
   10.000000000000000        7.0000000000000000        0.0000000000000000     
   10.000000000000000        7.3333333333333330        0.0000000000000000     
   10.000000000000000        7.6666666666666661        0.0000000000000000     
   10.000000000000000        8.0000000000000000        0.0000000000000000     
   10.000000000000000        8.3333333333333321        0.0000000000000000     
   10.000000000000000        8.6666666666666661        0.0000000000000000     
   10.000000000000000        9.0000000000000000        0.0000000000000000     
   10.000000000000000        9.3333333333333321        0.0000000000000000     
   10.000000000000000        9.6666666666666661        0.0000000000000000     
   10.000000000000000        10.000000000000000        0.0000000000000000     
 
