   0.0000000000000000        0.0000000000000000        0.0000000000000000     
   0.0000000000000000       0.33333333333333331        0.0000000000000000     
   0.0000000000000000       0.66666666666666663        0.0000000000000000     
   0.0000000000000000        1.0000000000000000        0.0000000000000000     
   0.0000000000000000        1.3333333333333333        0.0000000000000000     
   0.0000000000000000        1.6666666666666665        0.0000000000000000     
   0.0000000000000000        2.0000000000000000        0.0000000000000000     
   0.0000000000000000        2.3333333333333330        0.0000000000000000     
   0.0000000000000000        2.6666666666666665        0.0000000000000000     
   0.0000000000000000        3.0000000000000000        0.0000000000000000     
   0.0000000000000000        3.3333333333333330        0.0000000000000000     
   0.0000000000000000        3.6666666666666665        0.0000000000000000     
   0.0000000000000000        4.0000000000000000        0.0000000000000000     
   0.0000000000000000        4.3333333333333330        0.0000000000000000     
   0.0000000000000000        4.6666666666666661        0.0000000000000000     
   0.0000000000000000        5.0000000000000000        0.0000000000000000     
   0.0000000000000000        5.3333333333333330        0.0000000000000000     
   0.0000000000000000        5.6666666666666661        0.0000000000000000     
   0.0000000000000000        6.0000000000000000        0.0000000000000000     
   0.0000000000000000        6.3333333333333330        0.0000000000000000     
   0.0000000000000000        6.6666666666666661        0.0000000000000000     
   0.0000000000000000        7.0000000000000000        0.0000000000000000     
   0.0000000000000000        7.3333333333333330        0.0000000000000000     
   0.0000000000000000        7.6666666666666661        0.0000000000000000     
   0.0000000000000000        8.0000000000000000        0.0000000000000000     
   0.0000000000000000        8.3333333333333321        0.0000000000000000     
   0.0000000000000000        8.6666666666666661        0.0000000000000000     
   0.0000000000000000        9.0000000000000000        0.0000000000000000     
   0.0000000000000000        9.3333333333333321        0.0000000000000000     
   0.0000000000000000        9.6666666666666661        0.0000000000000000     
   0.0000000000000000        10.000000000000000        0.0000000000000000     
 
  0.33333333333333331        0.0000000000000000        0.0000000000000000     
  0.33333333333333331       0.33333333333333331        2.4964014879358902E-004
  0.33333333333333331       0.66666666666666663        4.2748151451468634E-004
  0.33333333333333331        1.0000000000000000        4.6956932155981792E-004
  0.33333333333333331        1.3333333333333333        1.0073431908848862E-003
  0.33333333333333331        1.6666666666666665        1.4834644730669429E-003
  0.33333333333333331        2.0000000000000000        2.2358062326981037E-003
  0.33333333333333331        2.3333333333333330        2.7303006872598902E-003
  0.33333333333333331        2.6666666666666665        2.3970887061939348E-003
  0.33333333333333331        3.0000000000000000        4.5742601235176901E-003
  0.33333333333333331        3.3333333333333330        5.0241173472593088E-003
  0.33333333333333331        3.6666666666666665        4.9280245902697068E-003
  0.33333333333333331        4.0000000000000000        4.9987735475975990E-003
  0.33333333333333331        4.3333333333333330        4.9592717300693864E-003
  0.33333333333333331        4.6666666666666661        3.1137395882696716E-003
  0.33333333333333331        5.0000000000000000        4.4994740059617344E-003
  0.33333333333333331        5.3333333333333330        1.0526226004666720E-002
  0.33333333333333331        5.6666666666666661        1.2545447491344831E-002
  0.33333333333333331        6.0000000000000000        1.3610400515336610E-002
  0.33333333333333331        6.3333333333333330        1.3888417638506314E-002
  0.33333333333333331        6.6666666666666661        9.5860468552086478E-003
  0.33333333333333331        7.0000000000000000        1.5049679966655741E-002
  0.33333333333333331        7.3333333333333330        7.3016315435049869E-003
  0.33333333333333331        7.6666666666666661        7.0044056734364663E-003
  0.33333333333333331        8.0000000000000000        5.6551390169470687E-003
  0.33333333333333331        8.3333333333333321        4.0599854255972227E-003
  0.33333333333333331        8.6666666666666661        3.2924020056521765E-003
  0.33333333333333331        9.0000000000000000        2.4821859804130190E-003
  0.33333333333333331        9.3333333333333321        1.4056384332115004E-003
  0.33333333333333331        9.6666666666666661        6.2117732837385208E-004
  0.33333333333333331        10.000000000000000        0.0000000000000000     
 
  0.66666666666666663        0.0000000000000000        0.0000000000000000     
  0.66666666666666663       0.33333333333333331        5.8381426109445215E-004
  0.66666666666666663       0.66666666666666663        1.0129488119207388E-003
  0.66666666666666663        1.0000000000000000        2.4329372370151224E-003
  0.66666666666666663        1.3333333333333333        2.1320774006735508E-003
  0.66666666666666663        1.6666666666666665        2.7709081262281710E-003
  0.66666666666666663        2.0000000000000000        4.8452050944374925E-003
  0.66666666666666663        2.3333333333333330        6.4233454162741250E-003
  0.66666666666666663        2.6666666666666665        1.2959593031186741E-002
  0.66666666666666663        3.0000000000000000        1.1077836269409736E-002
  0.66666666666666663        3.3333333333333330        1.0811506377113823E-002
  0.66666666666666663        3.6666666666666665        9.9038847933438420E-003
  0.66666666666666663        4.0000000000000000        1.0323161088650428E-002
  0.66666666666666663        4.3333333333333330        1.1930126953435332E-002
  0.66666666666666663        4.6666666666666661        0.0000000000000000     
  0.66666666666666663        5.0000000000000000        2.8039495125377564E-002
  0.66666666666666663        5.3333333333333330        2.5358231241331387E-002
  0.66666666666666663        5.6666666666666661        2.6361274484326559E-002
  0.66666666666666663        6.0000000000000000        2.8306700359440877E-002
  0.66666666666666663        6.3333333333333330        3.2624687149607569E-002
  0.66666666666666663        6.6666666666666661        5.3560224833170078E-002
  0.66666666666666663        7.0000000000000000        4.3563667017429766E-002
  0.66666666666666663        7.3333333333333330        1.4820238831494826E-002
  0.66666666666666663        7.6666666666666661        1.5240396084332600E-002
  0.66666666666666663        8.0000000000000000        1.1722382975464006E-002
  0.66666666666666663        8.3333333333333321        7.4288109746676323E-003
  0.66666666666666663        8.6666666666666661        6.7512921589753779E-003
  0.66666666666666663        9.0000000000000000        5.3301495134421058E-003
  0.66666666666666663        9.3333333333333321        2.5782066051458705E-003
  0.66666666666666663        9.6666666666666661        1.1059385155530771E-003
  0.66666666666666663        10.000000000000000        0.0000000000000000     
 
   1.0000000000000000        0.0000000000000000        0.0000000000000000     
   1.0000000000000000       0.33333333333333331        1.1011140502480408E-003
   1.0000000000000000       0.66666666666666663        2.0772121616647963E-003
   1.0000000000000000        1.0000000000000000        2.8626346479140616E-003
   1.0000000000000000        1.3333333333333333        2.4329372370151224E-003
   1.0000000000000000        1.6666666666666665        8.1464957427575761E-003
   1.0000000000000000        2.0000000000000000        8.1963288902693731E-003
   1.0000000000000000        2.3333333333333330        1.2002708836278851E-002
   1.0000000000000000        2.6666666666666665        1.5409766481081799E-002
   1.0000000000000000        3.0000000000000000        1.6437417916715356E-002
   1.0000000000000000        3.3333333333333330        1.7685961132336777E-002
   1.0000000000000000        3.6666666666666665        1.3971902588213939E-002
   1.0000000000000000        4.0000000000000000        1.4893635881507697E-002
   1.0000000000000000        4.3333333333333330        2.0989436089371968E-002
   1.0000000000000000        4.6666666666666661        3.0546905933026315E-002
   1.0000000000000000        5.0000000000000000        3.1603733266877987E-002
   1.0000000000000000        5.3333333333333330        3.7220068648069954E-002
   1.0000000000000000        5.6666666666666661        3.9876639364753490E-002
   1.0000000000000000        6.0000000000000000        4.1215302002331422E-002
   1.0000000000000000        6.3333333333333330        5.6242106782002185E-002
   1.0000000000000000        6.6666666666666661        6.4351854876635320E-002
   1.0000000000000000        7.0000000000000000        6.2731687806844613E-002
   1.0000000000000000        7.3333333333333330        4.9847337175204426E-002
   1.0000000000000000        7.6666666666666661        2.7802428219311792E-002
   1.0000000000000000        8.0000000000000000        1.8902230563949601E-002
   1.0000000000000000        8.3333333333333321        1.3850231020191971E-002
   1.0000000000000000        8.6666666666666661        1.1206902302166994E-002
   1.0000000000000000        9.0000000000000000        9.7190776438958321E-003
   1.0000000000000000        9.3333333333333321        1.2163141678388108E-003
   1.0000000000000000        9.6666666666666661        1.2716700001358459E-003
   1.0000000000000000        10.000000000000000        0.0000000000000000     
 
   1.3333333333333333        0.0000000000000000        0.0000000000000000     
   1.3333333333333333       0.33333333333333331        1.7941611396209245E-003
   1.3333333333333333       0.66666666666666663        3.4293264519504288E-003
   1.3333333333333333        1.0000000000000000        4.6470760881262840E-003
   1.3333333333333333        1.3333333333333333        9.3351647482806770E-003
   1.3333333333333333        1.6666666666666665        8.5220060909139313E-003
   1.3333333333333333        2.0000000000000000        1.9541204592492034E-002
   1.3333333333333333        2.3333333333333330        1.8518122974917381E-002
   1.3333333333333333        2.6666666666666665        2.0888035630736549E-002
   1.3333333333333333        3.0000000000000000        2.2230885396929769E-002
   1.3333333333333333        3.3333333333333330        3.0183282269470656E-002
   1.3333333333333333        3.6666666666666665        5.4951784983379451E-002
   1.3333333333333333        4.0000000000000000        4.2115986916294597E-002
   1.3333333333333333        4.3333333333333330        3.6930747868316315E-002
   1.3333333333333333        4.6666666666666661        6.0887845333571999E-002
   1.3333333333333333        5.0000000000000000        5.7277558613147782E-002
   1.3333333333333333        5.3333333333333330        5.3024452835769280E-002
   1.3333333333333333        5.6666666666666661        5.5610186530185374E-002
   1.3333333333333333        6.0000000000000000        9.7051301833336406E-002
   1.3333333333333333        6.3333333333333330        8.7550837182417490E-002
   1.3333333333333333        6.6666666666666661        8.5707230192266656E-002
   1.3333333333333333        7.0000000000000000        8.1097194436120346E-002
   1.3333333333333333        7.3333333333333330        7.2673506103359223E-002
   1.3333333333333333        7.6666666666666661        1.7062706882720751E-002
   1.3333333333333333        8.0000000000000000        1.7704493214410387E-002
   1.3333333333333333        8.3333333333333321        1.7003944905004727E-002
   1.3333333333333333        8.6666666666666661        1.4925090654920110E-002
   1.3333333333333333        9.0000000000000000        1.2991082273617527E-002
   1.3333333333333333        9.3333333333333321        6.0485795061005253E-003
   1.3333333333333333        9.6666666666666661        2.8175849818428971E-003
   1.3333333333333333        10.000000000000000        0.0000000000000000     
 
   1.6666666666666665        0.0000000000000000        0.0000000000000000     
   1.6666666666666665       0.33333333333333331        2.7221550362319098E-003
   1.6666666666666665       0.66666666666666663        5.3450806240308438E-003
   1.6666666666666665        1.0000000000000000        7.8497971823232471E-003
   1.6666666666666665        1.3333333333333333        1.0590098954940678E-002
   1.6666666666666665        1.6666666666666665        2.2221482700962844E-002
   1.6666666666666665        2.0000000000000000        2.1386479145280718E-002
   1.6666666666666665        2.3333333333333330        2.2410387221512010E-002
   1.6666666666666665        2.6666666666666665        2.8207906802771795E-002
   1.6666666666666665        3.0000000000000000        5.4590196208439599E-002
   1.6666666666666665        3.3333333333333330        5.1580287095194723E-002
   1.6666666666666665        3.6666666666666665        5.6510144529546086E-002
   1.6666666666666665        4.0000000000000000        4.8692997382500866E-002
   1.6666666666666665        4.3333333333333330        4.8925807931821844E-002
   1.6666666666666665        4.6666666666666661        6.2629390588101061E-002
   1.6666666666666665        5.0000000000000000        6.2983613097944910E-002
   1.6666666666666665        5.3333333333333330        6.3238973537250012E-002
   1.6666666666666665        5.6666666666666661        7.5049705961903052E-002
   1.6666666666666665        6.0000000000000000       0.10741047485613414     
   1.6666666666666665        6.3333333333333330       0.11202076929668722     
   1.6666666666666665        6.6666666666666661       0.11065797468858640     
   1.6666666666666665        7.0000000000000000       0.10412674607374738     
   1.6666666666666665        7.3333333333333330        8.7958628791295554E-002
   1.6666666666666665        7.6666666666666661        1.6227379456002250E-002
   1.6666666666666665        8.0000000000000000        1.8459350717321070E-002
   1.6666666666666665        8.3333333333333321        2.2112997044244392E-002
   1.6666666666666665        8.6666666666666661        1.9015380553173655E-002
   1.6666666666666665        9.0000000000000000        1.4795270474970370E-002
   1.6666666666666665        9.3333333333333321        9.5034185914387309E-003
   1.6666666666666665        9.6666666666666661        4.0576856406251919E-003
   1.6666666666666665        10.000000000000000        0.0000000000000000     
 
   2.0000000000000000        0.0000000000000000        0.0000000000000000     
   2.0000000000000000       0.33333333333333331        3.8538028076599631E-003
   2.0000000000000000       0.66666666666666663        7.5857366891928478E-003
   2.0000000000000000        1.0000000000000000        1.1126662112203641E-002
   2.0000000000000000        1.3333333333333333        1.5020913702024057E-002
   2.0000000000000000        1.6666666666666665        2.3887333965928931E-002
   2.0000000000000000        2.0000000000000000        2.2221482700962844E-002
   2.0000000000000000        2.3333333333333330        4.1010041191415825E-002
   2.0000000000000000        2.6666666666666665        4.2320071773508453E-002
   2.0000000000000000        3.0000000000000000        5.8990296171427217E-002
   2.0000000000000000        3.3333333333333330        6.6357953399712538E-002
   2.0000000000000000        3.6666666666666665        7.2285173450061690E-002
   2.0000000000000000        4.0000000000000000       0.11236734405923862     
   2.0000000000000000        4.3333333333333330       0.10672403299115811     
   2.0000000000000000        4.6666666666666661        7.9350143185838745E-002
   2.0000000000000000        5.0000000000000000        7.0337798207377553E-002
   2.0000000000000000        5.3333333333333330        0.0000000000000000     
   2.0000000000000000        5.6666666666666661       0.18844884714794141     
   2.0000000000000000        6.0000000000000000       0.14626595770376610     
   2.0000000000000000        6.3333333333333330       0.14313130782423653     
   2.0000000000000000        6.6666666666666661       0.14144627530713100     
   2.0000000000000000        7.0000000000000000       0.13752376512141651     
   2.0000000000000000        7.3333333333333330        1.3952151919669366E-002
   2.0000000000000000        7.6666666666666661        1.4715002483967113E-002
   2.0000000000000000        8.0000000000000000        5.1271427648054167E-002
   2.0000000000000000        8.3333333333333321        3.4612545199800719E-002
   2.0000000000000000        8.6666666666666661        2.4806807910223560E-002
   2.0000000000000000        9.0000000000000000        1.8157435488880335E-002
   2.0000000000000000        9.3333333333333321        1.3440523046300945E-002
   2.0000000000000000        9.6666666666666661        2.7325904125529445E-003
   2.0000000000000000        10.000000000000000        0.0000000000000000     
 
   2.3333333333333330        0.0000000000000000        0.0000000000000000     
   2.3333333333333330       0.33333333333333331        5.2383958980981192E-003
   2.3333333333333330       0.66666666666666663        1.0276127933226804E-002
   2.3333333333333330        1.0000000000000000        1.4435431401676252E-002
   2.3333333333333330        1.3333333333333333        3.6181053960726496E-002
   2.3333333333333330        1.6666666666666665        3.6867249299164635E-002
   2.3333333333333330        2.0000000000000000        6.8288936076540116E-002
   2.3333333333333330        2.3333333333333330        8.0963656357570260E-002
   2.3333333333333330        2.6666666666666665        8.0626819257989063E-002
   2.3333333333333330        3.0000000000000000        7.4068905715352060E-002
   2.3333333333333330        3.3333333333333330        8.3971382962250457E-002
   2.3333333333333330        3.6666666666666665        9.5425080641069429E-002
   2.3333333333333330        4.0000000000000000       0.11398341331217600     
   2.3333333333333330        4.3333333333333330       0.13559682184516014     
   2.3333333333333330        4.6666666666666661       0.21969310177397935     
   2.3333333333333330        5.0000000000000000       0.24686328775655189     
   2.3333333333333330        5.3333333333333330       0.24590988939681666     
   2.3333333333333330        5.6666666666666661       0.23002364362035060     
   2.3333333333333330        6.0000000000000000       0.20109795412369710     
   2.3333333333333330        6.3333333333333330       0.17306781126676896     
   2.3333333333333330        6.6666666666666661       0.17475767373698411     
   2.3333333333333330        7.0000000000000000       0.16735606432070949     
   2.3333333333333330        7.3333333333333330       0.18432270527783215     
   2.3333333333333330        7.6666666666666661       0.11436901864308661     
   2.3333333333333330        8.0000000000000000        6.8646998137998211E-002
   2.3333333333333330        8.3333333333333321        4.0953677277545897E-002
   2.3333333333333330        8.6666666666666661        2.8078663714591941E-002
   2.3333333333333330        9.0000000000000000        2.0130680174076373E-002
   2.3333333333333330        9.3333333333333321        1.3097807626966851E-002
   2.3333333333333330        9.6666666666666661        5.5586406884068724E-003
   2.3333333333333330        10.000000000000000        0.0000000000000000     
 
   2.6666666666666665        0.0000000000000000        0.0000000000000000     
   2.6666666666666665       0.33333333333333331        6.9787915630369407E-003
   2.6666666666666665       0.66666666666666663        1.4145180109726256E-002
   2.6666666666666665        1.0000000000000000        2.2317973422914604E-002
   2.6666666666666665        1.3333333333333333        3.6371500903532958E-002
   2.6666666666666665        1.6666666666666665        5.1422694508366999E-002
   2.6666666666666665        2.0000000000000000        6.9478013290754620E-002
   2.6666666666666665        2.3333333333333330        8.2207275063833907E-002
   2.6666666666666665        2.6666666666666665        8.8498265425763986E-002
   2.6666666666666665        3.0000000000000000       0.10853557421302722     
   2.6666666666666665        3.3333333333333330       0.10138242603504299     
   2.6666666666666665        3.6666666666666665       0.11280097600452572     
   2.6666666666666665        4.0000000000000000       0.18658736278060004     
   2.6666666666666665        4.3333333333333330       0.18727505280288406     
   2.6666666666666665        4.6666666666666661       0.21956070396907432     
   2.6666666666666665        5.0000000000000000       0.24563842019462995     
   2.6666666666666665        5.3333333333333330       0.25991908187502150     
   2.6666666666666665        5.6666666666666661       0.25415035899437199     
   2.6666666666666665        6.0000000000000000       0.22836301661916208     
   2.6666666666666665        6.3333333333333330       0.24438850171137003     
   2.6666666666666665        6.6666666666666661       0.21682581440501575     
   2.6666666666666665        7.0000000000000000       0.18966645005118171     
   2.6666666666666665        7.3333333333333330       0.18425395788207904     
   2.6666666666666665        7.6666666666666661       0.16050304614071095     
   2.6666666666666665        8.0000000000000000        3.2340823363165974E-002
   2.6666666666666665        8.3333333333333321        3.3201620528229531E-002
   2.6666666666666665        8.6666666666666661        2.7107595750763248E-002
   2.6666666666666665        9.0000000000000000        2.1767851109045118E-002
   2.6666666666666665        9.3333333333333321        1.3674334049260816E-002
   2.6666666666666665        9.6666666666666661        6.5854581999995210E-003
   2.6666666666666665        10.000000000000000        0.0000000000000000     
 
   3.0000000000000000        0.0000000000000000        0.0000000000000000     
   3.0000000000000000       0.33333333333333331        8.7122607612580179E-003
   3.0000000000000000       0.66666666666666663        1.7363781713407689E-002
   3.0000000000000000        1.0000000000000000        2.4854662093995034E-002
   3.0000000000000000        1.3333333333333333        5.8984387562887215E-002
   3.0000000000000000        1.6666666666666665        6.3927519541407851E-002
   3.0000000000000000        2.0000000000000000        7.7079565253405341E-002
   3.0000000000000000        2.3333333333333330        9.1016691821576706E-002
   3.0000000000000000        2.6666666666666665       0.10379316664347740     
   3.0000000000000000        3.0000000000000000       0.11669060241276875     
   3.0000000000000000        3.3333333333333330       0.15042209182532373     
   3.0000000000000000        3.6666666666666665       0.14260038731248906     
   3.0000000000000000        4.0000000000000000       0.20749770255742336     
   3.0000000000000000        4.3333333333333330       0.20780654476865551     
   3.0000000000000000        4.6666666666666661       0.22527912376720208     
   3.0000000000000000        5.0000000000000000       0.25481284347302469     
   3.0000000000000000        5.3333333333333330       0.29166964738772810     
   3.0000000000000000        5.6666666666666661       0.29597189907427807     
   3.0000000000000000        6.0000000000000000       0.30438246348313347     
   3.0000000000000000        6.3333333333333330       0.26966810150235287     
   3.0000000000000000        6.6666666666666661       0.25703439711924120     
   3.0000000000000000        7.0000000000000000       0.22260150132550061     
   3.0000000000000000        7.3333333333333330       0.20223594006457993     
   3.0000000000000000        7.6666666666666661       0.18290416135327925     
   3.0000000000000000        8.0000000000000000       0.15475451806988014     
   3.0000000000000000        8.3333333333333321        2.5272188514877322E-002
   3.0000000000000000        8.6666666666666661        2.6124929406478106E-002
   3.0000000000000000        9.0000000000000000        2.6794810449272101E-002
   3.0000000000000000        9.3333333333333321        1.3414170005054328E-002
   3.0000000000000000        9.6666666666666661        7.3162442622172318E-003
   3.0000000000000000        10.000000000000000        0.0000000000000000     
 
   3.3333333333333330        0.0000000000000000        0.0000000000000000     
   3.3333333333333330       0.33333333333333331        1.0706393047657598E-002
   3.3333333333333330       0.66666666666666663        2.2127734541470507E-002
   3.3333333333333330        1.0000000000000000        3.5408162628156950E-002
   3.3333333333333330        1.3333333333333333        5.4971117811586083E-002
   3.3333333333333330        1.6666666666666665        6.9178460811294487E-002
   3.3333333333333330        2.0000000000000000        8.4872732797151809E-002
   3.3333333333333330        2.3333333333333330       0.10192318756701962     
   3.3333333333333330        2.6666666666666665       0.11980880075869257     
   3.3333333333333330        3.0000000000000000       0.13846022581500425     
   3.3333333333333330        3.3333333333333330       0.15843788244377521     
   3.3333333333333330        3.6666666666666665       0.16496170600599938     
   3.3333333333333330        4.0000000000000000       0.20930504508270650     
   3.3333333333333330        4.3333333333333330       0.21124098596178625     
   3.3333333333333330        4.6666666666666661       0.21838592948604277     
   3.3333333333333330        5.0000000000000000       0.38265896958498430     
   3.3333333333333330        5.3333333333333330       0.35225153431630996     
   3.3333333333333330        5.6666666666666661       0.33806423522873696     
   3.3333333333333330        6.0000000000000000       0.33451905146941835     
   3.3333333333333330        6.3333333333333330       0.31100709513987490     
   3.3333333333333330        6.6666666666666661       0.28183911366300174     
   3.3333333333333330        7.0000000000000000       0.24164954076391729     
   3.3333333333333330        7.3333333333333330       0.21845321349129485     
   3.3333333333333330        7.6666666666666661       0.18571689019908799     
   3.3333333333333330        8.0000000000000000       0.15554460766668041     
   3.3333333333333330        8.3333333333333321        9.0493509767680669E-002
   3.3333333333333330        8.6666666666666661        4.5803597137624184E-002
   3.3333333333333330        9.0000000000000000        3.3241650833076709E-002
   3.3333333333333330        9.3333333333333321        1.9872000921550694E-002
   3.3333333333333330        9.6666666666666661        9.4716924262339859E-003
   3.3333333333333330        10.000000000000000        0.0000000000000000     
 
   3.6666666666666665        0.0000000000000000        0.0000000000000000     
   3.6666666666666665       0.33333333333333331        1.2205252751709852E-002
   3.6666666666666665       0.66666666666666663        2.5460934991908681E-002
   3.6666666666666665        1.0000000000000000        4.0297110470886618E-002
   3.6666666666666665        1.3333333333333333        5.7131361970694058E-002
   3.6666666666666665        1.6666666666666665        7.3812280064544628E-002
   3.6666666666666665        2.0000000000000000        9.2137050874148085E-002
   3.6666666666666665        2.3333333333333330       0.11268406901008030     
   3.6666666666666665        2.6666666666666665       0.13552459203886388     
   3.6666666666666665        3.0000000000000000       0.15909269650585045     
   3.6666666666666665        3.3333333333333330       0.17979021020304484     
   3.6666666666666665        3.6666666666666665       0.19367388660534920     
   3.6666666666666665        4.0000000000000000       0.20703736032351175     
   3.6666666666666665        4.3333333333333330       0.20930504508270650     
   3.6666666666666665        4.6666666666666661       0.43272889360838729     
   3.6666666666666665        5.0000000000000000       0.40488500132272426     
   3.6666666666666665        5.3333333333333330       0.38991790817128325     
   3.6666666666666665        5.6666666666666661       0.36349408189799182     
   3.6666666666666665        6.0000000000000000       0.35521054247975403     
   3.6666666666666665        6.3333333333333330       0.33525102507343812     
   3.6666666666666665        6.6666666666666661       0.31395335251026946     
   3.6666666666666665        7.0000000000000000       0.26542173334418090     
   3.6666666666666665        7.3333333333333330       0.24297182458229272     
   3.6666666666666665        7.6666666666666661       0.12558961269020930     
   3.6666666666666665        8.0000000000000000       0.12672053408249381     
   3.6666666666666665        8.3333333333333321        9.1792028809604742E-002
   3.6666666666666665        8.6666666666666661        5.9286693194826288E-002
   3.6666666666666665        9.0000000000000000        4.1254461823180578E-002
   3.6666666666666665        9.3333333333333321        2.3844561184182721E-002
   3.6666666666666665        9.6666666666666661        1.0940647969176777E-002
   3.6666666666666665        10.000000000000000        0.0000000000000000     
 
   4.0000000000000000        0.0000000000000000        0.0000000000000000     
   4.0000000000000000       0.33333333333333331        1.2886274421150241E-002
   4.0000000000000000       0.66666666666666663        2.7668658459004826E-002
   4.0000000000000000        1.0000000000000000        4.3832758438749529E-002
   4.0000000000000000        1.3333333333333333        6.0219077673788292E-002
   4.0000000000000000        1.6666666666666665        7.7588442946761968E-002
   4.0000000000000000        2.0000000000000000        9.7850081130960984E-002
   4.0000000000000000        2.3333333333333330       0.12157220917006990     
   4.0000000000000000        2.6666666666666665       0.15054746572569810     
   4.0000000000000000        3.0000000000000000       0.18217787259601545     
   4.0000000000000000        3.3333333333333330       0.20716774563673473     
   4.0000000000000000        3.6666666666666665       0.22200786808371453     
   4.0000000000000000        4.0000000000000000       0.21518122127711145     
   4.0000000000000000        4.3333333333333330       0.45499028929823826     
   4.0000000000000000        4.6666666666666661       0.44975187550289097     
   4.0000000000000000        5.0000000000000000       0.44865074688772877     
   4.0000000000000000        5.3333333333333330       0.43040030916688155     
   4.0000000000000000        5.6666666666666661       0.40629109498337174     
   4.0000000000000000        6.0000000000000000       0.38063044092339604     
   4.0000000000000000        6.3333333333333330       0.35478424778976930     
   4.0000000000000000        6.6666666666666661       0.31967567204619290     
   4.0000000000000000        7.0000000000000000       0.28487040205854541     
   4.0000000000000000        7.3333333333333330       0.20391272218287179     
   4.0000000000000000        7.6666666666666661       0.14707677798104932     
   4.0000000000000000        8.0000000000000000       0.13487639296455567     
   4.0000000000000000        8.3333333333333321        9.9101710404257665E-002
   4.0000000000000000        8.6666666666666661        5.9089730112586454E-002
   4.0000000000000000        9.0000000000000000        4.9453428489450772E-002
   4.0000000000000000        9.3333333333333321        1.8997180935876538E-002
   4.0000000000000000        9.6666666666666661        1.0703885071437120E-002
   4.0000000000000000        10.000000000000000        0.0000000000000000     
 
   4.3333333333333330        0.0000000000000000        0.0000000000000000     
   4.3333333333333330       0.33333333333333331        1.1906567356765983E-002
   4.3333333333333330       0.66666666666666663        2.8967927402483173E-002
   4.3333333333333330        1.0000000000000000        4.7816273712368421E-002
   4.3333333333333330        1.3333333333333333        6.3090180771787963E-002
   4.3333333333333330        1.6666666666666665        7.9207831945116519E-002
   4.3333333333333330        2.0000000000000000       0.10065048095552934     
   4.3333333333333330        2.3333333333333330       0.12539223791682902     
   4.3333333333333330        2.6666666666666665       0.16248781876942620     
   4.3333333333333330        3.0000000000000000       0.21070859236940939     
   4.3333333333333330        3.3333333333333330       0.24289020296059174     
   4.3333333333333330        3.6666666666666665       0.26996525900771390     
   4.3333333333333330        4.0000000000000000       0.43564517300553246     
   4.3333333333333330        4.3333333333333330       0.44806113480301729     
   4.3333333333333330        4.6666666666666661       0.46157795152085934     
   4.3333333333333330        5.0000000000000000       0.45502771129162123     
   4.3333333333333330        5.3333333333333330       0.44176800500045205     
   4.3333333333333330        5.6666666666666661       0.42230810843339817     
   4.3333333333333330        6.0000000000000000       0.39792138498146901     
   4.3333333333333330        6.3333333333333330       0.37652219416036270     
   4.3333333333333330        6.6666666666666661       0.30553968572237389     
   4.3333333333333330        7.0000000000000000       0.26554096346459555     
   4.3333333333333330        7.3333333333333330       0.20275148007233978     
   4.3333333333333330        7.6666666666666661       0.15967575830445871     
   4.3333333333333330        8.0000000000000000       0.13150433965246436     
   4.3333333333333330        8.3333333333333321       0.10008074181384638     
   4.3333333333333330        8.6666666666666661        6.9653401428620573E-002
   4.3333333333333330        9.0000000000000000        4.8884957515081026E-002
   4.3333333333333330        9.3333333333333321        2.7676753183683917E-002
   4.3333333333333330        9.6666666666666661        1.3108990199565134E-002
   4.3333333333333330        10.000000000000000        0.0000000000000000     
 
   4.6666666666666661        0.0000000000000000        0.0000000000000000     
   4.6666666666666661       0.33333333333333331        5.9862556101883636E-003
   4.6666666666666661       0.66666666666666663        5.5127589640352588E-002
   4.6666666666666661        1.0000000000000000        5.6102561562165532E-002
   4.6666666666666661        1.3333333333333333        6.5918248610903479E-002
   4.6666666666666661        1.6666666666666665        7.6247014948288921E-002
   4.6666666666666661        2.0000000000000000       0.11048569977840171     
   4.6666666666666661        2.3333333333333330       0.11695964916009723     
   4.6666666666666661        2.6666666666666665       0.25663970451184565     
   4.6666666666666661        3.0000000000000000       0.25309329408093334     
   4.6666666666666661        3.3333333333333330       0.28049331596633109     
   4.6666666666666661        3.6666666666666665       0.34081234209259048     
   4.6666666666666661        4.0000000000000000       0.41183133462338706     
   4.6666666666666661        4.3333333333333330       0.44161343641569750     
   4.6666666666666661        4.6666666666666661       0.45551364407547296     
   4.6666666666666661        5.0000000000000000       0.45587088860600111     
   4.6666666666666661        5.3333333333333330       0.44781123516289256     
   4.6666666666666661        5.6666666666666661       0.43274001604248247     
   4.6666666666666661        6.0000000000000000       0.40296804258216035     
   4.6666666666666661        6.3333333333333330       0.36866732932317708     
   4.6666666666666661        6.6666666666666661       0.34042222254285326     
   4.6666666666666661        7.0000000000000000       0.18096457026759474     
   4.6666666666666661        7.3333333333333330       0.18060461544397508     
   4.6666666666666661        7.6666666666666661       0.15732275182237374     
   4.6666666666666661        8.0000000000000000       0.13190136476498779     
   4.6666666666666661        8.3333333333333321       0.10088451768395577     
   4.6666666666666661        8.6666666666666661        7.1434857222219261E-002
   4.6666666666666661        9.0000000000000000        4.9531462081816087E-002
   4.6666666666666661        9.3333333333333321        3.0218559483327908E-002
   4.6666666666666661        9.6666666666666661        1.4314398187149677E-002
   4.6666666666666661        10.000000000000000        0.0000000000000000     
 
   5.0000000000000000        0.0000000000000000        0.0000000000000000     
   5.0000000000000000       0.33333333333333331        6.1658196469047098E-003
   5.0000000000000000       0.66666666666666663        4.6720025432977957E-002
   5.0000000000000000        1.0000000000000000        5.6427624603018506E-002
   5.0000000000000000        1.3333333333333333        6.9105156245420948E-002
   5.0000000000000000        1.6666666666666665        8.4458466681430144E-002
   5.0000000000000000        2.0000000000000000       0.10461792895980754     
   5.0000000000000000        2.3333333333333330       0.11543921556939236     
   5.0000000000000000        2.6666666666666665       0.26462867171193433     
   5.0000000000000000        3.0000000000000000       0.26101580486057052     
   5.0000000000000000        3.3333333333333330       0.40350985642570797     
   5.0000000000000000        3.6666666666666665       0.39377216839612372     
   5.0000000000000000        4.0000000000000000       0.41896570871683858     
   5.0000000000000000        4.3333333333333330       0.43941868825109681     
   5.0000000000000000        4.6666666666666661       0.45070111470579555     
   5.0000000000000000        5.0000000000000000       0.45283891145168709     
   5.0000000000000000        5.3333333333333330       0.44899861958404769     
   5.0000000000000000        5.6666666666666661       0.44678241915487604     
   5.0000000000000000        6.0000000000000000       0.34904497618967595     
   5.0000000000000000        6.3333333333333330       0.34683797260749255     
   5.0000000000000000        6.6666666666666661       0.27535593126387703     
   5.0000000000000000        7.0000000000000000       0.20078511155536446     
   5.0000000000000000        7.3333333333333330       0.18086609834160750     
   5.0000000000000000        7.6666666666666661       0.15712595652021757     
   5.0000000000000000        8.0000000000000000       0.13835373233832535     
   5.0000000000000000        8.3333333333333321        7.7489722899861516E-002
   5.0000000000000000        8.6666666666666661        6.6535219887334546E-002
   5.0000000000000000        9.0000000000000000        4.8349901309580536E-002
   5.0000000000000000        9.3333333333333321        2.9888033023698378E-002
   5.0000000000000000        9.6666666666666661        1.4206118654383978E-002
   5.0000000000000000        10.000000000000000        0.0000000000000000     
 
   5.3333333333333330        0.0000000000000000        0.0000000000000000     
   5.3333333333333330       0.33333333333333331        1.2627402148488428E-002
   5.3333333333333330       0.66666666666666663        3.7787428354472637E-002
   5.3333333333333330        1.0000000000000000        5.4633913194290971E-002
   5.3333333333333330        1.3333333333333333        7.0480637348338315E-002
   5.3333333333333330        1.6666666666666665        8.8670770785610503E-002
   5.3333333333333330        2.0000000000000000       0.10873696841239462     
   5.3333333333333330        2.3333333333333330       0.12522882422089157     
   5.3333333333333330        2.6666666666666665       0.23862346399697534     
   5.3333333333333330        3.0000000000000000       0.26171709891992812     
   5.3333333333333330        3.3333333333333330       0.38893127902672603     
   5.3333333333333330        3.6666666666666665       0.40249420517689577     
   5.3333333333333330        4.0000000000000000       0.42039387503739484     
   5.3333333333333330        4.3333333333333330       0.43498699439338723     
   5.3333333333333330        4.6666666666666661       0.44306277015109535     
   5.3333333333333330        5.0000000000000000       0.44368591183491801     
   5.3333333333333330        5.3333333333333330       0.43663796034625124     
   5.3333333333333330        5.6666666666666661       0.36099431700181306     
   5.3333333333333330        6.0000000000000000       0.34424249141261976     
   5.3333333333333330        6.3333333333333330       0.31586443558280286     
   5.3333333333333330        6.6666666666666661       0.27151467519628586     
   5.3333333333333330        7.0000000000000000       0.21952164814688327     
   5.3333333333333330        7.3333333333333330       0.18437304313004010     
   5.3333333333333330        7.6666666666666661       0.15197807647802730     
   5.3333333333333330        8.0000000000000000       0.12641989581403418     
   5.3333333333333330        8.3333333333333321        8.9453430452009111E-002
   5.3333333333333330        8.6666666666666661        6.9806384238237665E-002
   5.3333333333333330        9.0000000000000000        4.8228192832796141E-002
   5.3333333333333330        9.3333333333333321        2.7324257510713639E-002
   5.3333333333333330        9.6666666666666661        1.2902610131582472E-002
   5.3333333333333330        10.000000000000000        0.0000000000000000     
 
   5.6666666666666661        0.0000000000000000        0.0000000000000000     
   5.6666666666666661       0.33333333333333331        6.7803299188826261E-003
   5.6666666666666661       0.66666666666666663        1.6812188253588177E-002
   5.6666666666666661        1.0000000000000000        4.9539846124765322E-002
   5.6666666666666661        1.3333333333333333        7.0336406832653797E-002
   5.6666666666666661        1.6666666666666665        9.1764361235805822E-002
   5.6666666666666661        2.0000000000000000       0.11699954760714612     
   5.6666666666666661        2.3333333333333330       0.15176682959137500     
   5.6666666666666661        2.6666666666666665       0.21266640256959313     
   5.6666666666666661        3.0000000000000000       0.28183469729778737     
   5.6666666666666661        3.3333333333333330       0.36658536995552909     
   5.6666666666666661        3.6666666666666665       0.39742909111838337     
   5.6666666666666661        4.0000000000000000       0.41483318153520360     
   5.6666666666666661        4.3333333333333330       0.42605613518792063     
   5.6666666666666661        4.6666666666666661       0.43141564844200292     
   5.6666666666666661        5.0000000000000000       0.43063804632598113     
   5.6666666666666661        5.3333333333333330       0.40596503294486275     
   5.6666666666666661        5.6666666666666661       0.37015602041744733     
   5.6666666666666661        6.0000000000000000       0.29757418592988411     
   5.6666666666666661        6.3333333333333330       0.29523653438547920     
   5.6666666666666661        6.6666666666666661       0.22428656964486055     
   5.6666666666666661        7.0000000000000000       0.18021803831958622     
   5.6666666666666661        7.3333333333333330       0.14322933693487278     
   5.6666666666666661        7.6666666666666661       0.14008494753136824     
   5.6666666666666661        8.0000000000000000        9.1506074951006572E-002
   5.6666666666666661        8.3333333333333321        8.5048101638439719E-002
   5.6666666666666661        8.6666666666666661        7.5996486300220864E-002
   5.6666666666666661        9.0000000000000000        1.8318297285517780E-002
   5.6666666666666661        9.3333333333333321        1.8807620937152606E-002
   5.6666666666666661        9.6666666666666661        1.0351585449385553E-002
   5.6666666666666661        10.000000000000000        0.0000000000000000     
 
   6.0000000000000000        0.0000000000000000        0.0000000000000000     
   6.0000000000000000       0.33333333333333331        7.8520775569894986E-003
   6.0000000000000000       0.66666666666666663        1.7218553026954062E-002
   6.0000000000000000        1.0000000000000000        2.9431978745698729E-002
   6.0000000000000000        1.3333333333333333        0.0000000000000000     
   6.0000000000000000        1.6666666666666665       0.11509409262120576     
   6.0000000000000000        2.0000000000000000       0.11622188641298052     
   6.0000000000000000        2.3333333333333330       0.15857168123146950     
   6.0000000000000000        2.6666666666666665       0.17637794883901067     
   6.0000000000000000        3.0000000000000000       0.39918120355417108     
   6.0000000000000000        3.3333333333333330       0.39036004902660754     
   6.0000000000000000        3.6666666666666665       0.39677400806444713     
   6.0000000000000000        4.0000000000000000       0.40564188478924829     
   6.0000000000000000        4.3333333333333330       0.41260755239048208     
   6.0000000000000000        4.6666666666666661       0.41518126683623446     
   6.0000000000000000        5.0000000000000000       0.38041194678451534     
   6.0000000000000000        5.3333333333333330       0.37670257785275590     
   6.0000000000000000        5.6666666666666661       0.33545130731249367     
   6.0000000000000000        6.0000000000000000       0.29506371084535776     
   6.0000000000000000        6.3333333333333330       0.26749678440584412     
   6.0000000000000000        6.6666666666666661       0.22224462842943180     
   6.0000000000000000        7.0000000000000000       0.17963084074969388     
   6.0000000000000000        7.3333333333333330       0.14677076830387223     
   6.0000000000000000        7.6666666666666661       0.12548080469018111     
   6.0000000000000000        8.0000000000000000        9.9135615061569440E-002
   6.0000000000000000        8.3333333333333321        8.4380638761460708E-002
   6.0000000000000000        8.6666666666666661        7.4282034583673440E-002
   6.0000000000000000        9.0000000000000000        2.8265296020018267E-002
   6.0000000000000000        9.3333333333333321        1.9687468551618962E-002
   6.0000000000000000        9.6666666666666661        9.9467005774892484E-003
   6.0000000000000000        10.000000000000000        0.0000000000000000     
 
   6.3333333333333330        0.0000000000000000        0.0000000000000000     
   6.3333333333333330       0.33333333333333331        7.5885606415458115E-003
   6.3333333333333330       0.66666666666666663        1.5152453212796572E-002
   6.3333333333333330        1.0000000000000000        2.2062041406294298E-002
   6.3333333333333330        1.3333333333333333        6.7320118337177562E-002
   6.3333333333333330        1.6666666666666665       0.10366544452219367     
   6.3333333333333330        2.0000000000000000       0.11753826006708226     
   6.3333333333333330        2.3333333333333330       0.14094387507712872     
   6.3333333333333330        2.6666666666666665       0.15740969453402853     
   6.3333333333333330        3.0000000000000000       0.17746162569141760     
   6.3333333333333330        3.3333333333333330       0.39307315586266867     
   6.3333333333333330        3.6666666666666665       0.38493329525318670     
   6.3333333333333330        4.0000000000000000       0.38921178684464502     
   6.3333333333333330        4.3333333333333330       0.39403184612334863     
   6.3333333333333330        4.6666666666666661       0.39180755946775719     
   6.3333333333333330        5.0000000000000000       0.37587045490752846     
   6.3333333333333330        5.3333333333333330       0.29209704133438918     
   6.3333333333333330        5.6666666666666661       0.29336103132691133     
   6.3333333333333330        6.0000000000000000       0.27492735648190997     
   6.3333333333333330        6.3333333333333330       0.25370773531280549     
   6.3333333333333330        6.6666666666666661       0.21548071355199117     
   6.3333333333333330        7.0000000000000000       0.16859517317968814     
   6.3333333333333330        7.3333333333333330       0.13895775224889848     
   6.3333333333333330        7.6666666666666661       0.11659592630447785     
   6.3333333333333330        8.0000000000000000        9.6231768366957723E-002
   6.3333333333333330        8.3333333333333321        8.0228159453021461E-002
   6.3333333333333330        8.6666666666666661        6.3649567644543714E-002
   6.3333333333333330        9.0000000000000000        3.7536547800721097E-002
   6.3333333333333330        9.3333333333333321        2.2227673017867808E-002
   6.3333333333333330        9.6666666666666661        1.0006581279891260E-002
   6.3333333333333330        10.000000000000000        0.0000000000000000     
 
   6.6666666666666661        0.0000000000000000        0.0000000000000000     
   6.6666666666666661       0.33333333333333331        7.5386837685749025E-003
   6.6666666666666661       0.66666666666666663        1.4097275783418427E-002
   6.6666666666666661        1.0000000000000000        5.4561541178647317E-002
   6.6666666666666661        1.3333333333333333        6.8908789080174795E-002
   6.6666666666666661        1.6666666666666665        9.1170643162311465E-002
   6.6666666666666661        2.0000000000000000       0.11044964143706643     
   6.6666666666666661        2.3333333333333330       0.13095382293666757     
   6.6666666666666661        2.6666666666666665       0.15521579095923227     
   6.6666666666666661        3.0000000000000000       0.17784304604977211     
   6.6666666666666661        3.3333333333333330       0.30282603408884207     
   6.6666666666666661        3.6666666666666665       0.35275169620555774     
   6.6666666666666661        4.0000000000000000       0.36406930490512929     
   6.6666666666666661        4.3333333333333330       0.37402830682341098     
   6.6666666666666661        4.6666666666666661       0.37364538220334276     
   6.6666666666666661        5.0000000000000000       0.34748513844561785     
   6.6666666666666661        5.3333333333333330       0.28624556004185547     
   6.6666666666666661        5.6666666666666661       0.26625224696735017     
   6.6666666666666661        6.0000000000000000       0.25357958891952798     
   6.6666666666666661        6.3333333333333330       0.16557708659198381     
   6.6666666666666661        6.6666666666666661       0.13991461905570382     
   6.6666666666666661        7.0000000000000000       0.13989233313533342     
   6.6666666666666661        7.3333333333333330       0.12423514263068415     
   6.6666666666666661        7.6666666666666661       0.10652223510802421     
   6.6666666666666661        8.0000000000000000        9.0047606701853661E-002
   6.6666666666666661        8.3333333333333321        7.7820772706884658E-002
   6.6666666666666661        8.6666666666666661        4.0488231268668927E-002
   6.6666666666666661        9.0000000000000000        3.6838983013252495E-002
   6.6666666666666661        9.3333333333333321        1.4595579414314511E-002
   6.6666666666666661        9.6666666666666661        8.1194221518790660E-003
   6.6666666666666661        10.000000000000000        0.0000000000000000     
 
   7.0000000000000000        0.0000000000000000        0.0000000000000000     
   7.0000000000000000       0.33333333333333331        8.6747148079285314E-003
   7.0000000000000000       0.66666666666666663        1.9975260538388263E-002
   7.0000000000000000        1.0000000000000000        4.1504763011507760E-002
   7.0000000000000000        1.3333333333333333        6.4049857312413180E-002
   7.0000000000000000        1.6666666666666665        8.3132204296393189E-002
   7.0000000000000000        2.0000000000000000       0.10344659026840505     
   7.0000000000000000        2.3333333333333330       0.11822380997503038     
   7.0000000000000000        2.6666666666666665       0.17821528634507960     
   7.0000000000000000        3.0000000000000000       0.20103013201881662     
   7.0000000000000000        3.3333333333333330       0.24857009109769510     
   7.0000000000000000        3.6666666666666665       0.30354835771407113     
   7.0000000000000000        4.0000000000000000       0.33338572965426039     
   7.0000000000000000        4.3333333333333330       0.35694928866598041     
   7.0000000000000000        4.6666666666666661       0.15581926571317095     
   7.0000000000000000        5.0000000000000000       0.21479561556358848     
   7.0000000000000000        5.3333333333333330       0.23478506133543675     
   7.0000000000000000        5.6666666666666661       0.22817651319337109     
   7.0000000000000000        6.0000000000000000       0.21638028699906742     
   7.0000000000000000        6.3333333333333330       0.16551781886402642     
   7.0000000000000000        6.6666666666666661       0.14049481928731666     
   7.0000000000000000        7.0000000000000000       0.12727096816204572     
   7.0000000000000000        7.3333333333333330       0.11229822574521846     
   7.0000000000000000        7.6666666666666661        9.6197906363408789E-002
   7.0000000000000000        8.0000000000000000        8.0765522264009390E-002
   7.0000000000000000        8.3333333333333321        6.4391233051171753E-002
   7.0000000000000000        8.6666666666666661        4.5163303402608448E-002
   7.0000000000000000        9.0000000000000000        3.3425862564661513E-002
   7.0000000000000000        9.3333333333333321        2.1520219370313880E-002
   7.0000000000000000        9.6666666666666661        3.0999954091005602E-003
   7.0000000000000000        10.000000000000000        0.0000000000000000     
 
   7.3333333333333330        0.0000000000000000        0.0000000000000000     
   7.3333333333333330       0.33333333333333331        7.4302665279265684E-003
   7.3333333333333330       0.66666666666666663        1.6158921570485991E-002
   7.3333333333333330        1.0000000000000000        2.8448260096643654E-002
   7.3333333333333330        1.3333333333333333        7.0069575533015960E-002
   7.3333333333333330        1.6666666666666665        7.5456760216577767E-002
   7.3333333333333330        2.0000000000000000       0.10602676412033599     
   7.3333333333333330        2.3333333333333330       0.12160786520049477     
   7.3333333333333330        2.6666666666666665       0.15549888238970722     
   7.3333333333333330        3.0000000000000000       0.19890475457563880     
   7.3333333333333330        3.3333333333333330       0.23963106216019806     
   7.3333333333333330        3.6666666666666665       0.26957729541906644     
   7.3333333333333330        4.0000000000000000       0.30354835771407113     
   7.3333333333333330        4.3333333333333330       0.15581926571317095     
   7.3333333333333330        4.6666666666666661       0.15628299680388563     
   7.3333333333333330        5.0000000000000000       0.19315678411118536     
   7.3333333333333330        5.3333333333333330       0.20748088007624282     
   7.3333333333333330        5.6666666666666661       0.19301023422671415     
   7.3333333333333330        6.0000000000000000       0.13323123853966240     
   7.3333333333333330        6.3333333333333330       0.13943834200736599     
   7.3333333333333330        6.6666666666666661       0.12980628589184931     
   7.3333333333333330        7.0000000000000000       0.11718460501734450     
   7.3333333333333330        7.3333333333333330       0.10247275391707743     
   7.3333333333333330        7.6666666666666661        8.6331783505115639E-002
   7.3333333333333330        8.0000000000000000        7.3622251139262587E-002
   7.3333333333333330        8.3333333333333321        5.4987722264776003E-002
   7.3333333333333330        8.6666666666666661        4.3392047887230722E-002
   7.3333333333333330        9.0000000000000000        3.1052898503131209E-002
   7.3333333333333330        9.3333333333333321        1.7164642833857012E-002
   7.3333333333333330        9.6666666666666661        6.3059993883560457E-003
   7.3333333333333330        10.000000000000000        0.0000000000000000     
 
   7.6666666666666661        0.0000000000000000        0.0000000000000000     
   7.6666666666666661       0.33333333333333331        5.1119618808872416E-003
   7.6666666666666661       0.66666666666666663        9.2474451671454658E-003
   7.6666666666666661        1.0000000000000000        6.4558102102704767E-002
   7.6666666666666661        1.3333333333333333        6.6725009481806957E-002
   7.6666666666666661        1.6666666666666665        7.5078038049284035E-002
   7.6666666666666661        2.0000000000000000        9.2123202491214848E-002
   7.6666666666666661        2.3333333333333330       0.10804431909713241     
   7.6666666666666661        2.6666666666666665       0.12388598211207262     
   7.6666666666666661        3.0000000000000000       0.11852153499155747     
   7.6666666666666661        3.3333333333333330       0.18648977364654465     
   7.6666666666666661        3.6666666666666665       0.22872593870220076     
   7.6666666666666661        4.0000000000000000        6.1961157831318517E-002
   7.6666666666666661        4.3333333333333330       0.10443758418567484     
   7.6666666666666661        4.6666666666666661       0.12066100842936874     
   7.6666666666666661        5.0000000000000000        9.6503630729008305E-002
   7.6666666666666661        5.3333333333333330       0.14190194805396195     
   7.6666666666666661        5.6666666666666661       0.14219641390895388     
   7.6666666666666661        6.0000000000000000       0.12770478822527734     
   7.6666666666666661        6.3333333333333330       0.12976058071310120     
   7.6666666666666661        6.6666666666666661       0.12292983695040398     
   7.6666666666666661        7.0000000000000000       0.11023183628843236     
   7.6666666666666661        7.3333333333333330        9.5231218974695428E-002
   7.6666666666666661        7.6666666666666661        7.4238743399082929E-002
   7.6666666666666661        8.0000000000000000        3.6181501864350998E-002
   7.6666666666666661        8.3333333333333321        3.9685482639827109E-002
   7.6666666666666661        8.6666666666666661        1.8963956443947355E-002
   7.6666666666666661        9.0000000000000000        1.0917524046893291E-002
   7.6666666666666661        9.3333333333333321        1.0295557623825294E-002
   7.6666666666666661        9.6666666666666661        5.1658162952326293E-003
   7.6666666666666661        10.000000000000000        0.0000000000000000     
 
   8.0000000000000000        0.0000000000000000        0.0000000000000000     
   8.0000000000000000       0.33333333333333331        3.9433093538797908E-003
   8.0000000000000000       0.66666666666666663        6.7769584071003513E-003
   8.0000000000000000        1.0000000000000000        5.7217247592443246E-002
   8.0000000000000000        1.3333333333333333        5.9249985540859501E-002
   8.0000000000000000        1.6666666666666665        6.7971249891563112E-002
   8.0000000000000000        2.0000000000000000        8.1180555139916344E-002
   8.0000000000000000        2.3333333333333330        9.6214377135586893E-002
   8.0000000000000000        2.6666666666666665       0.10951820319764301     
   8.0000000000000000        3.0000000000000000       0.12042247369257121     
   8.0000000000000000        3.3333333333333330       0.14421520897451909     
   8.0000000000000000        3.6666666666666665        6.1961157831318517E-002
   8.0000000000000000        4.0000000000000000        6.3647772705776581E-002
   8.0000000000000000        4.3333333333333330        8.9642645325055670E-002
   8.0000000000000000        4.6666666666666661       0.10241675416676208     
   8.0000000000000000        5.0000000000000000        9.8524460747921094E-002
   8.0000000000000000        5.3333333333333330        9.2318856329744139E-002
   8.0000000000000000        5.6666666666666661       0.10634067294460095     
   8.0000000000000000        6.0000000000000000       0.10629032866600856     
   8.0000000000000000        6.3333333333333330        0.0000000000000000     
   8.0000000000000000        6.6666666666666661       0.10506665200953524     
   8.0000000000000000        7.0000000000000000       0.10684644883402664     
   8.0000000000000000        7.3333333333333330        3.3564888708230753E-002
   8.0000000000000000        7.6666666666666661        4.2347516465790172E-002
   8.0000000000000000        8.0000000000000000        3.3724346398965620E-002
   8.0000000000000000        8.3333333333333321        2.8939345374207233E-002
   8.0000000000000000        8.6666666666666661        1.9719450823131559E-002
   8.0000000000000000        9.0000000000000000        1.1981537551676261E-002
   8.0000000000000000        9.3333333333333321        8.3119734779796128E-003
   8.0000000000000000        9.6666666666666661        4.2541834611069876E-003
   8.0000000000000000        10.000000000000000        0.0000000000000000     
 
   8.3333333333333321        0.0000000000000000        0.0000000000000000     
   8.3333333333333321       0.33333333333333331        4.0374582777593440E-003
   8.3333333333333321       0.66666666666666663        7.4007242104448274E-003
   8.3333333333333321        1.0000000000000000        3.5387952231137450E-002
   8.3333333333333321        1.3333333333333333        4.7021779898943621E-002
   8.3333333333333321        1.6666666666666665        5.8306220811964717E-002
   8.3333333333333321        2.0000000000000000        7.0322165672292991E-002
   8.3333333333333321        2.3333333333333330        8.7972035493688608E-002
   8.3333333333333321        2.6666666666666665        9.9323816250624641E-002
   8.3333333333333321        3.0000000000000000       0.11115306499741341     
   8.3333333333333321        3.3333333333333330       0.12688425706136536     
   8.3333333333333321        3.6666666666666665        4.1214050080649871E-002
   8.3333333333333321        4.0000000000000000        4.2624163813633952E-002
   8.3333333333333321        4.3333333333333330        1.8421982606874446E-002
   8.3333333333333321        4.6666666666666661        1.6462557896208669E-002
   8.3333333333333321        5.0000000000000000        7.8080174365696461E-002
   8.3333333333333321        5.3333333333333330        7.9313498475799799E-002
   8.3333333333333321        5.6666666666666661        8.5355760219294197E-002
   8.3333333333333321        6.0000000000000000        8.5687360259826151E-002
   8.3333333333333321        6.3333333333333330        4.2544597939820440E-002
   8.3333333333333321        6.6666666666666661        0.0000000000000000     
   8.3333333333333321        7.0000000000000000        2.2199993152653513E-002
   8.3333333333333321        7.3333333333333330        2.5738612706609817E-002
   8.3333333333333321        7.6666666666666661        2.8880898387781830E-002
   8.3333333333333321        8.0000000000000000        2.8411015433276027E-002
   8.3333333333333321        8.3333333333333321        2.3532114328722056E-002
   8.3333333333333321        8.6666666666666661        9.7849089555699497E-003
   8.3333333333333321        9.0000000000000000        9.4663827566871406E-003
   8.3333333333333321        9.3333333333333321        7.0596498279493144E-003
   8.3333333333333321        9.6666666666666661        3.7159638182379350E-003
   8.3333333333333321        10.000000000000000        0.0000000000000000     
 
   8.6666666666666661        0.0000000000000000        0.0000000000000000     
   8.6666666666666661       0.33333333333333331        4.9776090575863957E-003
   8.6666666666666661       0.66666666666666663        1.1698919605787441E-002
   8.6666666666666661        1.0000000000000000        2.5086646591293157E-002
   8.6666666666666661        1.3333333333333333        3.6765654934353562E-002
   8.6666666666666661        1.6666666666666665        4.9707216955979600E-002
   8.6666666666666661        2.0000000000000000        5.5709520367918750E-002
   8.6666666666666661        2.3333333333333330        7.4700963306065446E-002
   8.6666666666666661        2.6666666666666665        9.0605039244407048E-002
   8.6666666666666661        3.0000000000000000        9.9854236843778185E-002
   8.6666666666666661        3.3333333333333330        0.0000000000000000     
   8.6666666666666661        3.6666666666666665        1.8202904941023376E-002
   8.6666666666666661        4.0000000000000000        2.4367661544304055E-002
   8.6666666666666661        4.3333333333333330        1.9405711450094013E-002
   8.6666666666666661        4.6666666666666661        1.7443796416865463E-002
   8.6666666666666661        5.0000000000000000        6.1443764860123810E-002
   8.6666666666666661        5.3333333333333330        6.2613708161880735E-002
   8.6666666666666661        5.6666666666666661        7.1106466406920116E-002
   8.6666666666666661        6.0000000000000000        6.6419220962081749E-002
   8.6666666666666661        6.3333333333333330        4.3473124392551799E-002
   8.6666666666666661        6.6666666666666661        1.7748047171034287E-002
   8.6666666666666661        7.0000000000000000        1.9459281518959252E-002
   8.6666666666666661        7.3333333333333330        1.9149922515146932E-002
   8.6666666666666661        7.6666666666666661        1.9903518490408813E-002
   8.6666666666666661        8.0000000000000000        1.1943978037550819E-002
   8.6666666666666661        8.3333333333333321        1.4054929522202711E-002
   8.6666666666666661        8.6666666666666661        1.0566512037994354E-002
   8.6666666666666661        9.0000000000000000        3.8894841005405888E-003
   8.6666666666666661        9.3333333333333321        2.4263118058964659E-003
   8.6666666666666661        9.6666666666666661        0.0000000000000000     
   8.6666666666666661        10.000000000000000        0.0000000000000000     
 
   9.0000000000000000        0.0000000000000000        0.0000000000000000     
   9.0000000000000000       0.33333333333333331        4.3902623936555108E-003
   9.0000000000000000       0.66666666666666663        9.8194321586078381E-003
   9.0000000000000000        1.0000000000000000        1.7477212708518510E-002
   9.0000000000000000        1.3333333333333333        2.6593015270068781E-002
   9.0000000000000000        1.6666666666666665        3.1626597560064737E-002
   9.0000000000000000        2.0000000000000000        4.8850468667609878E-002
   9.0000000000000000        2.3333333333333330        6.0834668027446359E-002
   9.0000000000000000        2.6666666666666665        1.4902078048535431E-003
   9.0000000000000000        3.0000000000000000        2.4633264863145946E-003
   9.0000000000000000        3.3333333333333330        8.7463828806687138E-003
   9.0000000000000000        3.6666666666666665        1.2861109716137350E-002
   9.0000000000000000        4.0000000000000000        1.8246384326221110E-002
   9.0000000000000000        4.3333333333333330        1.8365540190114424E-002
   9.0000000000000000        4.6666666666666661        1.4154097310602302E-003
   9.0000000000000000        5.0000000000000000        3.8765628596604908E-002
   9.0000000000000000        5.3333333333333330        3.9660664171658103E-002
   9.0000000000000000        5.6666666666666661        1.4468023861956404E-002
   9.0000000000000000        6.0000000000000000        1.7079707023405194E-002
   9.0000000000000000        6.3333333333333330        2.2314276788937101E-002
   9.0000000000000000        6.6666666666666661        1.6675579714973059E-002
   9.0000000000000000        7.0000000000000000        9.9028024456862453E-003
   9.0000000000000000        7.3333333333333330        1.2191829993065994E-002
   9.0000000000000000        7.6666666666666661        1.2378562088339084E-002
   9.0000000000000000        8.0000000000000000        1.0360565594646529E-002
   9.0000000000000000        8.3333333333333321        1.0759001003751533E-002
   9.0000000000000000        8.6666666666666661        8.3463089975408002E-003
   9.0000000000000000        9.0000000000000000        4.1147538204873851E-003
   9.0000000000000000        9.3333333333333321        2.5800675979816526E-003
   9.0000000000000000        9.6666666666666661        2.1792259128321125E-004
   9.0000000000000000        10.000000000000000        0.0000000000000000     
 
   9.3333333333333321        0.0000000000000000        0.0000000000000000     
   9.3333333333333321       0.33333333333333331        2.9602343024291633E-003
   9.3333333333333321       0.66666666666666663        6.1366233477931024E-003
   9.3333333333333321        1.0000000000000000        9.1334705724917913E-003
   9.3333333333333321        1.3333333333333333        1.0010722458537768E-002
   9.3333333333333321        1.6666666666666665        1.5542219035569621E-002
   9.3333333333333321        2.0000000000000000        2.0665610965023211E-003
   9.3333333333333321        2.3333333333333330        1.3103146598040893E-003
   9.3333333333333321        2.6666666666666665        1.5871253267476678E-003
   9.3333333333333321        3.0000000000000000        2.6152120620039632E-003
   9.3333333333333321        3.3333333333333330        5.0813127220479277E-003
   9.3333333333333321        3.6666666666666665        6.8712577370630273E-003
   9.3333333333333321        4.0000000000000000        0.0000000000000000     
   9.3333333333333321        4.3333333333333330        1.1442644721894775E-003
   9.3333333333333321        4.6666666666666661        1.4698763568491233E-003
   9.3333333333333321        5.0000000000000000        1.1728084444826321E-002
   9.3333333333333321        5.3333333333333330        1.8430194709998030E-002
   9.3333333333333321        5.6666666666666661        1.4930212921342313E-002
   9.3333333333333321        6.0000000000000000        1.2328669533459173E-002
   9.3333333333333321        6.3333333333333330        1.2598888504527232E-002
   9.3333333333333321        6.6666666666666661        1.0493910878671147E-002
   9.3333333333333321        7.0000000000000000        8.0210708278996359E-003
   9.3333333333333321        7.3333333333333330        7.8206921889612639E-003
   9.3333333333333321        7.6666666666666661        7.5537936738288534E-003
   9.3333333333333321        8.0000000000000000        6.8179083186142029E-003
   9.3333333333333321        8.3333333333333321        1.1169319509825228E-003
   9.3333333333333321        8.6666666666666661        1.2987031720542185E-003
   9.3333333333333321        9.0000000000000000        1.8658711620593074E-003
   9.3333333333333321        9.3333333333333321        1.3522339752915689E-003
   9.3333333333333321        9.6666666666666661        4.4982976679584514E-004
   9.3333333333333321        10.000000000000000        0.0000000000000000     
 
   9.6666666666666661        0.0000000000000000        0.0000000000000000     
   9.6666666666666661       0.33333333333333331        1.4505098252652554E-003
   9.6666666666666661       0.66666666666666663        2.9100861250416872E-003
   9.6666666666666661        1.0000000000000000        4.1876565965623287E-003
   9.6666666666666661        1.3333333333333333        4.8953244958143309E-003
   9.6666666666666661        1.6666666666666665        5.5937580589431836E-003
   9.6666666666666661        2.0000000000000000        2.1683884112073423E-003
   9.6666666666666661        2.3333333333333330        1.1121825088840135E-003
   9.6666666666666661        2.6666666666666665        1.0298582063044876E-003
   9.6666666666666661        3.0000000000000000        1.4808792610493744E-003
   9.6666666666666661        3.3333333333333330        2.3641962797516240E-003
   9.6666666666666661        3.6666666666666665        3.0246212288303478E-003
   9.6666666666666661        4.0000000000000000        4.2263013540823775E-004
   9.6666666666666661        4.3333333333333330        8.6000786201821731E-004
   9.6666666666666661        4.6666666666666661        1.9018560714937813E-003
   9.6666666666666661        5.0000000000000000        5.3347450586549022E-003
   9.6666666666666661        5.3333333333333330        7.8538031411716676E-003
   9.6666666666666661        5.6666666666666661        2.4961262329467149E-003
   9.6666666666666661        6.0000000000000000        5.0741949984443833E-003
   9.6666666666666661        6.3333333333333330        5.6315954984080159E-003
   9.6666666666666661        6.6666666666666661        5.0328516810749131E-003
   9.6666666666666661        7.0000000000000000        4.1822823978138659E-003
   9.6666666666666661        7.3333333333333330        3.8403944746321691E-003
   9.6666666666666661        7.6666666666666661        3.5212520461136232E-003
   9.6666666666666661        8.0000000000000000        2.8463999181363303E-003
   9.6666666666666661        8.3333333333333321        1.1780396372113946E-003
   9.6666666666666661        8.6666666666666661        8.0892830140758605E-004
   9.6666666666666661        9.0000000000000000        8.0541549184135917E-004
   9.6666666666666661        9.3333333333333321        5.9458852941713877E-004
   9.6666666666666661        9.6666666666666661        2.5708061731639968E-004
   9.6666666666666661        10.000000000000000        0.0000000000000000     
 
   10.000000000000000        0.0000000000000000        0.0000000000000000     
   10.000000000000000       0.33333333333333331        0.0000000000000000     
   10.000000000000000       0.66666666666666663        0.0000000000000000     
   10.000000000000000        1.0000000000000000        0.0000000000000000     
   10.000000000000000        1.3333333333333333        0.0000000000000000     
   10.000000000000000        1.6666666666666665        0.0000000000000000     
   10.000000000000000        2.0000000000000000        0.0000000000000000     
   10.000000000000000        2.3333333333333330        0.0000000000000000     
   10.000000000000000        2.6666666666666665        0.0000000000000000     
   10.000000000000000        3.0000000000000000        0.0000000000000000     
   10.000000000000000        3.3333333333333330        0.0000000000000000     
   10.000000000000000        3.6666666666666665        0.0000000000000000     
   10.000000000000000        4.0000000000000000        0.0000000000000000     
   10.000000000000000        4.3333333333333330        0.0000000000000000     
   10.000000000000000        4.6666666666666661        0.0000000000000000     
   10.000000000000000        5.0000000000000000        0.0000000000000000     
   10.000000000000000        5.3333333333333330        0.0000000000000000     
   10.000000000000000        5.6666666666666661        0.0000000000000000     
   10.000000000000000        6.0000000000000000        0.0000000000000000     
   10.000000000000000        6.3333333333333330        0.0000000000000000     
   10.000000000000000        6.6666666666666661        0.0000000000000000     
   10.000000000000000        7.0000000000000000        0.0000000000000000     
   10.000000000000000        7.3333333333333330        0.0000000000000000     
   10.000000000000000        7.6666666666666661        0.0000000000000000     
   10.000000000000000        8.0000000000000000        0.0000000000000000     
   10.000000000000000        8.3333333333333321        0.0000000000000000     
   10.000000000000000        8.6666666666666661        0.0000000000000000     
   10.000000000000000        9.0000000000000000        0.0000000000000000     
   10.000000000000000        9.3333333333333321        0.0000000000000000     
   10.000000000000000        9.6666666666666661        0.0000000000000000     
   10.000000000000000        10.000000000000000        0.0000000000000000     
 
