   0.0000000000000000        0.0000000000000000        0.0000000000000000     
   0.0000000000000000       0.33333333333333331        0.0000000000000000     
   0.0000000000000000       0.66666666666666663        0.0000000000000000     
   0.0000000000000000        1.0000000000000000        0.0000000000000000     
   0.0000000000000000        1.3333333333333333        0.0000000000000000     
   0.0000000000000000        1.6666666666666665        0.0000000000000000     
   0.0000000000000000        2.0000000000000000        0.0000000000000000     
   0.0000000000000000        2.3333333333333330        0.0000000000000000     
   0.0000000000000000        2.6666666666666665        0.0000000000000000     
   0.0000000000000000        3.0000000000000000        0.0000000000000000     
   0.0000000000000000        3.3333333333333330        0.0000000000000000     
   0.0000000000000000        3.6666666666666665        0.0000000000000000     
   0.0000000000000000        4.0000000000000000        0.0000000000000000     
   0.0000000000000000        4.3333333333333330        0.0000000000000000     
   0.0000000000000000        4.6666666666666661        0.0000000000000000     
   0.0000000000000000        5.0000000000000000        0.0000000000000000     
   0.0000000000000000        5.3333333333333330        0.0000000000000000     
   0.0000000000000000        5.6666666666666661        0.0000000000000000     
   0.0000000000000000        6.0000000000000000        0.0000000000000000     
   0.0000000000000000        6.3333333333333330        0.0000000000000000     
   0.0000000000000000        6.6666666666666661        0.0000000000000000     
   0.0000000000000000        7.0000000000000000        0.0000000000000000     
   0.0000000000000000        7.3333333333333330        0.0000000000000000     
   0.0000000000000000        7.6666666666666661        0.0000000000000000     
   0.0000000000000000        8.0000000000000000        0.0000000000000000     
   0.0000000000000000        8.3333333333333321        0.0000000000000000     
   0.0000000000000000        8.6666666666666661        0.0000000000000000     
   0.0000000000000000        9.0000000000000000        0.0000000000000000     
   0.0000000000000000        9.3333333333333321        0.0000000000000000     
   0.0000000000000000        9.6666666666666661        0.0000000000000000     
   0.0000000000000000        10.000000000000000        0.0000000000000000     
 
  0.33333333333333331        0.0000000000000000        0.0000000000000000     
  0.33333333333333331       0.33333333333333331        3.4785024458977630E-004
  0.33333333333333331       0.66666666666666663        5.9992583385902443E-004
  0.33333333333333331        1.0000000000000000        6.7571430336774737E-004
  0.33333333333333331        1.3333333333333333        1.4468603582764681E-003
  0.33333333333333331        1.6666666666666665        2.1120687918664218E-003
  0.33333333333333331        2.0000000000000000        3.1329286486239298E-003
  0.33333333333333331        2.3333333333333330        3.7639951583952483E-003
  0.33333333333333331        2.6666666666666665        3.2514655430756945E-003
  0.33333333333333331        3.0000000000000000        6.0685390250638932E-003
  0.33333333333333331        3.3333333333333330        6.6168801403377348E-003
  0.33333333333333331        3.6666666666666665        6.4921231782318328E-003
  0.33333333333333331        4.0000000000000000        6.5512433402545242E-003
  0.33333333333333331        4.3333333333333330        6.4169276661772108E-003
  0.33333333333333331        4.6666666666666661        3.9139948052283272E-003
  0.33333333333333331        5.0000000000000000        5.3907958885004307E-003
  0.33333333333333331        5.3333333333333330        1.2324869784600704E-002
  0.33333333333333331        5.6666666666666661        1.4367773021634000E-002
  0.33333333333333331        6.0000000000000000        1.5231122480377068E-002
  0.33333333333333331        6.3333333333333330        1.5242184548226930E-002
  0.33333333333333331        6.6666666666666661        1.0465679478042141E-002
  0.33333333333333331        7.0000000000000000        1.6196021609823266E-002
  0.33333333333333331        7.3333333333333330        8.0608741368002959E-003
  0.33333333333333331        7.6666666666666661        8.0259316148471350E-003
  0.33333333333333331        8.0000000000000000        6.6578865314057128E-003
  0.33333333333333331        8.3333333333333321        4.9245889394876159E-003
  0.33333333333333331        8.6666666666666661        4.1100162872404226E-003
  0.33333333333333331        9.0000000000000000        3.1520114670905743E-003
  0.33333333333333331        9.3333333333333321        1.8080876900487340E-003
  0.33333333333333331        9.6666666666666661        8.0574044369108029E-004
  0.33333333333333331        10.000000000000000        0.0000000000000000     
 
  0.66666666666666663        0.0000000000000000        0.0000000000000000     
  0.66666666666666663       0.33333333333333331        8.0065729349851431E-004
  0.66666666666666663       0.66666666666666663        1.3923388989818524E-003
  0.66666666666666663        1.0000000000000000        3.4387047631384560E-003
  0.66666666666666663        1.3333333333333333        3.0414978462029599E-003
  0.66666666666666663        1.6666666666666665        3.9280076521410372E-003
  0.66666666666666663        2.0000000000000000        6.7397810988849101E-003
  0.66666666666666663        2.3333333333333330        8.7674609013200424E-003
  0.66666666666666663        2.6666666666666665        1.7170328134996318E-002
  0.66666666666666663        3.0000000000000000        1.4540015509795869E-002
  0.66666666666666663        3.3333333333333330        1.4048563501287097E-002
  0.66666666666666663        3.6666666666666665        1.2938600518928497E-002
  0.66666666666666663        4.0000000000000000        1.3431581550361723E-002
  0.66666666666666663        4.3333333333333330        1.5327686940758535E-002
  0.66666666666666663        4.6666666666666661        0.0000000000000000     
  0.66666666666666663        5.0000000000000000        3.3542135865784202E-002
  0.66666666666666663        5.3333333333333330        2.9667149146130983E-002
  0.66666666666666663        5.6666666666666661        3.0034546203977514E-002
  0.66666666666666663        6.0000000000000000        3.1409950209001204E-002
  0.66666666666666663        6.3333333333333330        3.5340841120620074E-002
  0.66666666666666663        6.6666666666666661        5.6899996690037341E-002
  0.66666666666666663        7.0000000000000000        4.6300200357848591E-002
  0.66666666666666663        7.3333333333333330        1.7284319714513819E-002
  0.66666666666666663        7.6666666666666661        1.7450722775098827E-002
  0.66666666666666663        8.0000000000000000        1.3751635526737294E-002
  0.66666666666666663        8.3333333333333321        8.9954841915232259E-003
  0.66666666666666663        8.6666666666666661        8.4280423342232465E-003
  0.66666666666666663        9.0000000000000000        6.7440515923164563E-003
  0.66666666666666663        9.3333333333333321        3.3075413786395895E-003
  0.66666666666666663        9.6666666666666661        1.4300958298721484E-003
  0.66666666666666663        10.000000000000000        0.0000000000000000     
 
   1.0000000000000000        0.0000000000000000        0.0000000000000000     
   1.0000000000000000       0.33333333333333331        1.4825143047009536E-003
   1.0000000000000000       0.66666666666666663        2.8116212344351209E-003
   1.0000000000000000        1.0000000000000000        3.9309032108961698E-003
   1.0000000000000000        1.3333333333333333        3.4387047631384560E-003
   1.0000000000000000        1.6666666666666665        1.1457854901325145E-002
   1.0000000000000000        2.0000000000000000        1.1307712130360059E-002
   1.0000000000000000        2.3333333333333330        1.6014859529582814E-002
   1.0000000000000000        2.6666666666666665        2.0179575397463973E-002
   1.0000000000000000        3.0000000000000000        2.1181553652030234E-002
   1.0000000000000000        3.3333333333333330        2.2384286375451118E-002
   1.0000000000000000        3.6666666666666665        1.8048803319167764E-002
   1.0000000000000000        4.0000000000000000        1.9178850268787746E-002
   1.0000000000000000        4.3333333333333330        2.6425011265923861E-002
   1.0000000000000000        4.6666666666666661        3.7308131550538699E-002
   1.0000000000000000        5.0000000000000000        3.7820790912515626E-002
   1.0000000000000000        5.3333333333333330        4.3069515628567173E-002
   1.0000000000000000        5.6666666666666661        4.4931075335476738E-002
   1.0000000000000000        6.0000000000000000        4.5208249229377134E-002
   1.0000000000000000        6.3333333333333330        5.9492048265012719E-002
   1.0000000000000000        6.6666666666666661        6.7587577312580513E-002
   1.0000000000000000        7.0000000000000000        6.5877141379340878E-002
   1.0000000000000000        7.3333333333333330        5.3328397209351341E-002
   1.0000000000000000        7.6666666666666661        3.0883621325813949E-002
   1.0000000000000000        8.0000000000000000        2.2044948660710911E-002
   1.0000000000000000        8.3333333333333321        1.7255979409052158E-002
   1.0000000000000000        8.6666666666666661        1.3995611627879741E-002
   1.0000000000000000        9.0000000000000000        1.2202692435819038E-002
   1.0000000000000000        9.3333333333333321        1.6015922850399641E-003
   1.0000000000000000        9.6666666666666661        1.6337671702828321E-003
   1.0000000000000000        10.000000000000000        0.0000000000000000     
 
   1.3333333333333333        0.0000000000000000        0.0000000000000000     
   1.3333333333333333       0.33333333333333331        2.3526596463741482E-003
   1.3333333333333333       0.66666666666666663        4.5082038910776905E-003
   1.3333333333333333        1.0000000000000000        6.1337835455327000E-003
   1.3333333333333333        1.3333333333333333        1.2701307366137943E-002
   1.3333333333333333        1.6666666666666665        1.1919878966083573E-002
   1.3333333333333333        2.0000000000000000        2.5589195690102592E-002
   1.3333333333333333        2.3333333333333330        2.4169090079569543E-002
   1.3333333333333333        2.6666666666666665        2.6777994791778181E-002
   1.3333333333333333        3.0000000000000000        2.8040324959858920E-002
   1.3333333333333333        3.3333333333333330        3.6664584559944320E-002
   1.3333333333333333        3.6666666666666665        6.5147702304110877E-002
   1.3333333333333333        4.0000000000000000        5.1420055179180864E-002
   1.3333333333333333        4.3333333333333330        4.5223376600677739E-002
   1.3333333333333333        4.6666666666666661        7.1822182390901004E-002
   1.3333333333333333        5.0000000000000000        6.5939597783785456E-002
   1.3333333333333333        5.3333333333333330        6.0261561138543786E-002
   1.3333333333333333        5.6666666666666661        6.1728548990034098E-002
   1.3333333333333333        6.0000000000000000        9.9412254011266216E-002
   1.3333333333333333        6.3333333333333330        8.9914555602018553E-002
   1.3333333333333333        6.6666666666666661        8.8125794916600553E-002
   1.3333333333333333        7.0000000000000000        8.3783212661357909E-002
   1.3333333333333333        7.3333333333333330        7.5893437712338169E-002
   1.3333333333333333        7.6666666666666661        2.1372313798587242E-002
   1.3333333333333333        8.0000000000000000        2.1719950156422651E-002
   1.3333333333333333        8.3333333333333321        2.0788832940900583E-002
   1.3333333333333333        8.6666666666666661        1.8318676964166548E-002
   1.3333333333333333        9.0000000000000000        1.6067784416048878E-002
   1.3333333333333333        9.3333333333333321        7.5249660701703141E-003
   1.3333333333333333        9.6666666666666661        3.5329565433756954E-003
   1.3333333333333333        10.000000000000000        0.0000000000000000     
 
   1.6666666666666665        0.0000000000000000        0.0000000000000000     
   1.6666666666666665       0.33333333333333331        3.4699784797902118E-003
   1.6666666666666665       0.66666666666666663        6.8317505660038290E-003
   1.6666666666666665        1.0000000000000000        1.0096499632618286E-002
   1.6666666666666665        1.3333333333333333        1.3794175372805939E-002
   1.6666666666666665        1.6666666666666665        2.8180260241836754E-002
   1.6666666666666665        2.0000000000000000        2.7550819882716356E-002
   1.6666666666666665        2.3333333333333330        2.8799099022983398E-002
   1.6666666666666665        2.6666666666666665        3.5241393852223107E-002
   1.6666666666666665        3.0000000000000000        6.3558857177369282E-002
   1.6666666666666665        3.3333333333333330        6.0107432516486085E-002
   1.6666666666666665        3.6666666666666665        6.5951536572931888E-002
   1.6666666666666665        4.0000000000000000        5.8367156675028953E-002
   1.6666666666666665        4.3333333333333330        5.8494577504928529E-002
   1.6666666666666665        4.6666666666666661        7.2637142784859332E-002
   1.6666666666666665        5.0000000000000000        7.2216769737436390E-002
   1.6666666666666665        5.3333333333333330        7.0786750356648651E-002
   1.6666666666666665        5.6666666666666661        8.0356801802656821E-002
   1.6666666666666665        6.0000000000000000       0.10878268842052344     
   1.6666666666666665        6.3333333333333330       0.11252789326813760     
   1.6666666666666665        6.6666666666666661       0.11112161672172230     
   1.6666666666666665        7.0000000000000000       0.10517458934882709     
   1.6666666666666665        7.3333333333333330        9.0580593830731929E-002
   1.6666666666666665        7.6666666666666661        2.1463576713922159E-002
   1.6666666666666665        8.0000000000000000        2.2990195691421085E-002
   1.6666666666666665        8.3333333333333321        2.6157665738887240E-002
   1.6666666666666665        8.6666666666666661        2.2688829201645676E-002
   1.6666666666666665        9.0000000000000000        1.7924887949773496E-002
   1.6666666666666665        9.3333333333333321        1.1633339150346712E-002
   1.6666666666666665        9.6666666666666661        5.0299925664270446E-003
   1.6666666666666665        10.000000000000000        0.0000000000000000     
 
   2.0000000000000000        0.0000000000000000        0.0000000000000000     
   2.0000000000000000       0.33333333333333331        4.7608585194698532E-003
   2.0000000000000000       0.66666666666666663        9.3827941923715109E-003
   2.0000000000000000        1.0000000000000000        1.3825064352675196E-002
   2.0000000000000000        1.3333333333333333        1.8871928077798670E-002
   2.0000000000000000        1.6666666666666665        2.9330745892438798E-002
   2.0000000000000000        2.0000000000000000        2.8180260241836754E-002
   2.0000000000000000        2.3333333333333330        5.0001970854591217E-002
   2.0000000000000000        2.6666666666666665        5.0752684132311335E-002
   2.0000000000000000        3.0000000000000000        6.7706359028794669E-002
   2.0000000000000000        3.3333333333333330        7.4916841255693409E-002
   2.0000000000000000        3.6666666666666665        8.0911363249809840E-002
   2.0000000000000000        4.0000000000000000       0.12036119447024105     
   2.0000000000000000        4.3333333333333330       0.11404621303954335     
   2.0000000000000000        4.6666666666666661        8.8738768094283771E-002
   2.0000000000000000        5.0000000000000000        8.0142374404239117E-002
   2.0000000000000000        5.3333333333333330        0.0000000000000000     
   2.0000000000000000        5.6666666666666661       0.17828334222082812     
   2.0000000000000000        6.0000000000000000       0.14260060467193475     
   2.0000000000000000        6.3333333333333330       0.13995877645289420     
   2.0000000000000000        6.6666666666666661       0.13831711212507330     
   2.0000000000000000        7.0000000000000000       0.13493731907682227     
   2.0000000000000000        7.3333333333333330        1.9849226397162988E-002
   2.0000000000000000        7.6666666666666661        2.0397018798334342E-002
   2.0000000000000000        8.0000000000000000        5.4570263729667751E-002
   2.0000000000000000        8.3333333333333321        3.8466262322781490E-002
   2.0000000000000000        8.6666666666666661        2.8630718572596928E-002
   2.0000000000000000        9.0000000000000000        2.1549301003010685E-002
   2.0000000000000000        9.3333333333333321        1.6218113705620020E-002
   2.0000000000000000        9.6666666666666661        3.3258277805483447E-003
   2.0000000000000000        10.000000000000000        0.0000000000000000     
 
   2.3333333333333330        0.0000000000000000        0.0000000000000000     
   2.3333333333333330       0.33333333333333331        6.2672235703170945E-003
   2.3333333333333330       0.66666666666666663        1.2265768783306106E-002
   2.3333333333333330        1.0000000000000000        1.7179643146391522E-002
   2.3333333333333330        1.3333333333333333        4.1741968903559482E-002
   2.3333333333333330        1.6666666666666665        4.2552550090548188E-002
   2.3333333333333330        2.0000000000000000        7.5038017930884313E-002
   2.3333333333333330        2.3333333333333330        8.7744211678992004E-002
   2.3333333333333330        2.6666666666666665        8.8069502967508026E-002
   2.3333333333333330        3.0000000000000000        8.2257955080948061E-002
   2.3333333333333330        3.3333333333333330        9.1562899826215363E-002
   2.3333333333333330        3.6666666666666665       0.10247112258794308     
   2.3333333333333330        4.0000000000000000       0.12074793278391198     
   2.3333333333333330        4.3333333333333330       0.13969159487031030     
   2.3333333333333330        4.6666666666666661       0.21145177315172958     
   2.3333333333333330        5.0000000000000000       0.23081522473626398     
   2.3333333333333330        5.3333333333333330       0.22594007240478201     
   2.3333333333333330        5.6666666666666661       0.21253590625337579     
   2.3333333333333330        6.0000000000000000       0.18929703259514530     
   2.3333333333333330        6.3333333333333330       0.16565077239758244     
   2.3333333333333330        6.6666666666666661       0.16651460504286603     
   2.3333333333333330        7.0000000000000000       0.16063618196721310     
   2.3333333333333330        7.3333333333333330       0.17695856299458140     
   2.3333333333333330        7.6666666666666661       0.11305380940724293     
   2.3333333333333330        8.0000000000000000        7.0800394914689063E-002
   2.3333333333333330        8.3333333333333321        4.4742415978691857E-002
   2.3333333333333330        8.6666666666666661        3.2085155073113727E-002
   2.3333333333333330        9.0000000000000000        2.3673063132167497E-002
   2.3333333333333330        9.3333333333333321        1.5680932106463031E-002
   2.3333333333333330        9.6666666666666661        6.6962431712296946E-003
   2.3333333333333330        10.000000000000000        0.0000000000000000     
 
   2.6666666666666665        0.0000000000000000        0.0000000000000000     
   2.6666666666666665       0.33333333333333331        8.1251354621446545E-003
   2.6666666666666665       0.66666666666666663        1.6393528569765840E-002
   2.6666666666666665        1.0000000000000000        2.5668672998218550E-002
   2.6666666666666665        1.3333333333333333        4.1355502591569150E-002
   2.6666666666666665        1.6666666666666665        5.7022507952740796E-002
   2.6666666666666665        2.0000000000000000        7.5474473392990626E-002
   2.6666666666666665        2.3333333333333330        8.8151026572659108E-002
   2.6666666666666665        2.6666666666666665        9.4358074505256878E-002
   2.6666666666666665        3.0000000000000000       0.11290651990799432     
   2.6666666666666665        3.3333333333333330       0.10708541968680796     
   2.6666666666666665        3.6666666666666665       0.11705112650483529     
   2.6666666666666665        4.0000000000000000       0.18496540206853879     
   2.6666666666666665        4.3333333333333330       0.18424547063180693     
   2.6666666666666665        4.6666666666666661       0.21007376318896079     
   2.6666666666666665        5.0000000000000000       0.22873026487479120     
   2.6666666666666665        5.3333333333333330       0.23696236143137800     
   2.6666666666666665        5.6666666666666661       0.23124698394642837     
   2.6666666666666665        6.0000000000000000       0.21132552860957324     
   2.6666666666666665        6.3333333333333330       0.22176943455999698     
   2.6666666666666665        6.6666666666666661       0.20019940399762975     
   2.6666666666666665        7.0000000000000000       0.17934010215838975     
   2.6666666666666665        7.3333333333333330       0.17570604913651972     
   2.6666666666666665        7.6666666666666661       0.15481516342211687     
   2.6666666666666665        8.0000000000000000        3.7469669609009805E-002
   2.6666666666666665        8.3333333333333321        3.7823369210925613E-002
   2.6666666666666665        8.6666666666666661        3.1563228610585768E-002
   2.6666666666666665        9.0000000000000000        2.5630446966500246E-002
   2.6666666666666665        9.3333333333333321        1.6326890712002474E-002
   2.6666666666666665        9.6666666666666661        7.8624739344803889E-003
   2.6666666666666665        10.000000000000000        0.0000000000000000     
 
   3.0000000000000000        0.0000000000000000        0.0000000000000000     
   3.0000000000000000       0.33333333333333331        9.9273067329712899E-003
   3.0000000000000000       0.66666666666666663        1.9685165827112775E-002
   3.0000000000000000        1.0000000000000000        2.7997493927820281E-002
   3.0000000000000000        1.3333333333333333        6.4050070270149154E-002
   3.0000000000000000        1.6666666666666665        6.9089770868162204E-002
   3.0000000000000000        2.0000000000000000        8.2054119246138257E-002
   3.0000000000000000        2.3333333333333330        9.5358747610718886E-002
   3.0000000000000000        2.6666666666666665       0.10716566506807565     
   3.0000000000000000        3.0000000000000000       0.11885646549862758     
   3.0000000000000000        3.3333333333333330       0.14799633895392159     
   3.0000000000000000        3.6666666666666665       0.14170125919027579     
   3.0000000000000000        4.0000000000000000       0.20250306491282904     
   3.0000000000000000        4.3333333333333330       0.20142639591508016     
   3.0000000000000000        4.6666666666666661       0.21440434932642682     
   3.0000000000000000        5.0000000000000000       0.23493451188201386     
   3.0000000000000000        5.3333333333333330       0.25928328211314233     
   3.0000000000000000        5.6666666666666661       0.26153450824285340     
   3.0000000000000000        6.0000000000000000       0.26616864337872109     
   3.0000000000000000        6.3333333333333330       0.24074053114415375     
   3.0000000000000000        6.6666666666666661       0.23112658449537729     
   3.0000000000000000        7.0000000000000000       0.20646567431466895     
   3.0000000000000000        7.3333333333333330       0.19037930600175129     
   3.0000000000000000        7.6666666666666661       0.17466918433844020     
   3.0000000000000000        8.0000000000000000       0.15414921496987821     
   3.0000000000000000        8.3333333333333321        3.0627502403328111E-002
   3.0000000000000000        8.6666666666666661        3.1023996160832738E-002
   3.0000000000000000        9.0000000000000000        3.1232212473622418E-002
   3.0000000000000000        9.3333333333333321        1.5464437953055283E-002
   3.0000000000000000        9.6666666666666661        8.5189823070356916E-003
   3.0000000000000000        10.000000000000000        0.0000000000000000     
 
   3.3333333333333330        0.0000000000000000        0.0000000000000000     
   3.3333333333333330       0.33333333333333331        1.1986465893152819E-002
   3.3333333333333330       0.66666666666666663        2.4587822312915592E-002
   3.3333333333333330        1.0000000000000000        3.8859428425802277E-002
   3.3333333333333330        1.3333333333333333        5.9313924479452051E-002
   3.3333333333333330        1.6666666666666665        7.3536286318953051E-002
   3.3333333333333330        2.0000000000000000        8.8549277694410899E-002
   3.3333333333333330        2.3333333333333330       0.10423183275390084     
   3.3333333333333330        2.6666666666666665       0.12014324204652216     
   3.3333333333333330        3.0000000000000000       0.13641430342146588     
   3.3333333333333330        3.3333333333333330       0.15372151030679479     
   3.3333333333333330        3.6666666666666665       0.15963790936113065     
   3.3333333333333330        4.0000000000000000       0.20059728157738832     
   3.3333333333333330        4.3333333333333330       0.20337763426852182     
   3.3333333333333330        4.6666666666666661       0.20959297724211609     
   3.3333333333333330        5.0000000000000000       0.32083006822632515     
   3.3333333333333330        5.3333333333333330       0.30024403460546467     
   3.3333333333333330        5.6666666666666661       0.29044141839001458     
   3.3333333333333330        6.0000000000000000       0.28763420094282866     
   3.3333333333333330        6.3333333333333330       0.27061527258571882     
   3.3333333333333330        6.6666666666666661       0.24955422067839705     
   3.3333333333333330        7.0000000000000000       0.22050997723003524     
   3.3333333333333330        7.3333333333333330       0.20303122830363035     
   3.3333333333333330        7.6666666666666661       0.17751581259422619     
   3.3333333333333330        8.0000000000000000       0.15354753917867772     
   3.3333333333333330        8.3333333333333321        9.5872822439177705E-002
   3.3333333333333330        8.6666666666666661        5.0495297125522670E-002
   3.3333333333333330        9.0000000000000000        3.7344666750678476E-002
   3.3333333333333330        9.3333333333333321        2.2541579356293751E-002
   3.3333333333333330        9.6666666666666661        1.0829179922081702E-002
   3.3333333333333330        10.000000000000000        0.0000000000000000     
 
   3.6666666666666665        0.0000000000000000        0.0000000000000000     
   3.6666666666666665       0.33333333333333331        1.3517316096934911E-002
   3.6666666666666665       0.66666666666666663        2.7982676905401044E-002
   3.6666666666666665        1.0000000000000000        4.3755377754763521E-002
   3.6666666666666665        1.3333333333333333        6.1056795177657448E-002
   3.6666666666666665        1.6666666666666665        7.7407497615683343E-002
   3.6666666666666665        2.0000000000000000        9.4494600301721438E-002
   3.6666666666666665        2.3333333333333330       0.11283812278715356     
   3.6666666666666665        2.6666666666666665       0.13251164475000282     
   3.6666666666666665        3.0000000000000000       0.15243633956312952     
   3.6666666666666665        3.3333333333333330       0.17005526730253137     
   3.6666666666666665        3.6666666666666665       0.18263582909616724     
   3.6666666666666665        4.0000000000000000       0.19647407142303347     
   3.6666666666666665        4.3333333333333330       0.20059728157738832     
   3.6666666666666665        4.6666666666666661       0.35365261935078873     
   3.6666666666666665        5.0000000000000000       0.33545798181368269     
   3.6666666666666665        5.3333333333333330       0.32529649247075859     
   3.6666666666666665        5.6666666666666661       0.30759557647684210     
   3.6666666666666665        6.0000000000000000       0.30159428724935061     
   3.6666666666666665        6.3333333333333330       0.28753437525406833     
   3.6666666666666665        6.6666666666666661       0.27252216107611310     
   3.6666666666666665        7.0000000000000000       0.23799012956799023     
   3.6666666666666665        7.3333333333333330       0.22175308753608214     
   3.6666666666666665        7.6666666666666661       0.12847543788774543     
   3.6666666666666665        8.0000000000000000       0.12827225312438001     
   3.6666666666666665        8.3333333333333321        9.6000599489760877E-002
   3.6666666666666665        8.6666666666666661        6.3887523353019435E-002
   3.6666666666666665        9.0000000000000000        4.5349864965508031E-002
   3.6666666666666665        9.3333333333333321        2.6690111256309434E-002
   3.6666666666666665        9.6666666666666661        1.2341052364754877E-002
   3.6666666666666665        10.000000000000000        0.0000000000000000     
 
   4.0000000000000000        0.0000000000000000        0.0000000000000000     
   4.0000000000000000       0.33333333333333331        1.4184232740115075E-002
   4.0000000000000000       0.66666666666666663        3.0226713408795895E-002
   4.0000000000000000        1.0000000000000000        4.7323815953635585E-002
   4.0000000000000000        1.3333333333333333        6.3951159486934042E-002
   4.0000000000000000        1.6666666666666665        8.0675291317489572E-002
   4.0000000000000000        2.0000000000000000        9.9167632173571996E-002
   4.0000000000000000        2.3333333333333330       0.11986268376061893     
   4.0000000000000000        2.6666666666666665       0.14405485094893197     
   4.0000000000000000        3.0000000000000000       0.16982457191693118     
   4.0000000000000000        3.3333333333333330       0.19017192286567070     
   4.0000000000000000        3.6666666666666665       0.20295936838758130     
   4.0000000000000000        4.0000000000000000       0.20060767836172394     
   4.0000000000000000        4.3333333333333330       0.36730750770104936     
   4.0000000000000000        4.6666666666666661       0.36444197848492238     
   4.0000000000000000        5.0000000000000000       0.36355961832832578     
   4.0000000000000000        5.3333333333333330       0.35170597041181945     
   4.0000000000000000        5.6666666666666661       0.33551638794631244     
   4.0000000000000000        6.0000000000000000       0.31835372011738394     
   4.0000000000000000        6.3333333333333330       0.30064675489449610     
   4.0000000000000000        6.6666666666666661       0.27625362088656474     
   4.0000000000000000        7.0000000000000000       0.25120943345029290     
   4.0000000000000000        7.3333333333333330       0.19019936042266244     
   4.0000000000000000        7.6666666666666661       0.14488828801581946     
   4.0000000000000000        8.0000000000000000       0.13475730040279943     
   4.0000000000000000        8.3333333333333321       0.10232513701597643     
   4.0000000000000000        8.6666666666666661        6.3387847989329560E-002
   4.0000000000000000        9.0000000000000000        5.3685439506779127E-002
   4.0000000000000000        9.3333333333333321        2.0998590212957146E-002
   4.0000000000000000        9.6666666666666661        1.1927834334399453E-002
   4.0000000000000000        10.000000000000000        0.0000000000000000     
 
   4.3333333333333330        0.0000000000000000        0.0000000000000000     
   4.3333333333333330       0.33333333333333331        1.3072814903404386E-002
   4.3333333333333330       0.66666666666666663        3.1567610886225277E-002
   4.3333333333333330        1.0000000000000000        5.1553090977901249E-002
   4.3333333333333330        1.3333333333333333        6.6920272006568346E-002
   4.3333333333333330        1.6666666666666665        8.2249811835345507E-002
   4.3333333333333330        2.0000000000000000       0.10151498990950374     
   4.3333333333333330        2.3333333333333330       0.12295529735566542     
   4.3333333333333330        2.6666666666666665       0.15311682078984307     
   4.3333333333333330        3.0000000000000000       0.19116710537459594     
   4.3333333333333330        3.3333333333333330       0.21593290249982053     
   4.3333333333333330        3.6666666666666665       0.23628973785595436     
   4.3333333333333330        4.0000000000000000       0.35322060942531303     
   4.3333333333333330        4.3333333333333330       0.36205784910544719     
   4.3333333333333330        4.6666666666666661       0.37165007602704087     
   4.3333333333333330        5.0000000000000000       0.36754284371631413     
   4.3333333333333330        5.3333333333333330       0.35891912291152239     
   4.3333333333333330        5.6666666666666661       0.34600037348951285     
   4.3333333333333330        6.0000000000000000       0.32968474659075347     
   4.3333333333333330        6.3333333333333330       0.31515603671756193     
   4.3333333333333330        6.6666666666666661       0.26472053542890489     
   4.3333333333333330        7.0000000000000000       0.23585107610750092     
   4.3333333333333330        7.3333333333333330       0.18847537857129515     
   4.3333333333333330        7.6666666666666661       0.15437193950140934     
   4.3333333333333330        8.0000000000000000       0.13066076394351200     
   4.3333333333333330        8.3333333333333321       0.10227358409398106     
   4.3333333333333330        8.6666666666666661        7.3260016451840604E-002
   4.3333333333333330        9.0000000000000000        5.2513465315586615E-002
   4.3333333333333330        9.3333333333333321        3.0177070534088329E-002
   4.3333333333333330        9.6666666666666661        1.4440562761007447E-002
   4.3333333333333330        10.000000000000000        0.0000000000000000     
 
   4.6666666666666661        0.0000000000000000        0.0000000000000000     
   4.6666666666666661       0.33333333333333331        6.6095602777874116E-003
   4.6666666666666661       0.66666666666666663        6.0302280185017897E-002
   4.6666666666666661        1.0000000000000000        6.0598513554369259E-002
   4.6666666666666661        1.3333333333333333        7.0094537250286179E-002
   4.6666666666666661        1.6666666666666665        7.9950255349077959E-002
   4.6666666666666661        2.0000000000000000       0.11157597706937078     
   4.6666666666666661        2.3333333333333330       0.11681585557590073     
   4.6666666666666661        2.6666666666666665       0.22677272037780763     
   4.6666666666666661        3.0000000000000000       0.22366494196419237     
   4.6666666666666661        3.3333333333333330       0.24329592547649492     
   4.6666666666666661        3.6666666666666665       0.28656472030892105     
   4.6666666666666661        4.0000000000000000       0.33672630777919516     
   4.6666666666666661        4.3333333333333330       0.35768030862923966     
   4.6666666666666661        4.6666666666666661       0.36748078483184893     
   4.6666666666666661        5.0000000000000000       0.36797203718675947     
   4.6666666666666661        5.3333333333333330       0.36274382533694027     
   4.6666666666666661        5.6666666666666661       0.35274496133278549     
   4.6666666666666661        6.0000000000000000       0.33276666229155022     
   4.6666666666666661        6.3333333333333330       0.30925122664216920     
   4.6666666666666661        6.6666666666666661       0.28947727787629385     
   4.6666666666666661        7.0000000000000000       0.17292901703113214     
   4.6666666666666661        7.3333333333333330       0.17172091659308653     
   4.6666666666666661        7.6666666666666661       0.15253995875798024     
   4.6666666666666661        8.0000000000000000       0.13075717225605402     
   4.6666666666666661        8.3333333333333321       0.10271314207864515     
   4.6666666666666661        8.6666666666666661        7.4945125200462939E-002
   4.6666666666666661        9.0000000000000000        5.3079592767653720E-002
   4.6666666666666661        9.3333333333333321        3.2877744855738980E-002
   4.6666666666666661        9.6666666666666661        1.5727759345325366E-002
   4.6666666666666661        10.000000000000000        0.0000000000000000     
 
   5.0000000000000000        0.0000000000000000        0.0000000000000000     
   5.0000000000000000       0.33333333333333331        6.7939264869409004E-003
   5.0000000000000000       0.66666666666666663        5.0713709529034999E-002
   5.0000000000000000        1.0000000000000000        6.0680727530358608E-002
   5.0000000000000000        1.3333333333333333        7.3093442153092797E-002
   5.0000000000000000        1.6666666666666665        8.7624306304407748E-002
   5.0000000000000000        2.0000000000000000       0.10613962150371346     
   5.0000000000000000        2.3333333333333330       0.11560482908719789     
   5.0000000000000000        2.6666666666666665       0.23362313239574206     
   5.0000000000000000        3.0000000000000000       0.23037003188567656     
   5.0000000000000000        3.3333333333333330       0.33152605342594832     
   5.0000000000000000        3.6666666666666665       0.32472440680761544     
   5.0000000000000000        4.0000000000000000       0.34240598956544332     
   5.0000000000000000        4.3333333333333330       0.35666663981093505     
   5.0000000000000000        4.6666666666666661       0.36449272059763405     
   5.0000000000000000        5.0000000000000000       0.36601003912987051     
   5.0000000000000000        5.3333333333333330       0.36347008938602104     
   5.0000000000000000        5.6666666666666661       0.36202771760780200     
   5.0000000000000000        6.0000000000000000       0.29555187175702846     
   5.0000000000000000        6.3333333333333330       0.29389861072776896     
   5.0000000000000000        6.6666666666666661       0.24308117988456099     
   5.0000000000000000        7.0000000000000000       0.18719397259851547     
   5.0000000000000000        7.3333333333333330       0.17167273639036826     
   5.0000000000000000        7.6666666666666661       0.15244065688372543     
   5.0000000000000000        8.0000000000000000       0.13661456115290765     
   5.0000000000000000        8.3333333333333321        8.1910464350439027E-002
   5.0000000000000000        8.6666666666666661        7.0798168520175619E-002
   5.0000000000000000        9.0000000000000000        5.2124522252348454E-002
   5.0000000000000000        9.3333333333333321        3.2655444681896510E-002
   5.0000000000000000        9.6666666666666661        1.5666892168637710E-002
   5.0000000000000000        10.000000000000000        0.0000000000000000     
 
   5.3333333333333330        0.0000000000000000        0.0000000000000000     
   5.3333333333333330       0.33333333333333331        1.3809530245495246E-002
   5.3333333333333330       0.66666666666666663        4.0961283700212299E-002
   5.3333333333333330        1.0000000000000000        5.8529143478655822E-002
   5.3333333333333330        1.3333333333333333        7.4130380774753896E-002
   5.3333333333333330        1.6666666666666665        9.1359989163375191E-002
   5.3333333333333330        2.0000000000000000       0.10960711591456268     
   5.3333333333333330        2.3333333333333330       0.12357200257030616     
   5.3333333333333330        2.6666666666666665       0.21338666466476819     
   5.3333333333333330        3.0000000000000000       0.23062206337699093     
   5.3333333333333330        3.3333333333333330       0.32251011442045613     
   5.3333333333333330        3.6666666666666665       0.33185582556360183     
   5.3333333333333330        4.0000000000000000       0.34431858497309503     
   5.3333333333333330        4.3333333333333330       0.35437757600909808     
   5.3333333333333330        4.6666666666666661       0.35982180589039370     
   5.3333333333333330        5.0000000000000000       0.36007320605745785     
   5.3333333333333330        5.3333333333333330       0.35518549785143333     
   5.3333333333333330        5.6666666666666661       0.30363567239296002     
   5.3333333333333330        6.0000000000000000       0.29200678226372595     
   5.3333333333333330        6.3333333333333330       0.27174531537843399     
   5.3333333333333330        6.6666666666666661       0.23972010700817412     
   5.3333333333333330        7.0000000000000000       0.20102886219259011     
   5.3333333333333330        7.3333333333333330       0.17405294078645925     
   5.3333333333333330        7.6666666666666661       0.14808390695331755     
   5.3333333333333330        8.0000000000000000       0.12608661208032751     
   5.3333333333333330        8.3333333333333321        9.3163126641835764E-002
   5.3333333333333330        8.6666666666666661        7.4368978788962439E-002
   5.3333333333333330        9.0000000000000000        5.2134334739860864E-002
   5.3333333333333330        9.3333333333333321        3.0094128572357565E-002
   5.3333333333333330        9.6666666666666661        1.4364053724686245E-002
   5.3333333333333330        10.000000000000000        0.0000000000000000     
 
   5.6666666666666661        0.0000000000000000        0.0000000000000000     
   5.6666666666666661       0.33333333333333331        7.5498118947416697E-003
   5.6666666666666661       0.66666666666666663        1.9195349444659296E-002
   5.6666666666666661        1.0000000000000000        5.2876160342543166E-002
   5.6666666666666661        1.3333333333333333        7.3660983479030620E-002
   5.6666666666666661        1.6666666666666665        9.4071081376492033E-002
   5.6666666666666661        2.0000000000000000       0.11714471473873046     
   5.6666666666666661        2.3333333333333330       0.14503894420273075     
   5.6666666666666661        2.6666666666666665       0.19344793323731641     
   5.6666666666666661        3.0000000000000000       0.24487103286893899     
   5.6666666666666661        3.3333333333333330       0.30678762973135010     
   5.6666666666666661        3.6666666666666665       0.32914435189419750     
   5.6666666666666661        4.0000000000000000       0.34145184794260219     
   5.6666666666666661        4.3333333333333330       0.34914544138902431     
   5.6666666666666661        4.6666666666666661       0.35257903062317114     
   5.6666666666666661        5.0000000000000000       0.35149858725565392     
   5.6666666666666661        5.3333333333333330       0.33443148070828715     
   5.6666666666666661        5.6666666666666661       0.30973506086712888     
   5.6666666666666661        6.0000000000000000       0.25877585772459788     
   5.6666666666666661        6.3333333333333330       0.25697726241349039     
   5.6666666666666661        6.6666666666666661       0.20511609717280474     
   5.6666666666666661        7.0000000000000000       0.17159257475200596     
   5.6666666666666661        7.3333333333333330       0.14190334297302215     
   5.6666666666666661        7.6666666666666661       0.13899661495859550     
   5.6666666666666661        8.0000000000000000        9.6851132697424264E-002
   5.6666666666666661        8.3333333333333321        9.0337425105052646E-002
   5.6666666666666661        8.6666666666666661        8.1559197435024031E-002
   5.6666666666666661        9.0000000000000000        2.1181845812367279E-002
   5.6666666666666661        9.3333333333333321        2.1375388651413398E-002
   5.6666666666666661        9.6666666666666661        1.1780619708859559E-002
   5.6666666666666661        10.000000000000000        0.0000000000000000     
 
   6.0000000000000000        0.0000000000000000        0.0000000000000000     
   6.0000000000000000       0.33333333333333331        8.8878961790949309E-003
   6.0000000000000000       0.66666666666666663        1.9357413420937705E-002
   6.0000000000000000        1.0000000000000000        3.2243426968309598E-002
   6.0000000000000000        1.3333333333333333        0.0000000000000000     
   6.0000000000000000        1.6666666666666665       0.11950343856166841     
   6.0000000000000000        2.0000000000000000       0.11956880055352988     
   6.0000000000000000        2.3333333333333330       0.15540955383661159     
   6.0000000000000000        2.6666666666666665       0.16835824742103625     
   6.0000000000000000        3.0000000000000000       0.33138834134804163     
   6.0000000000000000        3.3333333333333330       0.32481849708483340     
   6.0000000000000000        3.6666666666666665       0.32992779887426815     
   6.0000000000000000        4.0000000000000000       0.33621109702593699     
   6.0000000000000000        4.3333333333333330       0.34089715289914146     
   6.0000000000000000        4.6666666666666661       0.34243076416052276     
   6.0000000000000000        5.0000000000000000       0.31794221797490968     
   6.0000000000000000        5.3333333333333330       0.31455885493191010     
   6.0000000000000000        5.6666666666666661       0.28534871096023262     
   6.0000000000000000        6.0000000000000000       0.25666784497913298     
   6.0000000000000000        6.3333333333333330       0.23655293389381560     
   6.0000000000000000        6.6666666666666661       0.20296851665190155     
   6.0000000000000000        7.0000000000000000       0.17041457312567138     
   6.0000000000000000        7.3333333333333330       0.14431441746263513     
   6.0000000000000000        7.6666666666666661       0.12652685863547758     
   6.0000000000000000        8.0000000000000000       0.10356489723601937     
   6.0000000000000000        8.3333333333333321        8.9984070208431660E-002
   6.0000000000000000        8.6666666666666661        8.0225835046956684E-002
   6.0000000000000000        9.0000000000000000        3.2340561066588780E-002
   6.0000000000000000        9.3333333333333321        2.2611034300272937E-002
   6.0000000000000000        9.6666666666666661        1.1475771462639783E-002
   6.0000000000000000        10.000000000000000        0.0000000000000000     
 
   6.3333333333333330        0.0000000000000000        0.0000000000000000     
   6.3333333333333330       0.33333333333333331        8.7133157190053805E-003
   6.3333333333333330       0.66666666666666663        1.7242421757402551E-002
   6.3333333333333330        1.0000000000000000        2.4659924923726248E-002
   6.3333333333333330        1.3333333333333333        7.6775135445434628E-002
   6.3333333333333330        1.6666666666666665       0.11037476401171496     
   6.3333333333333330        2.0000000000000000       0.12203592008398285     
   6.3333333333333330        2.3333333333333330       0.14177995606950602     
   6.3333333333333330        2.6666666666666665       0.15508873416282326     
   6.3333333333333330        3.0000000000000000       0.17445825857253874     
   6.3333333333333330        3.3333333333333330       0.32932982894276558     
   6.3333333333333330        3.6666666666666665       0.32306825579779319     
   6.3333333333333330        4.0000000000000000       0.32588352400114828     
   6.3333333333333330        4.3333333333333330       0.32893558567080611     
   6.3333333333333330        4.6666666666666661       0.32687697460795873     
   6.3333333333333330        5.0000000000000000       0.31530823166375638     
   6.3333333333333330        5.3333333333333330       0.25498957150560930     
   6.3333333333333330        5.6666666666666661       0.25554108479394150     
   6.3333333333333330        6.0000000000000000       0.24213072277839168     
   6.3333333333333330        6.3333333333333330       0.22639997678933763     
   6.3333333333333330        6.6666666666666661       0.19764625674841071     
   6.3333333333333330        7.0000000000000000       0.16156388263056476     
   6.3333333333333330        7.3333333333333330       0.13782758554655156     
   6.3333333333333330        7.6666666666666661       0.11898772651078614     
   6.3333333333333330        8.0000000000000000       0.10100688337781610     
   6.3333333333333330        8.3333333333333321        8.6053729320899372E-002
   6.3333333333333330        8.6666666666666661        6.9434525856678017E-002
   6.3333333333333330        9.0000000000000000        4.2347910594189977E-002
   6.3333333333333330        9.3333333333333321        2.5451665871476108E-002
   6.3333333333333330        9.6666666666666661        1.1616433242844544E-002
   6.3333333333333330        10.000000000000000        0.0000000000000000     
 
   6.6666666666666661        0.0000000000000000        0.0000000000000000     
   6.6666666666666661       0.33333333333333331        8.8012278688810123E-003
   6.6666666666666661       0.66666666666666663        1.6381093523903784E-002
   6.6666666666666661        1.0000000000000000        6.2263408165846745E-002
   6.6666666666666661        1.3333333333333333        7.7435110664184778E-002
   6.6666666666666661        1.6666666666666665        9.9025454835940316E-002
   6.6666666666666661        2.0000000000000000       0.11649952718777781     
   6.6666666666666661        2.3333333333333330       0.13428812671148163     
   6.6666666666666661        2.6666666666666665       0.15451660201976453     
   6.6666666666666661        3.0000000000000000       0.17369566460607003     
   6.6666666666666661        3.3333333333333330       0.26579849648119497     
   6.6666666666666661        3.6666666666666665       0.30106116001314626     
   6.6666666666666661        4.0000000000000000       0.30913443751924541     
   6.6666666666666661        4.3333333333333330       0.31576331460672263     
   6.6666666666666661        4.6666666666666661       0.31455060715137328     
   6.6666666666666661        5.0000000000000000       0.29522713088548763     
   6.6666666666666661        5.3333333333333330       0.25067679140190208     
   6.6666666666666661        5.6666666666666661       0.23588196427764127     
   6.6666666666666661        6.0000000000000000       0.22654992783386185     
   6.6666666666666661        6.3333333333333330       0.16102525220865754     
   6.6666666666666661        6.6666666666666661       0.14011831177172157     
   6.6666666666666661        7.0000000000000000       0.13936280991459268     
   6.6666666666666661        7.3333333333333330       0.12599891065852642     
   6.6666666666666661        7.6666666666666661       0.11049244554695005     
   6.6666666666666661        8.0000000000000000        9.5576419117071224E-002
   6.6666666666666661        8.3333333333333321        8.4074523986405580E-002
   6.6666666666666661        8.6666666666666661        4.6718276320760400E-002
   6.6666666666666661        9.0000000000000000        4.2482653075963300E-002
   6.6666666666666661        9.3333333333333321        1.7454277034489520E-002
   6.6666666666666661        9.6666666666666661        9.6519697038875089E-003
   6.6666666666666661        10.000000000000000        0.0000000000000000     
 
   7.0000000000000000        0.0000000000000000        0.0000000000000000     
   7.0000000000000000       0.33333333333333331        1.0202289559414280E-002
   7.0000000000000000       0.66666666666666663        2.3264302247183358E-002
   7.0000000000000000        1.0000000000000000        4.7631369743352761E-002
   7.0000000000000000        1.3333333333333333        7.2250190574182763E-002
   7.0000000000000000        1.6666666666666665        9.2244947947074635E-002
   7.0000000000000000        2.0000000000000000       0.11088674881849436     
   7.0000000000000000        2.3333333333333330       0.12430077335626991     
   7.0000000000000000        2.6666666666666665       0.17383188463113169     
   7.0000000000000000        3.0000000000000000       0.19126881358419684     
   7.0000000000000000        3.3333333333333330       0.22666329017508846     
   7.0000000000000000        3.6666666666666665       0.26750761703390574     
   7.0000000000000000        4.0000000000000000       0.28836117017779839     
   7.0000000000000000        4.3333333333333330       0.30468537155146874     
   7.0000000000000000        4.6666666666666661       0.15537490832132211     
   7.0000000000000000        5.0000000000000000       0.19868265691789916     
   7.0000000000000000        5.3333333333333330       0.21298397929188972     
   7.0000000000000000        5.6666666666666661       0.20761323677112367     
   7.0000000000000000        6.0000000000000000       0.19879364548969211     
   7.0000000000000000        6.3333333333333330       0.16023915626817503     
   7.0000000000000000        6.6666666666666661       0.14054552591268124     
   7.0000000000000000        7.0000000000000000       0.12938051301124037     
   7.0000000000000000        7.3333333333333330       0.11615295932615773     
   7.0000000000000000        7.6666666666666661       0.10147679968086025     
   7.0000000000000000        8.0000000000000000        8.6976233570314587E-002
   7.0000000000000000        8.3333333333333321        7.0931748750265811E-002
   7.0000000000000000        8.6666666666666661        5.1400008048419647E-002
   7.0000000000000000        9.0000000000000000        3.8783112776622768E-002
   7.0000000000000000        9.3333333333333321        2.5474741288847386E-002
   7.0000000000000000        9.6666666666666661        3.8058763982013058E-003
   7.0000000000000000        10.000000000000000        0.0000000000000000     
 
   7.3333333333333330        0.0000000000000000        0.0000000000000000     
   7.3333333333333330       0.33333333333333331        8.8569818494847481E-003
   7.3333333333333330       0.66666666666666663        1.9082753503456295E-002
   7.3333333333333330        1.0000000000000000        3.3183274243243216E-002
   7.3333333333333330        1.3333333333333333        8.3326887157700272E-002
   7.3333333333333330        1.6666666666666665        8.7413410920415116E-002
   7.3333333333333330        2.0000000000000000       0.11520483581931698     
   7.3333333333333330        2.3333333333333330       0.12795413608338671     
   7.3333333333333330        2.6666666666666665       0.15555494657752469     
   7.3333333333333330        3.0000000000000000       0.18952248975856048     
   7.3333333333333330        3.3333333333333330       0.22042680005717924     
   7.3333333333333330        3.6666666666666665       0.24284254207734410     
   7.3333333333333330        4.0000000000000000       0.26750761703390574     
   7.3333333333333330        4.3333333333333330       0.15537490832132211     
   7.3333333333333330        4.6666666666666661       0.15500140694938144     
   7.3333333333333330        5.0000000000000000       0.18253632541654216     
   7.3333333333333330        5.3333333333333330       0.19259676715626886     
   7.3333333333333330        5.6666666666666661       0.18054309162558457     
   7.3333333333333330        6.0000000000000000       0.13448912091582363     
   7.3333333333333330        6.3333333333333330       0.13975091991403316     
   7.3333333333333330        6.6666666666666661       0.13210538667076588     
   7.3333333333333330        7.0000000000000000       0.12132714846964841     
   7.3333333333333330        7.3333333333333330       0.10780744458641643     
   7.3333333333333330        7.6666666666666661        9.2500357590663204E-002
   7.3333333333333330        8.0000000000000000        8.0255137767483470E-002
   7.3333333333333330        8.3333333333333321        6.1685028777294398E-002
   7.3333333333333330        8.6666666666666661        4.9602763477386472E-002
   7.3333333333333330        9.0000000000000000        3.6164842450192212E-002
   7.3333333333333330        9.3333333333333321        2.0485655980589875E-002
   7.3333333333333330        9.6666666666666661        7.6685193668161403E-003
   7.3333333333333330        10.000000000000000        0.0000000000000000     
 
   7.6666666666666661        0.0000000000000000        0.0000000000000000     
   7.6666666666666661       0.33333333333333331        6.2515373340098516E-003
   7.6666666666666661       0.66666666666666663        1.1245928831598875E-002
   7.6666666666666661        1.0000000000000000        7.9096162565542152E-002
   7.6666666666666661        1.3333333333333333        8.0277681861169445E-002
   7.6666666666666661        1.6666666666666665        8.7562945995847422E-002
   7.6666666666666661        2.0000000000000000       0.10301133595148315     
   7.6666666666666661        2.3333333333333330       0.11701247201301704     
   7.6666666666666661        2.6666666666666665       0.13052629008025032     
   7.6666666666666661        3.0000000000000000       0.12879189234052482     
   7.6666666666666661        3.3333333333333330       0.18117773689625724     
   7.6666666666666661        3.6666666666666665       0.21297312403226207     
   7.6666666666666661        4.0000000000000000        7.3463535212159856E-002
   7.6666666666666661        4.3333333333333330       0.11251524027676181     
   7.6666666666666661        4.6666666666666661       0.12628153465711478     
   7.6666666666666661        5.0000000000000000       0.10892407081776247     
   7.6666666666666661        5.3333333333333330       0.14039004121970819     
   7.6666666666666661        5.6666666666666661       0.13992415428165744     
   7.6666666666666661        6.0000000000000000       0.12901042380586913     
   7.6666666666666661        6.3333333333333330       0.13185823275557804     
   7.6666666666666661        6.6666666666666661       0.12667570235045267     
   7.6666666666666661        7.0000000000000000       0.11608098625083739     
   7.6666666666666661        7.3333333333333330       0.10145617273858329     
   7.6666666666666661        7.6666666666666661        8.0785032978382937E-002
   7.6666666666666661        8.0000000000000000        4.3040101779939555E-002
   7.6666666666666661        8.3333333333333321        4.6406855612303725E-002
   7.6666666666666661        8.6666666666666661        2.4331866053717739E-002
   7.6666666666666661        9.0000000000000000        1.4047592307951020E-002
   7.6666666666666661        9.3333333333333321        1.2891080723097062E-002
   7.6666666666666661        9.6666666666666661        6.4910172931274815E-003
   7.6666666666666661        10.000000000000000        0.0000000000000000     
 
   8.0000000000000000        0.0000000000000000        0.0000000000000000     
   8.0000000000000000       0.33333333333333331        4.9937029580861244E-003
   8.0000000000000000       0.66666666666666663        8.5610745962991890E-003
   8.0000000000000000        1.0000000000000000        7.1061233767096610E-002
   8.0000000000000000        1.3333333333333333        7.2204727468356503E-002
   8.0000000000000000        1.6666666666666665        8.0501616484090502E-002
   8.0000000000000000        2.0000000000000000        9.3019526098841773E-002
   8.0000000000000000        2.3333333333333330       0.10709164328357229     
   8.0000000000000000        2.6666666666666665       0.11929360862636364     
   8.0000000000000000        3.0000000000000000       0.12940370049530381     
   8.0000000000000000        3.3333333333333330       0.14846047543251756     
   8.0000000000000000        3.6666666666666665        7.3463535212159856E-002
   8.0000000000000000        4.0000000000000000        7.4432841388117718E-002
   8.0000000000000000        4.3333333333333330        9.9276524989784870E-002
   8.0000000000000000        4.6666666666666661       0.11159242546817662     
   8.0000000000000000        5.0000000000000000       0.10984688562634763     
   8.0000000000000000        5.3333333333333330        9.7058989176996263E-002
   8.0000000000000000        5.6666666666666661       0.10922712530774006     
   8.0000000000000000        6.0000000000000000       0.10957485747028416     
   8.0000000000000000        6.3333333333333330        0.0000000000000000     
   8.0000000000000000        6.6666666666666661       0.11454643348832495     
   8.0000000000000000        7.0000000000000000       0.11509406120956592     
   8.0000000000000000        7.3333333333333330        3.9888985581626492E-002
   8.0000000000000000        7.6666666666666661        4.8794678574760587E-002
   8.0000000000000000        8.0000000000000000        4.0215734581985359E-002
   8.0000000000000000        8.3333333333333321        3.5010649476223038E-002
   8.0000000000000000        8.6666666666666661        2.4794998486207906E-002
   8.0000000000000000        9.0000000000000000        1.5473037059245593E-002
   8.0000000000000000        9.3333333333333321        1.0756214139725015E-002
   8.0000000000000000        9.6666666666666661        5.5150527261019246E-003
   8.0000000000000000        10.000000000000000        0.0000000000000000     
 
   8.3333333333333321        0.0000000000000000        0.0000000000000000     
   8.3333333333333321       0.33333333333333331        5.2494593876922565E-003
   8.3333333333333321       0.66666666666666663        9.5915216143601951E-003
   8.3333333333333321        1.0000000000000000        4.4599296221284272E-002
   8.3333333333333321        1.3333333333333333        5.8028589467428372E-002
   8.3333333333333321        1.6666666666666665        7.0200347665802729E-002
   8.3333333333333321        2.0000000000000000        8.2348723954896147E-002
   8.3333333333333321        2.3333333333333330        9.9781653088557090E-002
   8.3333333333333321        2.6666666666666665       0.11075410671971971     
   8.3333333333333321        3.0000000000000000       0.12156687933545807     
   8.3333333333333321        3.3333333333333330       0.13481946333264133     
   8.3333333333333321        3.6666666666666665        5.1498428349622254E-002
   8.3333333333333321        4.0000000000000000        5.2426375304938815E-002
   8.3333333333333321        4.3333333333333330        2.6569919057318862E-002
   8.3333333333333321        4.6666666666666661        2.4828748614424492E-002
   8.3333333333333321        5.0000000000000000        8.4694904565528445E-002
   8.3333333333333321        5.3333333333333330        8.5080634687664441E-002
   8.3333333333333321        5.6666666666666661        9.0347998995449721E-002
   8.3333333333333321        6.0000000000000000        9.0515999647266629E-002
   8.3333333333333321        6.3333333333333330        4.8125203819311194E-002
   8.3333333333333321        6.6666666666666661        0.0000000000000000     
   8.3333333333333321        7.0000000000000000        2.7763256446261344E-002
   8.3333333333333321        7.3333333333333330        3.1488929040264395E-002
   8.3333333333333321        7.6666666666666661        3.4777169787451240E-002
   8.3333333333333321        8.0000000000000000        3.4536207262842664E-002
   8.3333333333333321        8.3333333333333321        2.9118887211216225E-002
   8.3333333333333321        8.6666666666666661        1.3235576338605897E-002
   8.3333333333333321        9.0000000000000000        1.2595826193586014E-002
   8.3333333333333321        9.3333333333333321        9.3570111573338648E-003
   8.3333333333333321        9.6666666666666661        4.9219316407015778E-003
   8.3333333333333321        10.000000000000000        0.0000000000000000     
 
   8.6666666666666661        0.0000000000000000        0.0000000000000000     
   8.6666666666666661       0.33333333333333331        6.5162538392761057E-003
   8.6666666666666661       0.66666666666666663        1.5151038843959817E-002
   8.6666666666666661        1.0000000000000000        3.1942702047714398E-002
   8.6666666666666661        1.3333333333333333        4.6015278152595263E-002
   8.6666666666666661        1.6666666666666665        6.0874581304038292E-002
   8.6666666666666661        2.0000000000000000        6.7318918208870482E-002
   8.6666666666666661        2.3333333333333330        8.7668769301398539E-002
   8.6666666666666661        2.6666666666666665       0.10315343627017136     
   8.6666666666666661        3.0000000000000000       0.11194273517661055     
   8.6666666666666661        3.3333333333333330        0.0000000000000000     
   8.6666666666666661        3.6666666666666665        2.4733297721448021E-002
   8.6666666666666661        4.0000000000000000        3.2224420829189283E-002
   8.6666666666666661        4.3333333333333330        2.7390055590692249E-002
   8.6666666666666661        4.6666666666666661        2.5689568056862320E-002
   8.6666666666666661        5.0000000000000000        6.8098308275995681E-002
   8.6666666666666661        5.3333333333333330        6.8531074954402443E-002
   8.6666666666666661        5.6666666666666661        7.6797587797339431E-002
   8.6666666666666661        6.0000000000000000        7.1839409353465514E-002
   8.6666666666666661        6.3333333333333330        4.8520376245443191E-002
   8.6666666666666661        6.6666666666666661        2.2190960405425487E-002
   8.6666666666666661        7.0000000000000000        2.4509063982956738E-002
   8.6666666666666661        7.3333333333333330        2.4003485256109562E-002
   8.6666666666666661        7.6666666666666661        2.4769202579579267E-002
   8.6666666666666661        8.0000000000000000        1.5828644028937116E-002
   8.6666666666666661        8.3333333333333321        1.8278397713493169E-002
   8.6666666666666661        8.6666666666666661        1.4186856168684869E-002
   8.6666666666666661        9.0000000000000000        5.6854072523480677E-003
   8.6666666666666661        9.3333333333333321        3.6883594808873018E-003
   8.6666666666666661        9.6666666666666661        0.0000000000000000     
   8.6666666666666661        10.000000000000000        0.0000000000000000     
 
   9.0000000000000000        0.0000000000000000        0.0000000000000000     
   9.0000000000000000       0.33333333333333331        5.7972795322284955E-003
   9.0000000000000000       0.66666666666666663        1.2849453611539103E-002
   9.0000000000000000        1.0000000000000000        2.2585402150453304E-002
   9.0000000000000000        1.3333333333333333        3.3986488503600434E-002
   9.0000000000000000        1.6666666666666665        3.9374781922055464E-002
   9.0000000000000000        2.0000000000000000        5.9665132061476327E-002
   9.0000000000000000        2.3333333333333330        7.3177226847448776E-002
   9.0000000000000000        2.6666666666666665        2.3195825590291990E-003
   9.0000000000000000        3.0000000000000000        3.7540825887689513E-003
   9.0000000000000000        3.3333333333333330        1.2415288435548420E-002
   9.0000000000000000        3.6666666666666665        1.7877347606328635E-002
   9.0000000000000000        4.0000000000000000        2.5100613167882441E-002
   9.0000000000000000        4.3333333333333330        2.5872264870639650E-002
   9.0000000000000000        4.6666666666666661        1.7862375474909683E-003
   9.0000000000000000        5.0000000000000000        4.4134302139523067E-002
   9.0000000000000000        5.3333333333333330        4.4513641596219539E-002
   9.0000000000000000        5.6666666666666661        1.7503021372469136E-002
   9.0000000000000000        6.0000000000000000        2.0218219312856250E-002
   9.0000000000000000        6.3333333333333330        2.5941714489960216E-002
   9.0000000000000000        6.6666666666666661        2.0248509000484052E-002
   9.0000000000000000        7.0000000000000000        1.2834977133899748E-002
   9.0000000000000000        7.3333333333333330        1.5659618925001881E-002
   9.0000000000000000        7.6666666666666661        1.5938655262212279E-002
   9.0000000000000000        8.0000000000000000        1.3726065260166840E-002
   9.0000000000000000        8.3333333333333321        1.4351550609730826E-002
   9.0000000000000000        8.6666666666666661        1.1373143839171287E-002
   9.0000000000000000        9.0000000000000000        5.8574929880315174E-003
   9.0000000000000000        9.3333333333333321        3.8121967586538926E-003
   9.0000000000000000        9.6666666666666661        3.3297405056558166E-004
   9.0000000000000000        10.000000000000000        0.0000000000000000     
 
   9.3333333333333321        0.0000000000000000        0.0000000000000000     
   9.3333333333333321       0.33333333333333331        3.9457014239259085E-003
   9.3333333333333321       0.66666666666666663        8.1258850424143700E-003
   9.3333333333333321        1.0000000000000000        1.2000412135342791E-002
   9.3333333333333321        1.3333333333333333        1.2932235256011664E-002
   9.3333333333333321        1.6666666666666665        1.9723954810630211E-002
   9.3333333333333321        2.0000000000000000        2.8218078437249805E-003
   9.3333333333333321        2.3333333333333330        1.9623717708051663E-003
   9.3333333333333321        2.6666666666666665        2.4048252274437463E-003
   9.3333333333333321        3.0000000000000000        3.8862992042321951E-003
   9.3333333333333321        3.3333333333333330        7.3180287804116787E-003
   9.3333333333333321        3.6666666666666665        9.7541639224619694E-003
   9.3333333333333321        4.0000000000000000        0.0000000000000000     
   9.3333333333333321        4.3333333333333330        1.4218609945588683E-003
   9.3333333333333321        4.6666666666666661        1.8167934510322900E-003
   9.3333333333333321        5.0000000000000000        1.3653469155553367E-002
   9.3333333333333321        5.3333333333333330        2.1206785069947488E-002
   9.3333333333333321        5.6666666666666661        1.7743885656020864E-002
   9.3333333333333321        6.0000000000000000        1.4740481683311409E-002
   9.3333333333333321        6.3333333333333330        1.5056780195487927E-002
   9.3333333333333321        6.6666666666666661        1.2905339249041237E-002
   9.3333333333333321        7.0000000000000000        1.0266887366188287E-002
   9.3333333333333321        7.3333333333333330        1.0162967182312375E-002
   9.3333333333333321        7.6666666666666661        9.9106351226855328E-003
   9.3333333333333321        8.0000000000000000        9.0861168935535263E-003
   9.3333333333333321        8.3333333333333321        1.5936924095946458E-003
   9.3333333333333321        8.6666666666666661        1.9208978285251562E-003
   9.3333333333333321        9.0000000000000000        2.7236402318281377E-003
   9.3333333333333321        9.3333333333333321        2.0097410539090016E-003
   9.3333333333333321        9.6666666666666661        6.7725662462973010E-004
   9.3333333333333321        10.000000000000000        0.0000000000000000     
 
   9.6666666666666661        0.0000000000000000        0.0000000000000000     
   9.6666666666666661       0.33333333333333331        1.9458681542410935E-003
   9.6666666666666661       0.66666666666666663        3.8812965955568927E-003
   9.6666666666666661        1.0000000000000000        5.5384441303461124E-003
   9.6666666666666661        1.3333333333333333        6.3895859718729499E-003
   9.6666666666666661        1.6666666666666665        7.2162140663618798E-003
   9.6666666666666661        2.0000000000000000        2.8898113269517261E-003
   9.6666666666666661        2.3333333333333330        1.5852121788453568E-003
   9.6666666666666661        2.6666666666666665        1.5341167364083988E-003
   9.6666666666666661        3.0000000000000000        2.1970507181163766E-003
   9.6666666666666661        3.3333333333333330        3.4401902499150488E-003
   9.6666666666666661        3.6666666666666665        4.3537944223861194E-003
   9.6666666666666661        4.0000000000000000        5.2078484969045498E-004
   9.6666666666666661        4.3333333333333330        1.0494676585995387E-003
   9.6666666666666661        4.6666666666666661        2.2703197007620875E-003
   9.6666666666666661        5.0000000000000000        6.2435835209120761E-003
   9.6666666666666661        5.3333333333333330        9.1188450384878210E-003
   9.6666666666666661        5.6666666666666661        3.0446793292809556E-003
   9.6666666666666661        6.0000000000000000        6.1338764763733998E-003
   9.6666666666666661        6.3333333333333330        6.8355438975243052E-003
   9.6666666666666661        6.6666666666666661        6.2493991743753129E-003
   9.6666666666666661        7.0000000000000000        5.3586811367406732E-003
   9.6666666666666661        7.3333333333333330        5.0202943802424753E-003
   9.6666666666666661        7.6666666666666661        4.6635231409094735E-003
   9.6666666666666661        8.0000000000000000        3.8249830110866005E-003
   9.6666666666666661        8.3333333333333321        1.6385494872964651E-003
   9.6666666666666661        8.6666666666666661        1.1781878284215991E-003
   9.6666666666666661        9.0000000000000000        1.1886097831414126E-003
   9.6666666666666661        9.3333333333333321        8.8954594884645079E-004
   9.6666666666666661        9.6666666666666661        3.8849112842718748E-004
   9.6666666666666661        10.000000000000000        0.0000000000000000     
 
   10.000000000000000        0.0000000000000000        0.0000000000000000     
   10.000000000000000       0.33333333333333331        0.0000000000000000     
   10.000000000000000       0.66666666666666663        0.0000000000000000     
   10.000000000000000        1.0000000000000000        0.0000000000000000     
   10.000000000000000        1.3333333333333333        0.0000000000000000     
   10.000000000000000        1.6666666666666665        0.0000000000000000     
   10.000000000000000        2.0000000000000000        0.0000000000000000     
   10.000000000000000        2.3333333333333330        0.0000000000000000     
   10.000000000000000        2.6666666666666665        0.0000000000000000     
   10.000000000000000        3.0000000000000000        0.0000000000000000     
   10.000000000000000        3.3333333333333330        0.0000000000000000     
   10.000000000000000        3.6666666666666665        0.0000000000000000     
   10.000000000000000        4.0000000000000000        0.0000000000000000     
   10.000000000000000        4.3333333333333330        0.0000000000000000     
   10.000000000000000        4.6666666666666661        0.0000000000000000     
   10.000000000000000        5.0000000000000000        0.0000000000000000     
   10.000000000000000        5.3333333333333330        0.0000000000000000     
   10.000000000000000        5.6666666666666661        0.0000000000000000     
   10.000000000000000        6.0000000000000000        0.0000000000000000     
   10.000000000000000        6.3333333333333330        0.0000000000000000     
   10.000000000000000        6.6666666666666661        0.0000000000000000     
   10.000000000000000        7.0000000000000000        0.0000000000000000     
   10.000000000000000        7.3333333333333330        0.0000000000000000     
   10.000000000000000        7.6666666666666661        0.0000000000000000     
   10.000000000000000        8.0000000000000000        0.0000000000000000     
   10.000000000000000        8.3333333333333321        0.0000000000000000     
   10.000000000000000        8.6666666666666661        0.0000000000000000     
   10.000000000000000        9.0000000000000000        0.0000000000000000     
   10.000000000000000        9.3333333333333321        0.0000000000000000     
   10.000000000000000        9.6666666666666661        0.0000000000000000     
   10.000000000000000        10.000000000000000        0.0000000000000000     
 
