   0.0000000000000000        0.0000000000000000        0.0000000000000000     
   0.0000000000000000       0.33333333333333331        0.0000000000000000     
   0.0000000000000000       0.66666666666666663        0.0000000000000000     
   0.0000000000000000        1.0000000000000000        0.0000000000000000     
   0.0000000000000000        1.3333333333333333        0.0000000000000000     
   0.0000000000000000        1.6666666666666665        0.0000000000000000     
   0.0000000000000000        2.0000000000000000        0.0000000000000000     
   0.0000000000000000        2.3333333333333330        0.0000000000000000     
   0.0000000000000000        2.6666666666666665        0.0000000000000000     
   0.0000000000000000        3.0000000000000000        0.0000000000000000     
   0.0000000000000000        3.3333333333333330        0.0000000000000000     
   0.0000000000000000        3.6666666666666665        0.0000000000000000     
   0.0000000000000000        4.0000000000000000        0.0000000000000000     
   0.0000000000000000        4.3333333333333330        0.0000000000000000     
   0.0000000000000000        4.6666666666666661        0.0000000000000000     
   0.0000000000000000        5.0000000000000000        0.0000000000000000     
   0.0000000000000000        5.3333333333333330        0.0000000000000000     
   0.0000000000000000        5.6666666666666661        0.0000000000000000     
   0.0000000000000000        6.0000000000000000        0.0000000000000000     
   0.0000000000000000        6.3333333333333330        0.0000000000000000     
   0.0000000000000000        6.6666666666666661        0.0000000000000000     
   0.0000000000000000        7.0000000000000000        0.0000000000000000     
   0.0000000000000000        7.3333333333333330        0.0000000000000000     
   0.0000000000000000        7.6666666666666661        0.0000000000000000     
   0.0000000000000000        8.0000000000000000        0.0000000000000000     
   0.0000000000000000        8.3333333333333321        0.0000000000000000     
   0.0000000000000000        8.6666666666666661        0.0000000000000000     
   0.0000000000000000        9.0000000000000000        0.0000000000000000     
   0.0000000000000000        9.3333333333333321        0.0000000000000000     
   0.0000000000000000        9.6666666666666661        0.0000000000000000     
   0.0000000000000000        10.000000000000000        0.0000000000000000     
 
  0.33333333333333331        0.0000000000000000        0.0000000000000000     
  0.33333333333333331       0.33333333333333331        0.0000000000000000     
  0.33333333333333331       0.66666666666666663        0.0000000000000000     
  0.33333333333333331        1.0000000000000000        0.0000000000000000     
  0.33333333333333331        1.3333333333333333        0.0000000000000000     
  0.33333333333333331        1.6666666666666665        0.0000000000000000     
  0.33333333333333331        2.0000000000000000        0.0000000000000000     
  0.33333333333333331        2.3333333333333330        0.0000000000000000     
  0.33333333333333331        2.6666666666666665        0.0000000000000000     
  0.33333333333333331        3.0000000000000000        0.0000000000000000     
  0.33333333333333331        3.3333333333333330        0.0000000000000000     
  0.33333333333333331        3.6666666666666665        0.0000000000000000     
  0.33333333333333331        4.0000000000000000        0.0000000000000000     
  0.33333333333333331        4.3333333333333330        0.0000000000000000     
  0.33333333333333331        4.6666666666666661        0.0000000000000000     
  0.33333333333333331        5.0000000000000000        0.0000000000000000     
  0.33333333333333331        5.3333333333333330        0.0000000000000000     
  0.33333333333333331        5.6666666666666661        0.0000000000000000     
  0.33333333333333331        6.0000000000000000        0.0000000000000000     
  0.33333333333333331        6.3333333333333330        0.0000000000000000     
  0.33333333333333331        6.6666666666666661        0.0000000000000000     
  0.33333333333333331        7.0000000000000000        0.0000000000000000     
  0.33333333333333331        7.3333333333333330        0.0000000000000000     
  0.33333333333333331        7.6666666666666661        0.0000000000000000     
  0.33333333333333331        8.0000000000000000        0.0000000000000000     
  0.33333333333333331        8.3333333333333321        0.0000000000000000     
  0.33333333333333331        8.6666666666666661        0.0000000000000000     
  0.33333333333333331        9.0000000000000000        0.0000000000000000     
  0.33333333333333331        9.3333333333333321        0.0000000000000000     
  0.33333333333333331        9.6666666666666661        0.0000000000000000     
  0.33333333333333331        10.000000000000000        0.0000000000000000     
 
  0.66666666666666663        0.0000000000000000        0.0000000000000000     
  0.66666666666666663       0.33333333333333331        0.0000000000000000     
  0.66666666666666663       0.66666666666666663        0.0000000000000000     
  0.66666666666666663        1.0000000000000000        0.0000000000000000     
  0.66666666666666663        1.3333333333333333        0.0000000000000000     
  0.66666666666666663        1.6666666666666665        0.0000000000000000     
  0.66666666666666663        2.0000000000000000        0.0000000000000000     
  0.66666666666666663        2.3333333333333330        0.0000000000000000     
  0.66666666666666663        2.6666666666666665        0.0000000000000000     
  0.66666666666666663        3.0000000000000000        0.0000000000000000     
  0.66666666666666663        3.3333333333333330        0.0000000000000000     
  0.66666666666666663        3.6666666666666665        0.0000000000000000     
  0.66666666666666663        4.0000000000000000        0.0000000000000000     
  0.66666666666666663        4.3333333333333330        0.0000000000000000     
  0.66666666666666663        4.6666666666666661        0.0000000000000000     
  0.66666666666666663        5.0000000000000000        0.0000000000000000     
  0.66666666666666663        5.3333333333333330        0.0000000000000000     
  0.66666666666666663        5.6666666666666661        0.0000000000000000     
  0.66666666666666663        6.0000000000000000        0.0000000000000000     
  0.66666666666666663        6.3333333333333330        0.0000000000000000     
  0.66666666666666663        6.6666666666666661        0.0000000000000000     
  0.66666666666666663        7.0000000000000000        0.0000000000000000     
  0.66666666666666663        7.3333333333333330        0.0000000000000000     
  0.66666666666666663        7.6666666666666661        0.0000000000000000     
  0.66666666666666663        8.0000000000000000        0.0000000000000000     
  0.66666666666666663        8.3333333333333321        0.0000000000000000     
  0.66666666666666663        8.6666666666666661        0.0000000000000000     
  0.66666666666666663        9.0000000000000000        0.0000000000000000     
  0.66666666666666663        9.3333333333333321        0.0000000000000000     
  0.66666666666666663        9.6666666666666661        0.0000000000000000     
  0.66666666666666663        10.000000000000000        0.0000000000000000     
 
   1.0000000000000000        0.0000000000000000        0.0000000000000000     
   1.0000000000000000       0.33333333333333331        0.0000000000000000     
   1.0000000000000000       0.66666666666666663        0.0000000000000000     
   1.0000000000000000        1.0000000000000000        0.0000000000000000     
   1.0000000000000000        1.3333333333333333        0.0000000000000000     
   1.0000000000000000        1.6666666666666665        0.0000000000000000     
   1.0000000000000000        2.0000000000000000        0.0000000000000000     
   1.0000000000000000        2.3333333333333330        0.0000000000000000     
   1.0000000000000000        2.6666666666666665        0.0000000000000000     
   1.0000000000000000        3.0000000000000000        0.0000000000000000     
   1.0000000000000000        3.3333333333333330        0.0000000000000000     
   1.0000000000000000        3.6666666666666665        0.0000000000000000     
   1.0000000000000000        4.0000000000000000        0.0000000000000000     
   1.0000000000000000        4.3333333333333330        0.0000000000000000     
   1.0000000000000000        4.6666666666666661        0.0000000000000000     
   1.0000000000000000        5.0000000000000000        0.0000000000000000     
   1.0000000000000000        5.3333333333333330        0.0000000000000000     
   1.0000000000000000        5.6666666666666661        0.0000000000000000     
   1.0000000000000000        6.0000000000000000        0.0000000000000000     
   1.0000000000000000        6.3333333333333330        0.0000000000000000     
   1.0000000000000000        6.6666666666666661        0.0000000000000000     
   1.0000000000000000        7.0000000000000000        0.0000000000000000     
   1.0000000000000000        7.3333333333333330        0.0000000000000000     
   1.0000000000000000        7.6666666666666661        0.0000000000000000     
   1.0000000000000000        8.0000000000000000        0.0000000000000000     
   1.0000000000000000        8.3333333333333321        0.0000000000000000     
   1.0000000000000000        8.6666666666666661        0.0000000000000000     
   1.0000000000000000        9.0000000000000000        0.0000000000000000     
   1.0000000000000000        9.3333333333333321        0.0000000000000000     
   1.0000000000000000        9.6666666666666661        0.0000000000000000     
   1.0000000000000000        10.000000000000000        0.0000000000000000     
 
   1.3333333333333333        0.0000000000000000        0.0000000000000000     
   1.3333333333333333       0.33333333333333331        0.0000000000000000     
   1.3333333333333333       0.66666666666666663        0.0000000000000000     
   1.3333333333333333        1.0000000000000000        0.0000000000000000     
   1.3333333333333333        1.3333333333333333        0.0000000000000000     
   1.3333333333333333        1.6666666666666665        0.0000000000000000     
   1.3333333333333333        2.0000000000000000        0.0000000000000000     
   1.3333333333333333        2.3333333333333330        0.0000000000000000     
   1.3333333333333333        2.6666666666666665        0.0000000000000000     
   1.3333333333333333        3.0000000000000000        0.0000000000000000     
   1.3333333333333333        3.3333333333333330        0.0000000000000000     
   1.3333333333333333        3.6666666666666665        0.0000000000000000     
   1.3333333333333333        4.0000000000000000        0.0000000000000000     
   1.3333333333333333        4.3333333333333330        0.0000000000000000     
   1.3333333333333333        4.6666666666666661        0.0000000000000000     
   1.3333333333333333        5.0000000000000000        0.0000000000000000     
   1.3333333333333333        5.3333333333333330        0.0000000000000000     
   1.3333333333333333        5.6666666666666661        0.0000000000000000     
   1.3333333333333333        6.0000000000000000        0.0000000000000000     
   1.3333333333333333        6.3333333333333330        0.0000000000000000     
   1.3333333333333333        6.6666666666666661        0.0000000000000000     
   1.3333333333333333        7.0000000000000000        0.0000000000000000     
   1.3333333333333333        7.3333333333333330        0.0000000000000000     
   1.3333333333333333        7.6666666666666661        0.0000000000000000     
   1.3333333333333333        8.0000000000000000        0.0000000000000000     
   1.3333333333333333        8.3333333333333321        0.0000000000000000     
   1.3333333333333333        8.6666666666666661        0.0000000000000000     
   1.3333333333333333        9.0000000000000000        0.0000000000000000     
   1.3333333333333333        9.3333333333333321        0.0000000000000000     
   1.3333333333333333        9.6666666666666661        0.0000000000000000     
   1.3333333333333333        10.000000000000000        0.0000000000000000     
 
   1.6666666666666665        0.0000000000000000        0.0000000000000000     
   1.6666666666666665       0.33333333333333331        0.0000000000000000     
   1.6666666666666665       0.66666666666666663        0.0000000000000000     
   1.6666666666666665        1.0000000000000000        0.0000000000000000     
   1.6666666666666665        1.3333333333333333        0.0000000000000000     
   1.6666666666666665        1.6666666666666665        0.0000000000000000     
   1.6666666666666665        2.0000000000000000        0.0000000000000000     
   1.6666666666666665        2.3333333333333330        0.0000000000000000     
   1.6666666666666665        2.6666666666666665        0.0000000000000000     
   1.6666666666666665        3.0000000000000000        0.0000000000000000     
   1.6666666666666665        3.3333333333333330        0.0000000000000000     
   1.6666666666666665        3.6666666666666665        0.0000000000000000     
   1.6666666666666665        4.0000000000000000        0.0000000000000000     
   1.6666666666666665        4.3333333333333330        0.0000000000000000     
   1.6666666666666665        4.6666666666666661        0.0000000000000000     
   1.6666666666666665        5.0000000000000000        0.0000000000000000     
   1.6666666666666665        5.3333333333333330        0.0000000000000000     
   1.6666666666666665        5.6666666666666661        0.0000000000000000     
   1.6666666666666665        6.0000000000000000        0.0000000000000000     
   1.6666666666666665        6.3333333333333330        0.0000000000000000     
   1.6666666666666665        6.6666666666666661        0.0000000000000000     
   1.6666666666666665        7.0000000000000000        0.0000000000000000     
   1.6666666666666665        7.3333333333333330        0.0000000000000000     
   1.6666666666666665        7.6666666666666661        0.0000000000000000     
   1.6666666666666665        8.0000000000000000        0.0000000000000000     
   1.6666666666666665        8.3333333333333321        0.0000000000000000     
   1.6666666666666665        8.6666666666666661        0.0000000000000000     
   1.6666666666666665        9.0000000000000000        0.0000000000000000     
   1.6666666666666665        9.3333333333333321        0.0000000000000000     
   1.6666666666666665        9.6666666666666661        0.0000000000000000     
   1.6666666666666665        10.000000000000000        0.0000000000000000     
 
   2.0000000000000000        0.0000000000000000        0.0000000000000000     
   2.0000000000000000       0.33333333333333331        0.0000000000000000     
   2.0000000000000000       0.66666666666666663        0.0000000000000000     
   2.0000000000000000        1.0000000000000000        0.0000000000000000     
   2.0000000000000000        1.3333333333333333        0.0000000000000000     
   2.0000000000000000        1.6666666666666665        0.0000000000000000     
   2.0000000000000000        2.0000000000000000        0.0000000000000000     
   2.0000000000000000        2.3333333333333330        0.0000000000000000     
   2.0000000000000000        2.6666666666666665        0.0000000000000000     
   2.0000000000000000        3.0000000000000000        0.0000000000000000     
   2.0000000000000000        3.3333333333333330        0.0000000000000000     
   2.0000000000000000        3.6666666666666665        0.0000000000000000     
   2.0000000000000000        4.0000000000000000        0.0000000000000000     
   2.0000000000000000        4.3333333333333330        0.0000000000000000     
   2.0000000000000000        4.6666666666666661        0.0000000000000000     
   2.0000000000000000        5.0000000000000000        0.0000000000000000     
   2.0000000000000000        5.3333333333333330        0.0000000000000000     
   2.0000000000000000        5.6666666666666661        0.0000000000000000     
   2.0000000000000000        6.0000000000000000        0.0000000000000000     
   2.0000000000000000        6.3333333333333330        0.0000000000000000     
   2.0000000000000000        6.6666666666666661        0.0000000000000000     
   2.0000000000000000        7.0000000000000000        0.0000000000000000     
   2.0000000000000000        7.3333333333333330        0.0000000000000000     
   2.0000000000000000        7.6666666666666661        0.0000000000000000     
   2.0000000000000000        8.0000000000000000        0.0000000000000000     
   2.0000000000000000        8.3333333333333321        0.0000000000000000     
   2.0000000000000000        8.6666666666666661        0.0000000000000000     
   2.0000000000000000        9.0000000000000000        0.0000000000000000     
   2.0000000000000000        9.3333333333333321        0.0000000000000000     
   2.0000000000000000        9.6666666666666661        0.0000000000000000     
   2.0000000000000000        10.000000000000000        0.0000000000000000     
 
   2.3333333333333330        0.0000000000000000        0.0000000000000000     
   2.3333333333333330       0.33333333333333331        0.0000000000000000     
   2.3333333333333330       0.66666666666666663        0.0000000000000000     
   2.3333333333333330        1.0000000000000000        0.0000000000000000     
   2.3333333333333330        1.3333333333333333        0.0000000000000000     
   2.3333333333333330        1.6666666666666665        0.0000000000000000     
   2.3333333333333330        2.0000000000000000        0.0000000000000000     
   2.3333333333333330        2.3333333333333330        0.0000000000000000     
   2.3333333333333330        2.6666666666666665        0.0000000000000000     
   2.3333333333333330        3.0000000000000000        0.0000000000000000     
   2.3333333333333330        3.3333333333333330        0.0000000000000000     
   2.3333333333333330        3.6666666666666665        0.0000000000000000     
   2.3333333333333330        4.0000000000000000        0.0000000000000000     
   2.3333333333333330        4.3333333333333330        0.0000000000000000     
   2.3333333333333330        4.6666666666666661        0.0000000000000000     
   2.3333333333333330        5.0000000000000000        0.0000000000000000     
   2.3333333333333330        5.3333333333333330        0.0000000000000000     
   2.3333333333333330        5.6666666666666661        0.0000000000000000     
   2.3333333333333330        6.0000000000000000        0.0000000000000000     
   2.3333333333333330        6.3333333333333330        0.0000000000000000     
   2.3333333333333330        6.6666666666666661        0.0000000000000000     
   2.3333333333333330        7.0000000000000000        0.0000000000000000     
   2.3333333333333330        7.3333333333333330        0.0000000000000000     
   2.3333333333333330        7.6666666666666661        0.0000000000000000     
   2.3333333333333330        8.0000000000000000        0.0000000000000000     
   2.3333333333333330        8.3333333333333321        0.0000000000000000     
   2.3333333333333330        8.6666666666666661        0.0000000000000000     
   2.3333333333333330        9.0000000000000000        0.0000000000000000     
   2.3333333333333330        9.3333333333333321        0.0000000000000000     
   2.3333333333333330        9.6666666666666661        0.0000000000000000     
   2.3333333333333330        10.000000000000000        0.0000000000000000     
 
   2.6666666666666665        0.0000000000000000        0.0000000000000000     
   2.6666666666666665       0.33333333333333331        0.0000000000000000     
   2.6666666666666665       0.66666666666666663        0.0000000000000000     
   2.6666666666666665        1.0000000000000000        0.0000000000000000     
   2.6666666666666665        1.3333333333333333        0.0000000000000000     
   2.6666666666666665        1.6666666666666665        0.0000000000000000     
   2.6666666666666665        2.0000000000000000        0.0000000000000000     
   2.6666666666666665        2.3333333333333330        0.0000000000000000     
   2.6666666666666665        2.6666666666666665        0.0000000000000000     
   2.6666666666666665        3.0000000000000000        0.0000000000000000     
   2.6666666666666665        3.3333333333333330        0.0000000000000000     
   2.6666666666666665        3.6666666666666665        0.0000000000000000     
   2.6666666666666665        4.0000000000000000        0.0000000000000000     
   2.6666666666666665        4.3333333333333330        0.0000000000000000     
   2.6666666666666665        4.6666666666666661        0.0000000000000000     
   2.6666666666666665        5.0000000000000000        0.0000000000000000     
   2.6666666666666665        5.3333333333333330        0.0000000000000000     
   2.6666666666666665        5.6666666666666661        0.0000000000000000     
   2.6666666666666665        6.0000000000000000        0.0000000000000000     
   2.6666666666666665        6.3333333333333330        0.0000000000000000     
   2.6666666666666665        6.6666666666666661        0.0000000000000000     
   2.6666666666666665        7.0000000000000000        0.0000000000000000     
   2.6666666666666665        7.3333333333333330        0.0000000000000000     
   2.6666666666666665        7.6666666666666661        0.0000000000000000     
   2.6666666666666665        8.0000000000000000        0.0000000000000000     
   2.6666666666666665        8.3333333333333321        0.0000000000000000     
   2.6666666666666665        8.6666666666666661        0.0000000000000000     
   2.6666666666666665        9.0000000000000000        0.0000000000000000     
   2.6666666666666665        9.3333333333333321        0.0000000000000000     
   2.6666666666666665        9.6666666666666661        0.0000000000000000     
   2.6666666666666665        10.000000000000000        0.0000000000000000     
 
   3.0000000000000000        0.0000000000000000        0.0000000000000000     
   3.0000000000000000       0.33333333333333331        0.0000000000000000     
   3.0000000000000000       0.66666666666666663        0.0000000000000000     
   3.0000000000000000        1.0000000000000000        0.0000000000000000     
   3.0000000000000000        1.3333333333333333        0.0000000000000000     
   3.0000000000000000        1.6666666666666665        0.0000000000000000     
   3.0000000000000000        2.0000000000000000        0.0000000000000000     
   3.0000000000000000        2.3333333333333330        0.0000000000000000     
   3.0000000000000000        2.6666666666666665        0.0000000000000000     
   3.0000000000000000        3.0000000000000000        0.0000000000000000     
   3.0000000000000000        3.3333333333333330        0.0000000000000000     
   3.0000000000000000        3.6666666666666665        0.0000000000000000     
   3.0000000000000000        4.0000000000000000        0.0000000000000000     
   3.0000000000000000        4.3333333333333330        0.0000000000000000     
   3.0000000000000000        4.6666666666666661        0.0000000000000000     
   3.0000000000000000        5.0000000000000000        0.0000000000000000     
   3.0000000000000000        5.3333333333333330        0.0000000000000000     
   3.0000000000000000        5.6666666666666661        0.0000000000000000     
   3.0000000000000000        6.0000000000000000        0.0000000000000000     
   3.0000000000000000        6.3333333333333330        0.0000000000000000     
   3.0000000000000000        6.6666666666666661        0.0000000000000000     
   3.0000000000000000        7.0000000000000000        0.0000000000000000     
   3.0000000000000000        7.3333333333333330        0.0000000000000000     
   3.0000000000000000        7.6666666666666661        0.0000000000000000     
   3.0000000000000000        8.0000000000000000        0.0000000000000000     
   3.0000000000000000        8.3333333333333321        0.0000000000000000     
   3.0000000000000000        8.6666666666666661        0.0000000000000000     
   3.0000000000000000        9.0000000000000000        0.0000000000000000     
   3.0000000000000000        9.3333333333333321        0.0000000000000000     
   3.0000000000000000        9.6666666666666661        0.0000000000000000     
   3.0000000000000000        10.000000000000000        0.0000000000000000     
 
   3.3333333333333330        0.0000000000000000        0.0000000000000000     
   3.3333333333333330       0.33333333333333331        0.0000000000000000     
   3.3333333333333330       0.66666666666666663        0.0000000000000000     
   3.3333333333333330        1.0000000000000000        0.0000000000000000     
   3.3333333333333330        1.3333333333333333        0.0000000000000000     
   3.3333333333333330        1.6666666666666665        0.0000000000000000     
   3.3333333333333330        2.0000000000000000        0.0000000000000000     
   3.3333333333333330        2.3333333333333330        0.0000000000000000     
   3.3333333333333330        2.6666666666666665        0.0000000000000000     
   3.3333333333333330        3.0000000000000000        0.0000000000000000     
   3.3333333333333330        3.3333333333333330        0.0000000000000000     
   3.3333333333333330        3.6666666666666665        0.0000000000000000     
   3.3333333333333330        4.0000000000000000        0.0000000000000000     
   3.3333333333333330        4.3333333333333330        0.0000000000000000     
   3.3333333333333330        4.6666666666666661        0.0000000000000000     
   3.3333333333333330        5.0000000000000000        0.0000000000000000     
   3.3333333333333330        5.3333333333333330        0.0000000000000000     
   3.3333333333333330        5.6666666666666661        0.0000000000000000     
   3.3333333333333330        6.0000000000000000        0.0000000000000000     
   3.3333333333333330        6.3333333333333330        0.0000000000000000     
   3.3333333333333330        6.6666666666666661        0.0000000000000000     
   3.3333333333333330        7.0000000000000000        0.0000000000000000     
   3.3333333333333330        7.3333333333333330        0.0000000000000000     
   3.3333333333333330        7.6666666666666661        0.0000000000000000     
   3.3333333333333330        8.0000000000000000        0.0000000000000000     
   3.3333333333333330        8.3333333333333321        0.0000000000000000     
   3.3333333333333330        8.6666666666666661        0.0000000000000000     
   3.3333333333333330        9.0000000000000000        0.0000000000000000     
   3.3333333333333330        9.3333333333333321        0.0000000000000000     
   3.3333333333333330        9.6666666666666661        0.0000000000000000     
   3.3333333333333330        10.000000000000000        0.0000000000000000     
 
   3.6666666666666665        0.0000000000000000        0.0000000000000000     
   3.6666666666666665       0.33333333333333331        0.0000000000000000     
   3.6666666666666665       0.66666666666666663        0.0000000000000000     
   3.6666666666666665        1.0000000000000000        0.0000000000000000     
   3.6666666666666665        1.3333333333333333        0.0000000000000000     
   3.6666666666666665        1.6666666666666665        0.0000000000000000     
   3.6666666666666665        2.0000000000000000        0.0000000000000000     
   3.6666666666666665        2.3333333333333330        0.0000000000000000     
   3.6666666666666665        2.6666666666666665        0.0000000000000000     
   3.6666666666666665        3.0000000000000000        0.0000000000000000     
   3.6666666666666665        3.3333333333333330        0.0000000000000000     
   3.6666666666666665        3.6666666666666665        0.0000000000000000     
   3.6666666666666665        4.0000000000000000        0.0000000000000000     
   3.6666666666666665        4.3333333333333330        0.0000000000000000     
   3.6666666666666665        4.6666666666666661        0.0000000000000000     
   3.6666666666666665        5.0000000000000000        0.0000000000000000     
   3.6666666666666665        5.3333333333333330        0.0000000000000000     
   3.6666666666666665        5.6666666666666661        0.0000000000000000     
   3.6666666666666665        6.0000000000000000        0.0000000000000000     
   3.6666666666666665        6.3333333333333330        0.0000000000000000     
   3.6666666666666665        6.6666666666666661        0.0000000000000000     
   3.6666666666666665        7.0000000000000000        0.0000000000000000     
   3.6666666666666665        7.3333333333333330        0.0000000000000000     
   3.6666666666666665        7.6666666666666661        0.0000000000000000     
   3.6666666666666665        8.0000000000000000        0.0000000000000000     
   3.6666666666666665        8.3333333333333321        0.0000000000000000     
   3.6666666666666665        8.6666666666666661        0.0000000000000000     
   3.6666666666666665        9.0000000000000000        0.0000000000000000     
   3.6666666666666665        9.3333333333333321        0.0000000000000000     
   3.6666666666666665        9.6666666666666661        0.0000000000000000     
   3.6666666666666665        10.000000000000000        0.0000000000000000     
 
   4.0000000000000000        0.0000000000000000        0.0000000000000000     
   4.0000000000000000       0.33333333333333331        0.0000000000000000     
   4.0000000000000000       0.66666666666666663        0.0000000000000000     
   4.0000000000000000        1.0000000000000000        0.0000000000000000     
   4.0000000000000000        1.3333333333333333        0.0000000000000000     
   4.0000000000000000        1.6666666666666665        0.0000000000000000     
   4.0000000000000000        2.0000000000000000        0.0000000000000000     
   4.0000000000000000        2.3333333333333330        0.0000000000000000     
   4.0000000000000000        2.6666666666666665        0.0000000000000000     
   4.0000000000000000        3.0000000000000000        0.0000000000000000     
   4.0000000000000000        3.3333333333333330        0.0000000000000000     
   4.0000000000000000        3.6666666666666665        0.0000000000000000     
   4.0000000000000000        4.0000000000000000        0.0000000000000000     
   4.0000000000000000        4.3333333333333330        0.0000000000000000     
   4.0000000000000000        4.6666666666666661        0.0000000000000000     
   4.0000000000000000        5.0000000000000000        0.0000000000000000     
   4.0000000000000000        5.3333333333333330        0.0000000000000000     
   4.0000000000000000        5.6666666666666661        0.0000000000000000     
   4.0000000000000000        6.0000000000000000        0.0000000000000000     
   4.0000000000000000        6.3333333333333330        0.0000000000000000     
   4.0000000000000000        6.6666666666666661        0.0000000000000000     
   4.0000000000000000        7.0000000000000000        0.0000000000000000     
   4.0000000000000000        7.3333333333333330        0.0000000000000000     
   4.0000000000000000        7.6666666666666661        0.0000000000000000     
   4.0000000000000000        8.0000000000000000        0.0000000000000000     
   4.0000000000000000        8.3333333333333321        0.0000000000000000     
   4.0000000000000000        8.6666666666666661        0.0000000000000000     
   4.0000000000000000        9.0000000000000000        0.0000000000000000     
   4.0000000000000000        9.3333333333333321        0.0000000000000000     
   4.0000000000000000        9.6666666666666661        0.0000000000000000     
   4.0000000000000000        10.000000000000000        0.0000000000000000     
 
   4.3333333333333330        0.0000000000000000        0.0000000000000000     
   4.3333333333333330       0.33333333333333331        0.0000000000000000     
   4.3333333333333330       0.66666666666666663        0.0000000000000000     
   4.3333333333333330        1.0000000000000000        0.0000000000000000     
   4.3333333333333330        1.3333333333333333        0.0000000000000000     
   4.3333333333333330        1.6666666666666665        0.0000000000000000     
   4.3333333333333330        2.0000000000000000        0.0000000000000000     
   4.3333333333333330        2.3333333333333330        0.0000000000000000     
   4.3333333333333330        2.6666666666666665        0.0000000000000000     
   4.3333333333333330        3.0000000000000000        0.0000000000000000     
   4.3333333333333330        3.3333333333333330        0.0000000000000000     
   4.3333333333333330        3.6666666666666665        0.0000000000000000     
   4.3333333333333330        4.0000000000000000        0.0000000000000000     
   4.3333333333333330        4.3333333333333330        0.0000000000000000     
   4.3333333333333330        4.6666666666666661        0.0000000000000000     
   4.3333333333333330        5.0000000000000000        0.0000000000000000     
   4.3333333333333330        5.3333333333333330        0.0000000000000000     
   4.3333333333333330        5.6666666666666661        0.0000000000000000     
   4.3333333333333330        6.0000000000000000        0.0000000000000000     
   4.3333333333333330        6.3333333333333330        0.0000000000000000     
   4.3333333333333330        6.6666666666666661        0.0000000000000000     
   4.3333333333333330        7.0000000000000000        0.0000000000000000     
   4.3333333333333330        7.3333333333333330        0.0000000000000000     
   4.3333333333333330        7.6666666666666661        0.0000000000000000     
   4.3333333333333330        8.0000000000000000        0.0000000000000000     
   4.3333333333333330        8.3333333333333321        0.0000000000000000     
   4.3333333333333330        8.6666666666666661        0.0000000000000000     
   4.3333333333333330        9.0000000000000000        0.0000000000000000     
   4.3333333333333330        9.3333333333333321        0.0000000000000000     
   4.3333333333333330        9.6666666666666661        0.0000000000000000     
   4.3333333333333330        10.000000000000000        0.0000000000000000     
 
   4.6666666666666661        0.0000000000000000        0.0000000000000000     
   4.6666666666666661       0.33333333333333331        0.0000000000000000     
   4.6666666666666661       0.66666666666666663        0.0000000000000000     
   4.6666666666666661        1.0000000000000000        0.0000000000000000     
   4.6666666666666661        1.3333333333333333        0.0000000000000000     
   4.6666666666666661        1.6666666666666665        0.0000000000000000     
   4.6666666666666661        2.0000000000000000        0.0000000000000000     
   4.6666666666666661        2.3333333333333330        0.0000000000000000     
   4.6666666666666661        2.6666666666666665        0.0000000000000000     
   4.6666666666666661        3.0000000000000000        0.0000000000000000     
   4.6666666666666661        3.3333333333333330        0.0000000000000000     
   4.6666666666666661        3.6666666666666665        0.0000000000000000     
   4.6666666666666661        4.0000000000000000        0.0000000000000000     
   4.6666666666666661        4.3333333333333330        0.0000000000000000     
   4.6666666666666661        4.6666666666666661        0.0000000000000000     
   4.6666666666666661        5.0000000000000000        0.0000000000000000     
   4.6666666666666661        5.3333333333333330        0.0000000000000000     
   4.6666666666666661        5.6666666666666661        0.0000000000000000     
   4.6666666666666661        6.0000000000000000        0.0000000000000000     
   4.6666666666666661        6.3333333333333330        0.0000000000000000     
   4.6666666666666661        6.6666666666666661        0.0000000000000000     
   4.6666666666666661        7.0000000000000000        0.0000000000000000     
   4.6666666666666661        7.3333333333333330        0.0000000000000000     
   4.6666666666666661        7.6666666666666661        0.0000000000000000     
   4.6666666666666661        8.0000000000000000        0.0000000000000000     
   4.6666666666666661        8.3333333333333321        0.0000000000000000     
   4.6666666666666661        8.6666666666666661        0.0000000000000000     
   4.6666666666666661        9.0000000000000000        0.0000000000000000     
   4.6666666666666661        9.3333333333333321        0.0000000000000000     
   4.6666666666666661        9.6666666666666661        0.0000000000000000     
   4.6666666666666661        10.000000000000000        0.0000000000000000     
 
   5.0000000000000000        0.0000000000000000        0.0000000000000000     
   5.0000000000000000       0.33333333333333331        0.0000000000000000     
   5.0000000000000000       0.66666666666666663        0.0000000000000000     
   5.0000000000000000        1.0000000000000000        0.0000000000000000     
   5.0000000000000000        1.3333333333333333        0.0000000000000000     
   5.0000000000000000        1.6666666666666665        0.0000000000000000     
   5.0000000000000000        2.0000000000000000        0.0000000000000000     
   5.0000000000000000        2.3333333333333330        0.0000000000000000     
   5.0000000000000000        2.6666666666666665        0.0000000000000000     
   5.0000000000000000        3.0000000000000000        0.0000000000000000     
   5.0000000000000000        3.3333333333333330        0.0000000000000000     
   5.0000000000000000        3.6666666666666665        0.0000000000000000     
   5.0000000000000000        4.0000000000000000        0.0000000000000000     
   5.0000000000000000        4.3333333333333330        0.0000000000000000     
   5.0000000000000000        4.6666666666666661        0.0000000000000000     
   5.0000000000000000        5.0000000000000000        100.00000000000000     
   5.0000000000000000        5.3333333333333330        0.0000000000000000     
   5.0000000000000000        5.6666666666666661        0.0000000000000000     
   5.0000000000000000        6.0000000000000000        0.0000000000000000     
   5.0000000000000000        6.3333333333333330        0.0000000000000000     
   5.0000000000000000        6.6666666666666661        0.0000000000000000     
   5.0000000000000000        7.0000000000000000        0.0000000000000000     
   5.0000000000000000        7.3333333333333330        0.0000000000000000     
   5.0000000000000000        7.6666666666666661        0.0000000000000000     
   5.0000000000000000        8.0000000000000000        0.0000000000000000     
   5.0000000000000000        8.3333333333333321        0.0000000000000000     
   5.0000000000000000        8.6666666666666661        0.0000000000000000     
   5.0000000000000000        9.0000000000000000        0.0000000000000000     
   5.0000000000000000        9.3333333333333321        0.0000000000000000     
   5.0000000000000000        9.6666666666666661        0.0000000000000000     
   5.0000000000000000        10.000000000000000        0.0000000000000000     
 
   5.3333333333333330        0.0000000000000000        0.0000000000000000     
   5.3333333333333330       0.33333333333333331        0.0000000000000000     
   5.3333333333333330       0.66666666666666663        0.0000000000000000     
   5.3333333333333330        1.0000000000000000        0.0000000000000000     
   5.3333333333333330        1.3333333333333333        0.0000000000000000     
   5.3333333333333330        1.6666666666666665        0.0000000000000000     
   5.3333333333333330        2.0000000000000000        0.0000000000000000     
   5.3333333333333330        2.3333333333333330        0.0000000000000000     
   5.3333333333333330        2.6666666666666665        0.0000000000000000     
   5.3333333333333330        3.0000000000000000        0.0000000000000000     
   5.3333333333333330        3.3333333333333330        0.0000000000000000     
   5.3333333333333330        3.6666666666666665        0.0000000000000000     
   5.3333333333333330        4.0000000000000000        0.0000000000000000     
   5.3333333333333330        4.3333333333333330        0.0000000000000000     
   5.3333333333333330        4.6666666666666661        0.0000000000000000     
   5.3333333333333330        5.0000000000000000        0.0000000000000000     
   5.3333333333333330        5.3333333333333330        0.0000000000000000     
   5.3333333333333330        5.6666666666666661        0.0000000000000000     
   5.3333333333333330        6.0000000000000000        0.0000000000000000     
   5.3333333333333330        6.3333333333333330        0.0000000000000000     
   5.3333333333333330        6.6666666666666661        0.0000000000000000     
   5.3333333333333330        7.0000000000000000        0.0000000000000000     
   5.3333333333333330        7.3333333333333330        0.0000000000000000     
   5.3333333333333330        7.6666666666666661        0.0000000000000000     
   5.3333333333333330        8.0000000000000000        0.0000000000000000     
   5.3333333333333330        8.3333333333333321        0.0000000000000000     
   5.3333333333333330        8.6666666666666661        0.0000000000000000     
   5.3333333333333330        9.0000000000000000        0.0000000000000000     
   5.3333333333333330        9.3333333333333321        0.0000000000000000     
   5.3333333333333330        9.6666666666666661        0.0000000000000000     
   5.3333333333333330        10.000000000000000        0.0000000000000000     
 
   5.6666666666666661        0.0000000000000000        0.0000000000000000     
   5.6666666666666661       0.33333333333333331        0.0000000000000000     
   5.6666666666666661       0.66666666666666663        0.0000000000000000     
   5.6666666666666661        1.0000000000000000        0.0000000000000000     
   5.6666666666666661        1.3333333333333333        0.0000000000000000     
   5.6666666666666661        1.6666666666666665        0.0000000000000000     
   5.6666666666666661        2.0000000000000000        0.0000000000000000     
   5.6666666666666661        2.3333333333333330        0.0000000000000000     
   5.6666666666666661        2.6666666666666665        0.0000000000000000     
   5.6666666666666661        3.0000000000000000        0.0000000000000000     
   5.6666666666666661        3.3333333333333330        0.0000000000000000     
   5.6666666666666661        3.6666666666666665        0.0000000000000000     
   5.6666666666666661        4.0000000000000000        0.0000000000000000     
   5.6666666666666661        4.3333333333333330        0.0000000000000000     
   5.6666666666666661        4.6666666666666661        0.0000000000000000     
   5.6666666666666661        5.0000000000000000        0.0000000000000000     
   5.6666666666666661        5.3333333333333330        0.0000000000000000     
   5.6666666666666661        5.6666666666666661        0.0000000000000000     
   5.6666666666666661        6.0000000000000000        0.0000000000000000     
   5.6666666666666661        6.3333333333333330        0.0000000000000000     
   5.6666666666666661        6.6666666666666661        0.0000000000000000     
   5.6666666666666661        7.0000000000000000        0.0000000000000000     
   5.6666666666666661        7.3333333333333330        0.0000000000000000     
   5.6666666666666661        7.6666666666666661        0.0000000000000000     
   5.6666666666666661        8.0000000000000000        0.0000000000000000     
   5.6666666666666661        8.3333333333333321        0.0000000000000000     
   5.6666666666666661        8.6666666666666661        0.0000000000000000     
   5.6666666666666661        9.0000000000000000        0.0000000000000000     
   5.6666666666666661        9.3333333333333321        0.0000000000000000     
   5.6666666666666661        9.6666666666666661        0.0000000000000000     
   5.6666666666666661        10.000000000000000        0.0000000000000000     
 
   6.0000000000000000        0.0000000000000000        0.0000000000000000     
   6.0000000000000000       0.33333333333333331        0.0000000000000000     
   6.0000000000000000       0.66666666666666663        0.0000000000000000     
   6.0000000000000000        1.0000000000000000        0.0000000000000000     
   6.0000000000000000        1.3333333333333333        0.0000000000000000     
   6.0000000000000000        1.6666666666666665        0.0000000000000000     
   6.0000000000000000        2.0000000000000000        0.0000000000000000     
   6.0000000000000000        2.3333333333333330        0.0000000000000000     
   6.0000000000000000        2.6666666666666665        0.0000000000000000     
   6.0000000000000000        3.0000000000000000        0.0000000000000000     
   6.0000000000000000        3.3333333333333330        0.0000000000000000     
   6.0000000000000000        3.6666666666666665        0.0000000000000000     
   6.0000000000000000        4.0000000000000000        0.0000000000000000     
   6.0000000000000000        4.3333333333333330        0.0000000000000000     
   6.0000000000000000        4.6666666666666661        0.0000000000000000     
   6.0000000000000000        5.0000000000000000        0.0000000000000000     
   6.0000000000000000        5.3333333333333330        0.0000000000000000     
   6.0000000000000000        5.6666666666666661        0.0000000000000000     
   6.0000000000000000        6.0000000000000000        0.0000000000000000     
   6.0000000000000000        6.3333333333333330        0.0000000000000000     
   6.0000000000000000        6.6666666666666661        0.0000000000000000     
   6.0000000000000000        7.0000000000000000        0.0000000000000000     
   6.0000000000000000        7.3333333333333330        0.0000000000000000     
   6.0000000000000000        7.6666666666666661        0.0000000000000000     
   6.0000000000000000        8.0000000000000000        0.0000000000000000     
   6.0000000000000000        8.3333333333333321        0.0000000000000000     
   6.0000000000000000        8.6666666666666661        0.0000000000000000     
   6.0000000000000000        9.0000000000000000        0.0000000000000000     
   6.0000000000000000        9.3333333333333321        0.0000000000000000     
   6.0000000000000000        9.6666666666666661        0.0000000000000000     
   6.0000000000000000        10.000000000000000        0.0000000000000000     
 
   6.3333333333333330        0.0000000000000000        0.0000000000000000     
   6.3333333333333330       0.33333333333333331        0.0000000000000000     
   6.3333333333333330       0.66666666666666663        0.0000000000000000     
   6.3333333333333330        1.0000000000000000        0.0000000000000000     
   6.3333333333333330        1.3333333333333333        0.0000000000000000     
   6.3333333333333330        1.6666666666666665        0.0000000000000000     
   6.3333333333333330        2.0000000000000000        0.0000000000000000     
   6.3333333333333330        2.3333333333333330        0.0000000000000000     
   6.3333333333333330        2.6666666666666665        0.0000000000000000     
   6.3333333333333330        3.0000000000000000        0.0000000000000000     
   6.3333333333333330        3.3333333333333330        0.0000000000000000     
   6.3333333333333330        3.6666666666666665        0.0000000000000000     
   6.3333333333333330        4.0000000000000000        0.0000000000000000     
   6.3333333333333330        4.3333333333333330        0.0000000000000000     
   6.3333333333333330        4.6666666666666661        0.0000000000000000     
   6.3333333333333330        5.0000000000000000        0.0000000000000000     
   6.3333333333333330        5.3333333333333330        0.0000000000000000     
   6.3333333333333330        5.6666666666666661        0.0000000000000000     
   6.3333333333333330        6.0000000000000000        0.0000000000000000     
   6.3333333333333330        6.3333333333333330        0.0000000000000000     
   6.3333333333333330        6.6666666666666661        0.0000000000000000     
   6.3333333333333330        7.0000000000000000        0.0000000000000000     
   6.3333333333333330        7.3333333333333330        0.0000000000000000     
   6.3333333333333330        7.6666666666666661        0.0000000000000000     
   6.3333333333333330        8.0000000000000000        0.0000000000000000     
   6.3333333333333330        8.3333333333333321        0.0000000000000000     
   6.3333333333333330        8.6666666666666661        0.0000000000000000     
   6.3333333333333330        9.0000000000000000        0.0000000000000000     
   6.3333333333333330        9.3333333333333321        0.0000000000000000     
   6.3333333333333330        9.6666666666666661        0.0000000000000000     
   6.3333333333333330        10.000000000000000        0.0000000000000000     
 
   6.6666666666666661        0.0000000000000000        0.0000000000000000     
   6.6666666666666661       0.33333333333333331        0.0000000000000000     
   6.6666666666666661       0.66666666666666663        0.0000000000000000     
   6.6666666666666661        1.0000000000000000        0.0000000000000000     
   6.6666666666666661        1.3333333333333333        0.0000000000000000     
   6.6666666666666661        1.6666666666666665        0.0000000000000000     
   6.6666666666666661        2.0000000000000000        0.0000000000000000     
   6.6666666666666661        2.3333333333333330        0.0000000000000000     
   6.6666666666666661        2.6666666666666665        0.0000000000000000     
   6.6666666666666661        3.0000000000000000        0.0000000000000000     
   6.6666666666666661        3.3333333333333330        0.0000000000000000     
   6.6666666666666661        3.6666666666666665        0.0000000000000000     
   6.6666666666666661        4.0000000000000000        0.0000000000000000     
   6.6666666666666661        4.3333333333333330        0.0000000000000000     
   6.6666666666666661        4.6666666666666661        0.0000000000000000     
   6.6666666666666661        5.0000000000000000        0.0000000000000000     
   6.6666666666666661        5.3333333333333330        0.0000000000000000     
   6.6666666666666661        5.6666666666666661        0.0000000000000000     
   6.6666666666666661        6.0000000000000000        0.0000000000000000     
   6.6666666666666661        6.3333333333333330        0.0000000000000000     
   6.6666666666666661        6.6666666666666661        0.0000000000000000     
   6.6666666666666661        7.0000000000000000        0.0000000000000000     
   6.6666666666666661        7.3333333333333330        0.0000000000000000     
   6.6666666666666661        7.6666666666666661        0.0000000000000000     
   6.6666666666666661        8.0000000000000000        0.0000000000000000     
   6.6666666666666661        8.3333333333333321        0.0000000000000000     
   6.6666666666666661        8.6666666666666661        0.0000000000000000     
   6.6666666666666661        9.0000000000000000        0.0000000000000000     
   6.6666666666666661        9.3333333333333321        0.0000000000000000     
   6.6666666666666661        9.6666666666666661        0.0000000000000000     
   6.6666666666666661        10.000000000000000        0.0000000000000000     
 
   7.0000000000000000        0.0000000000000000        0.0000000000000000     
   7.0000000000000000       0.33333333333333331        0.0000000000000000     
   7.0000000000000000       0.66666666666666663        0.0000000000000000     
   7.0000000000000000        1.0000000000000000        0.0000000000000000     
   7.0000000000000000        1.3333333333333333        0.0000000000000000     
   7.0000000000000000        1.6666666666666665        0.0000000000000000     
   7.0000000000000000        2.0000000000000000        0.0000000000000000     
   7.0000000000000000        2.3333333333333330        0.0000000000000000     
   7.0000000000000000        2.6666666666666665        0.0000000000000000     
   7.0000000000000000        3.0000000000000000        0.0000000000000000     
   7.0000000000000000        3.3333333333333330        0.0000000000000000     
   7.0000000000000000        3.6666666666666665        0.0000000000000000     
   7.0000000000000000        4.0000000000000000        0.0000000000000000     
   7.0000000000000000        4.3333333333333330        0.0000000000000000     
   7.0000000000000000        4.6666666666666661        0.0000000000000000     
   7.0000000000000000        5.0000000000000000        0.0000000000000000     
   7.0000000000000000        5.3333333333333330        0.0000000000000000     
   7.0000000000000000        5.6666666666666661        0.0000000000000000     
   7.0000000000000000        6.0000000000000000        0.0000000000000000     
   7.0000000000000000        6.3333333333333330        0.0000000000000000     
   7.0000000000000000        6.6666666666666661        0.0000000000000000     
   7.0000000000000000        7.0000000000000000        0.0000000000000000     
   7.0000000000000000        7.3333333333333330        0.0000000000000000     
   7.0000000000000000        7.6666666666666661        0.0000000000000000     
   7.0000000000000000        8.0000000000000000        0.0000000000000000     
   7.0000000000000000        8.3333333333333321        0.0000000000000000     
   7.0000000000000000        8.6666666666666661        0.0000000000000000     
   7.0000000000000000        9.0000000000000000        0.0000000000000000     
   7.0000000000000000        9.3333333333333321        0.0000000000000000     
   7.0000000000000000        9.6666666666666661        0.0000000000000000     
   7.0000000000000000        10.000000000000000        0.0000000000000000     
 
   7.3333333333333330        0.0000000000000000        0.0000000000000000     
   7.3333333333333330       0.33333333333333331        0.0000000000000000     
   7.3333333333333330       0.66666666666666663        0.0000000000000000     
   7.3333333333333330        1.0000000000000000        0.0000000000000000     
   7.3333333333333330        1.3333333333333333        0.0000000000000000     
   7.3333333333333330        1.6666666666666665        0.0000000000000000     
   7.3333333333333330        2.0000000000000000        0.0000000000000000     
   7.3333333333333330        2.3333333333333330        0.0000000000000000     
   7.3333333333333330        2.6666666666666665        0.0000000000000000     
   7.3333333333333330        3.0000000000000000        0.0000000000000000     
   7.3333333333333330        3.3333333333333330        0.0000000000000000     
   7.3333333333333330        3.6666666666666665        0.0000000000000000     
   7.3333333333333330        4.0000000000000000        0.0000000000000000     
   7.3333333333333330        4.3333333333333330        0.0000000000000000     
   7.3333333333333330        4.6666666666666661        0.0000000000000000     
   7.3333333333333330        5.0000000000000000        0.0000000000000000     
   7.3333333333333330        5.3333333333333330        0.0000000000000000     
   7.3333333333333330        5.6666666666666661        0.0000000000000000     
   7.3333333333333330        6.0000000000000000        0.0000000000000000     
   7.3333333333333330        6.3333333333333330        0.0000000000000000     
   7.3333333333333330        6.6666666666666661        0.0000000000000000     
   7.3333333333333330        7.0000000000000000        0.0000000000000000     
   7.3333333333333330        7.3333333333333330        0.0000000000000000     
   7.3333333333333330        7.6666666666666661        0.0000000000000000     
   7.3333333333333330        8.0000000000000000        0.0000000000000000     
   7.3333333333333330        8.3333333333333321        0.0000000000000000     
   7.3333333333333330        8.6666666666666661        0.0000000000000000     
   7.3333333333333330        9.0000000000000000        0.0000000000000000     
   7.3333333333333330        9.3333333333333321        0.0000000000000000     
   7.3333333333333330        9.6666666666666661        0.0000000000000000     
   7.3333333333333330        10.000000000000000        0.0000000000000000     
 
   7.6666666666666661        0.0000000000000000        0.0000000000000000     
   7.6666666666666661       0.33333333333333331        0.0000000000000000     
   7.6666666666666661       0.66666666666666663        0.0000000000000000     
   7.6666666666666661        1.0000000000000000        0.0000000000000000     
   7.6666666666666661        1.3333333333333333        0.0000000000000000     
   7.6666666666666661        1.6666666666666665        0.0000000000000000     
   7.6666666666666661        2.0000000000000000        0.0000000000000000     
   7.6666666666666661        2.3333333333333330        0.0000000000000000     
   7.6666666666666661        2.6666666666666665        0.0000000000000000     
   7.6666666666666661        3.0000000000000000        0.0000000000000000     
   7.6666666666666661        3.3333333333333330        0.0000000000000000     
   7.6666666666666661        3.6666666666666665        0.0000000000000000     
   7.6666666666666661        4.0000000000000000        0.0000000000000000     
   7.6666666666666661        4.3333333333333330        0.0000000000000000     
   7.6666666666666661        4.6666666666666661        0.0000000000000000     
   7.6666666666666661        5.0000000000000000        0.0000000000000000     
   7.6666666666666661        5.3333333333333330        0.0000000000000000     
   7.6666666666666661        5.6666666666666661        0.0000000000000000     
   7.6666666666666661        6.0000000000000000        0.0000000000000000     
   7.6666666666666661        6.3333333333333330        0.0000000000000000     
   7.6666666666666661        6.6666666666666661        0.0000000000000000     
   7.6666666666666661        7.0000000000000000        0.0000000000000000     
   7.6666666666666661        7.3333333333333330        0.0000000000000000     
   7.6666666666666661        7.6666666666666661        0.0000000000000000     
   7.6666666666666661        8.0000000000000000        0.0000000000000000     
   7.6666666666666661        8.3333333333333321        0.0000000000000000     
   7.6666666666666661        8.6666666666666661        0.0000000000000000     
   7.6666666666666661        9.0000000000000000        0.0000000000000000     
   7.6666666666666661        9.3333333333333321        0.0000000000000000     
   7.6666666666666661        9.6666666666666661        0.0000000000000000     
   7.6666666666666661        10.000000000000000        0.0000000000000000     
 
   8.0000000000000000        0.0000000000000000        0.0000000000000000     
   8.0000000000000000       0.33333333333333331        0.0000000000000000     
   8.0000000000000000       0.66666666666666663        0.0000000000000000     
   8.0000000000000000        1.0000000000000000        0.0000000000000000     
   8.0000000000000000        1.3333333333333333        0.0000000000000000     
   8.0000000000000000        1.6666666666666665        0.0000000000000000     
   8.0000000000000000        2.0000000000000000        0.0000000000000000     
   8.0000000000000000        2.3333333333333330        0.0000000000000000     
   8.0000000000000000        2.6666666666666665        0.0000000000000000     
   8.0000000000000000        3.0000000000000000        0.0000000000000000     
   8.0000000000000000        3.3333333333333330        0.0000000000000000     
   8.0000000000000000        3.6666666666666665        0.0000000000000000     
   8.0000000000000000        4.0000000000000000        0.0000000000000000     
   8.0000000000000000        4.3333333333333330        0.0000000000000000     
   8.0000000000000000        4.6666666666666661        0.0000000000000000     
   8.0000000000000000        5.0000000000000000        0.0000000000000000     
   8.0000000000000000        5.3333333333333330        0.0000000000000000     
   8.0000000000000000        5.6666666666666661        0.0000000000000000     
   8.0000000000000000        6.0000000000000000        0.0000000000000000     
   8.0000000000000000        6.3333333333333330        0.0000000000000000     
   8.0000000000000000        6.6666666666666661        0.0000000000000000     
   8.0000000000000000        7.0000000000000000        0.0000000000000000     
   8.0000000000000000        7.3333333333333330        0.0000000000000000     
   8.0000000000000000        7.6666666666666661        0.0000000000000000     
   8.0000000000000000        8.0000000000000000        0.0000000000000000     
   8.0000000000000000        8.3333333333333321        0.0000000000000000     
   8.0000000000000000        8.6666666666666661        0.0000000000000000     
   8.0000000000000000        9.0000000000000000        0.0000000000000000     
   8.0000000000000000        9.3333333333333321        0.0000000000000000     
   8.0000000000000000        9.6666666666666661        0.0000000000000000     
   8.0000000000000000        10.000000000000000        0.0000000000000000     
 
   8.3333333333333321        0.0000000000000000        0.0000000000000000     
   8.3333333333333321       0.33333333333333331        0.0000000000000000     
   8.3333333333333321       0.66666666666666663        0.0000000000000000     
   8.3333333333333321        1.0000000000000000        0.0000000000000000     
   8.3333333333333321        1.3333333333333333        0.0000000000000000     
   8.3333333333333321        1.6666666666666665        0.0000000000000000     
   8.3333333333333321        2.0000000000000000        0.0000000000000000     
   8.3333333333333321        2.3333333333333330        0.0000000000000000     
   8.3333333333333321        2.6666666666666665        0.0000000000000000     
   8.3333333333333321        3.0000000000000000        0.0000000000000000     
   8.3333333333333321        3.3333333333333330        0.0000000000000000     
   8.3333333333333321        3.6666666666666665        0.0000000000000000     
   8.3333333333333321        4.0000000000000000        0.0000000000000000     
   8.3333333333333321        4.3333333333333330        0.0000000000000000     
   8.3333333333333321        4.6666666666666661        0.0000000000000000     
   8.3333333333333321        5.0000000000000000        0.0000000000000000     
   8.3333333333333321        5.3333333333333330        0.0000000000000000     
   8.3333333333333321        5.6666666666666661        0.0000000000000000     
   8.3333333333333321        6.0000000000000000        0.0000000000000000     
   8.3333333333333321        6.3333333333333330        0.0000000000000000     
   8.3333333333333321        6.6666666666666661        0.0000000000000000     
   8.3333333333333321        7.0000000000000000        0.0000000000000000     
   8.3333333333333321        7.3333333333333330        0.0000000000000000     
   8.3333333333333321        7.6666666666666661        0.0000000000000000     
   8.3333333333333321        8.0000000000000000        0.0000000000000000     
   8.3333333333333321        8.3333333333333321        0.0000000000000000     
   8.3333333333333321        8.6666666666666661        0.0000000000000000     
   8.3333333333333321        9.0000000000000000        0.0000000000000000     
   8.3333333333333321        9.3333333333333321        0.0000000000000000     
   8.3333333333333321        9.6666666666666661        0.0000000000000000     
   8.3333333333333321        10.000000000000000        0.0000000000000000     
 
   8.6666666666666661        0.0000000000000000        0.0000000000000000     
   8.6666666666666661       0.33333333333333331        0.0000000000000000     
   8.6666666666666661       0.66666666666666663        0.0000000000000000     
   8.6666666666666661        1.0000000000000000        0.0000000000000000     
   8.6666666666666661        1.3333333333333333        0.0000000000000000     
   8.6666666666666661        1.6666666666666665        0.0000000000000000     
   8.6666666666666661        2.0000000000000000        0.0000000000000000     
   8.6666666666666661        2.3333333333333330        0.0000000000000000     
   8.6666666666666661        2.6666666666666665        0.0000000000000000     
   8.6666666666666661        3.0000000000000000        0.0000000000000000     
   8.6666666666666661        3.3333333333333330        0.0000000000000000     
   8.6666666666666661        3.6666666666666665        0.0000000000000000     
   8.6666666666666661        4.0000000000000000        0.0000000000000000     
   8.6666666666666661        4.3333333333333330        0.0000000000000000     
   8.6666666666666661        4.6666666666666661        0.0000000000000000     
   8.6666666666666661        5.0000000000000000        0.0000000000000000     
   8.6666666666666661        5.3333333333333330        0.0000000000000000     
   8.6666666666666661        5.6666666666666661        0.0000000000000000     
   8.6666666666666661        6.0000000000000000        0.0000000000000000     
   8.6666666666666661        6.3333333333333330        0.0000000000000000     
   8.6666666666666661        6.6666666666666661        0.0000000000000000     
   8.6666666666666661        7.0000000000000000        0.0000000000000000     
   8.6666666666666661        7.3333333333333330        0.0000000000000000     
   8.6666666666666661        7.6666666666666661        0.0000000000000000     
   8.6666666666666661        8.0000000000000000        0.0000000000000000     
   8.6666666666666661        8.3333333333333321        0.0000000000000000     
   8.6666666666666661        8.6666666666666661        0.0000000000000000     
   8.6666666666666661        9.0000000000000000        0.0000000000000000     
   8.6666666666666661        9.3333333333333321        0.0000000000000000     
   8.6666666666666661        9.6666666666666661        0.0000000000000000     
   8.6666666666666661        10.000000000000000        0.0000000000000000     
 
   9.0000000000000000        0.0000000000000000        0.0000000000000000     
   9.0000000000000000       0.33333333333333331        0.0000000000000000     
   9.0000000000000000       0.66666666666666663        0.0000000000000000     
   9.0000000000000000        1.0000000000000000        0.0000000000000000     
   9.0000000000000000        1.3333333333333333        0.0000000000000000     
   9.0000000000000000        1.6666666666666665        0.0000000000000000     
   9.0000000000000000        2.0000000000000000        0.0000000000000000     
   9.0000000000000000        2.3333333333333330        0.0000000000000000     
   9.0000000000000000        2.6666666666666665        0.0000000000000000     
   9.0000000000000000        3.0000000000000000        0.0000000000000000     
   9.0000000000000000        3.3333333333333330        0.0000000000000000     
   9.0000000000000000        3.6666666666666665        0.0000000000000000     
   9.0000000000000000        4.0000000000000000        0.0000000000000000     
   9.0000000000000000        4.3333333333333330        0.0000000000000000     
   9.0000000000000000        4.6666666666666661        0.0000000000000000     
   9.0000000000000000        5.0000000000000000        0.0000000000000000     
   9.0000000000000000        5.3333333333333330        0.0000000000000000     
   9.0000000000000000        5.6666666666666661        0.0000000000000000     
   9.0000000000000000        6.0000000000000000        0.0000000000000000     
   9.0000000000000000        6.3333333333333330        0.0000000000000000     
   9.0000000000000000        6.6666666666666661        0.0000000000000000     
   9.0000000000000000        7.0000000000000000        0.0000000000000000     
   9.0000000000000000        7.3333333333333330        0.0000000000000000     
   9.0000000000000000        7.6666666666666661        0.0000000000000000     
   9.0000000000000000        8.0000000000000000        0.0000000000000000     
   9.0000000000000000        8.3333333333333321        0.0000000000000000     
   9.0000000000000000        8.6666666666666661        0.0000000000000000     
   9.0000000000000000        9.0000000000000000        0.0000000000000000     
   9.0000000000000000        9.3333333333333321        0.0000000000000000     
   9.0000000000000000        9.6666666666666661        0.0000000000000000     
   9.0000000000000000        10.000000000000000        0.0000000000000000     
 
   9.3333333333333321        0.0000000000000000        0.0000000000000000     
   9.3333333333333321       0.33333333333333331        0.0000000000000000     
   9.3333333333333321       0.66666666666666663        0.0000000000000000     
   9.3333333333333321        1.0000000000000000        0.0000000000000000     
   9.3333333333333321        1.3333333333333333        0.0000000000000000     
   9.3333333333333321        1.6666666666666665        0.0000000000000000     
   9.3333333333333321        2.0000000000000000        0.0000000000000000     
   9.3333333333333321        2.3333333333333330        0.0000000000000000     
   9.3333333333333321        2.6666666666666665        0.0000000000000000     
   9.3333333333333321        3.0000000000000000        0.0000000000000000     
   9.3333333333333321        3.3333333333333330        0.0000000000000000     
   9.3333333333333321        3.6666666666666665        0.0000000000000000     
   9.3333333333333321        4.0000000000000000        0.0000000000000000     
   9.3333333333333321        4.3333333333333330        0.0000000000000000     
   9.3333333333333321        4.6666666666666661        0.0000000000000000     
   9.3333333333333321        5.0000000000000000        0.0000000000000000     
   9.3333333333333321        5.3333333333333330        0.0000000000000000     
   9.3333333333333321        5.6666666666666661        0.0000000000000000     
   9.3333333333333321        6.0000000000000000        0.0000000000000000     
   9.3333333333333321        6.3333333333333330        0.0000000000000000     
   9.3333333333333321        6.6666666666666661        0.0000000000000000     
   9.3333333333333321        7.0000000000000000        0.0000000000000000     
   9.3333333333333321        7.3333333333333330        0.0000000000000000     
   9.3333333333333321        7.6666666666666661        0.0000000000000000     
   9.3333333333333321        8.0000000000000000        0.0000000000000000     
   9.3333333333333321        8.3333333333333321        0.0000000000000000     
   9.3333333333333321        8.6666666666666661        0.0000000000000000     
   9.3333333333333321        9.0000000000000000        0.0000000000000000     
   9.3333333333333321        9.3333333333333321        0.0000000000000000     
   9.3333333333333321        9.6666666666666661        0.0000000000000000     
   9.3333333333333321        10.000000000000000        0.0000000000000000     
 
   9.6666666666666661        0.0000000000000000        0.0000000000000000     
   9.6666666666666661       0.33333333333333331        0.0000000000000000     
   9.6666666666666661       0.66666666666666663        0.0000000000000000     
   9.6666666666666661        1.0000000000000000        0.0000000000000000     
   9.6666666666666661        1.3333333333333333        0.0000000000000000     
   9.6666666666666661        1.6666666666666665        0.0000000000000000     
   9.6666666666666661        2.0000000000000000        0.0000000000000000     
   9.6666666666666661        2.3333333333333330        0.0000000000000000     
   9.6666666666666661        2.6666666666666665        0.0000000000000000     
   9.6666666666666661        3.0000000000000000        0.0000000000000000     
   9.6666666666666661        3.3333333333333330        0.0000000000000000     
   9.6666666666666661        3.6666666666666665        0.0000000000000000     
   9.6666666666666661        4.0000000000000000        0.0000000000000000     
   9.6666666666666661        4.3333333333333330        0.0000000000000000     
   9.6666666666666661        4.6666666666666661        0.0000000000000000     
   9.6666666666666661        5.0000000000000000        0.0000000000000000     
   9.6666666666666661        5.3333333333333330        0.0000000000000000     
   9.6666666666666661        5.6666666666666661        0.0000000000000000     
   9.6666666666666661        6.0000000000000000        0.0000000000000000     
   9.6666666666666661        6.3333333333333330        0.0000000000000000     
   9.6666666666666661        6.6666666666666661        0.0000000000000000     
   9.6666666666666661        7.0000000000000000        0.0000000000000000     
   9.6666666666666661        7.3333333333333330        0.0000000000000000     
   9.6666666666666661        7.6666666666666661        0.0000000000000000     
   9.6666666666666661        8.0000000000000000        0.0000000000000000     
   9.6666666666666661        8.3333333333333321        0.0000000000000000     
   9.6666666666666661        8.6666666666666661        0.0000000000000000     
   9.6666666666666661        9.0000000000000000        0.0000000000000000     
   9.6666666666666661        9.3333333333333321        0.0000000000000000     
   9.6666666666666661        9.6666666666666661        0.0000000000000000     
   9.6666666666666661        10.000000000000000        0.0000000000000000     
 
   10.000000000000000        0.0000000000000000        0.0000000000000000     
   10.000000000000000       0.33333333333333331        0.0000000000000000     
   10.000000000000000       0.66666666666666663        0.0000000000000000     
   10.000000000000000        1.0000000000000000        0.0000000000000000     
   10.000000000000000        1.3333333333333333        0.0000000000000000     
   10.000000000000000        1.6666666666666665        0.0000000000000000     
   10.000000000000000        2.0000000000000000        0.0000000000000000     
   10.000000000000000        2.3333333333333330        0.0000000000000000     
   10.000000000000000        2.6666666666666665        0.0000000000000000     
   10.000000000000000        3.0000000000000000        0.0000000000000000     
   10.000000000000000        3.3333333333333330        0.0000000000000000     
   10.000000000000000        3.6666666666666665        0.0000000000000000     
   10.000000000000000        4.0000000000000000        0.0000000000000000     
   10.000000000000000        4.3333333333333330        0.0000000000000000     
   10.000000000000000        4.6666666666666661        0.0000000000000000     
   10.000000000000000        5.0000000000000000        0.0000000000000000     
   10.000000000000000        5.3333333333333330        0.0000000000000000     
   10.000000000000000        5.6666666666666661        0.0000000000000000     
   10.000000000000000        6.0000000000000000        0.0000000000000000     
   10.000000000000000        6.3333333333333330        0.0000000000000000     
   10.000000000000000        6.6666666666666661        0.0000000000000000     
   10.000000000000000        7.0000000000000000        0.0000000000000000     
   10.000000000000000        7.3333333333333330        0.0000000000000000     
   10.000000000000000        7.6666666666666661        0.0000000000000000     
   10.000000000000000        8.0000000000000000        0.0000000000000000     
   10.000000000000000        8.3333333333333321        0.0000000000000000     
   10.000000000000000        8.6666666666666661        0.0000000000000000     
   10.000000000000000        9.0000000000000000        0.0000000000000000     
   10.000000000000000        9.3333333333333321        0.0000000000000000     
   10.000000000000000        9.6666666666666661        0.0000000000000000     
   10.000000000000000        10.000000000000000        0.0000000000000000     
 
