   0.0000000000000000        0.0000000000000000        0.0000000000000000     
   0.0000000000000000       0.33333333333333331        0.0000000000000000     
   0.0000000000000000       0.66666666666666663        0.0000000000000000     
   0.0000000000000000        1.0000000000000000        0.0000000000000000     
   0.0000000000000000        1.3333333333333333        0.0000000000000000     
   0.0000000000000000        1.6666666666666665        0.0000000000000000     
   0.0000000000000000        2.0000000000000000        0.0000000000000000     
   0.0000000000000000        2.3333333333333330        0.0000000000000000     
   0.0000000000000000        2.6666666666666665        0.0000000000000000     
   0.0000000000000000        3.0000000000000000        0.0000000000000000     
   0.0000000000000000        3.3333333333333330        0.0000000000000000     
   0.0000000000000000        3.6666666666666665        0.0000000000000000     
   0.0000000000000000        4.0000000000000000        0.0000000000000000     
   0.0000000000000000        4.3333333333333330        0.0000000000000000     
   0.0000000000000000        4.6666666666666661        0.0000000000000000     
   0.0000000000000000        5.0000000000000000        0.0000000000000000     
   0.0000000000000000        5.3333333333333330        0.0000000000000000     
   0.0000000000000000        5.6666666666666661        0.0000000000000000     
   0.0000000000000000        6.0000000000000000        0.0000000000000000     
   0.0000000000000000        6.3333333333333330        0.0000000000000000     
   0.0000000000000000        6.6666666666666661        0.0000000000000000     
   0.0000000000000000        7.0000000000000000        0.0000000000000000     
   0.0000000000000000        7.3333333333333330        0.0000000000000000     
   0.0000000000000000        7.6666666666666661        0.0000000000000000     
   0.0000000000000000        8.0000000000000000        0.0000000000000000     
   0.0000000000000000        8.3333333333333321        0.0000000000000000     
   0.0000000000000000        8.6666666666666661        0.0000000000000000     
   0.0000000000000000        9.0000000000000000        0.0000000000000000     
   0.0000000000000000        9.3333333333333321        0.0000000000000000     
   0.0000000000000000        9.6666666666666661        0.0000000000000000     
   0.0000000000000000        10.000000000000000        0.0000000000000000     
 
  0.33333333333333331        0.0000000000000000        0.0000000000000000     
  0.33333333333333331       0.33333333333333331        6.0021798153854238E-007
  0.33333333333333331       0.66666666666666663        9.7602906972439184E-007
  0.33333333333333331        1.0000000000000000        7.8670259209405295E-007
  0.33333333333333331        1.3333333333333333        1.8301798403825936E-006
  0.33333333333333331        1.6666666666666665        3.2241969563139006E-006
  0.33333333333333331        2.0000000000000000        6.2957346850462658E-006
  0.33333333333333331        2.3333333333333330        9.7015814440729791E-006
  0.33333333333333331        2.6666666666666665        1.0433084214213568E-005
  0.33333333333333331        3.0000000000000000        2.6938101350808668E-005
  0.33333333333333331        3.3333333333333330        3.1796498867759743E-005
  0.33333333333333331        3.6666666666666665        2.6835566793867570E-005
  0.33333333333333331        4.0000000000000000        2.5087054382096884E-005
  0.33333333333333331        4.3333333333333330        2.6997170534127851E-005
  0.33333333333333331        4.6666666666666661        1.9855119636937664E-005
  0.33333333333333331        5.0000000000000000        4.2578703446864538E-005
  0.33333333333333331        5.3333333333333330        1.2860914426563214E-004
  0.33333333333333331        5.6666666666666661        1.9016574219367122E-004
  0.33333333333333331        6.0000000000000000        2.5053896285358838E-004
  0.33333333333333331        6.3333333333333330        3.0590105274979219E-004
  0.33333333333333331        6.6666666666666661        1.8321200699453641E-004
  0.33333333333333331        7.0000000000000000        3.2867810516653943E-004
  0.33333333333333331        7.3333333333333330        1.1675353065221616E-004
  0.33333333333333331        7.6666666666666661        7.6982401654276749E-005
  0.33333333333333331        8.0000000000000000        4.6728203897861632E-005
  0.33333333333333331        8.3333333333333321        2.3881235522456559E-005
  0.33333333333333331        8.6666666666666661        1.4203469550546073E-005
  0.33333333333333331        9.0000000000000000        8.6389374341407358E-006
  0.33333333333333331        9.3333333333333321        3.9560592260368114E-006
  0.33333333333333331        9.6666666666666661        1.5070825533554820E-006
  0.33333333333333331        10.000000000000000        0.0000000000000000     
 
  0.66666666666666663        0.0000000000000000        0.0000000000000000     
  0.66666666666666663       0.33333333333333331        1.7574527634470394E-006
  0.66666666666666663       0.66666666666666663        3.0584926301368693E-006
  0.66666666666666663        1.0000000000000000        5.6877700893283187E-006
  0.66666666666666663        1.3333333333333333        4.3357579406996767E-006
  0.66666666666666663        1.6666666666666665        6.5423525528593302E-006
  0.66666666666666663        2.0000000000000000        1.5628455017698812E-005
  0.66666666666666663        2.3333333333333330        2.7154458398251846E-005
  0.66666666666666663        2.6666666666666665        7.8348727084600050E-005
  0.66666666666666663        3.0000000000000000        7.8853142603460831E-005
  0.66666666666666663        3.3333333333333330        8.8967921451929858E-005
  0.66666666666666663        3.6666666666666665        6.3898799270551793E-005
  0.66666666666666663        4.0000000000000000        5.9290082666867231E-005
  0.66666666666666663        4.3333333333333330        7.6716408258818654E-005
  0.66666666666666663        4.6666666666666661        0.0000000000000000     
  0.66666666666666663        5.0000000000000000        2.7180705855156669E-004
  0.66666666666666663        5.3333333333333330        3.4244573286030730E-004
  0.66666666666666663        5.6666666666666661        4.6969246191497948E-004
  0.66666666666666663        6.0000000000000000        6.2057536581205637E-004
  0.66666666666666663        6.3333333333333330        9.2683810636471275E-004
  0.66666666666666663        6.6666666666666661        1.4752251702684952E-003
  0.66666666666666663        7.0000000000000000        1.1650295812518487E-003
  0.66666666666666663        7.3333333333333330        1.2096546296065885E-004
  0.66666666666666663        7.6666666666666661        1.8230241773169563E-004
  0.66666666666666663        8.0000000000000000        1.0967716020893973E-004
  0.66666666666666663        8.3333333333333321        4.7054179898209164E-005
  0.66666666666666663        8.6666666666666661        3.1904408845149540E-005
  0.66666666666666663        9.0000000000000000        2.1113625723381776E-005
  0.66666666666666663        9.3333333333333321        7.8817159511076471E-006
  0.66666666666666663        9.6666666666666661        2.9234708250133369E-006
  0.66666666666666663        10.000000000000000        0.0000000000000000     
 
   1.0000000000000000        0.0000000000000000        0.0000000000000000     
   1.0000000000000000       0.33333333333333331        4.3256209000382949E-006
   1.0000000000000000       0.66666666666666663        8.0980320696026152E-006
   1.0000000000000000        1.0000000000000000        1.0155971635694583E-005
   1.0000000000000000        1.3333333333333333        5.6877700893283187E-006
   1.0000000000000000        1.6666666666666665        2.2521163029033043E-005
   1.0000000000000000        2.0000000000000000        3.0761837196314030E-005
   1.0000000000000000        2.3333333333333330        7.0068762761716277E-005
   1.0000000000000000        2.6666666666666665        1.1665308847684596E-004
   1.0000000000000000        3.0000000000000000        1.5925546260799956E-004
   1.0000000000000000        3.3333333333333330        2.2329144650546409E-004
   1.0000000000000000        3.6666666666666665        1.1175383079511711E-004
   1.0000000000000000        4.0000000000000000        1.0110878104633309E-004
   1.0000000000000000        4.3333333333333330        1.8176683660403662E-004
   1.0000000000000000        4.6666666666666661        2.2208971252527909E-004
   1.0000000000000000        5.0000000000000000        3.3180471193798865E-004
   1.0000000000000000        5.3333333333333330        6.5781117402170894E-004
   1.0000000000000000        5.6666666666666661        9.3688456112238697E-004
   1.0000000000000000        6.0000000000000000        1.1108435871533681E-003
   1.0000000000000000        6.3333333333333330        2.2521514571728100E-003
   1.0000000000000000        6.6666666666666661        2.4352622626856624E-003
   1.0000000000000000        7.0000000000000000        2.2080586926890413E-003
   1.0000000000000000        7.3333333333333330        1.3653897434808425E-003
   1.0000000000000000        7.6666666666666661        5.0982355580749580E-004
   1.0000000000000000        8.0000000000000000        2.1713493269879636E-004
   1.0000000000000000        8.3333333333333321        8.4639834628531043E-005
   1.0000000000000000        8.6666666666666661        6.2122969660929783E-005
   1.0000000000000000        9.0000000000000000        4.7383018411201807E-005
   1.0000000000000000        9.3333333333333321        2.5115517642131005E-006
   1.0000000000000000        9.6666666666666661        3.9402489196865364E-006
   1.0000000000000000        10.000000000000000        0.0000000000000000     
 
   1.3333333333333333        0.0000000000000000        0.0000000000000000     
   1.3333333333333333       0.33333333333333331        9.7382505946464409E-006
   1.3333333333333333       0.66666666666666663        1.9122465514641463E-005
   1.3333333333333333        1.0000000000000000        2.6506138713816007E-005
   1.3333333333333333        1.3333333333333333        4.4101298973108806E-005
   1.3333333333333333        1.6666666666666665        2.6343535165821413E-005
   1.3333333333333333        2.0000000000000000        1.3170507803220871E-004
   1.3333333333333333        2.3333333333333330        1.4044237650306791E-004
   1.3333333333333333        2.6666666666666665        2.1498194706164270E-004
   1.3333333333333333        3.0000000000000000        2.9216076041997836E-004
   1.3333333333333333        3.3333333333333330        6.3281643691350789E-004
   1.3333333333333333        3.6666666666666665        1.2433306289251652E-003
   1.3333333333333333        4.0000000000000000        5.6096050031666201E-004
   1.3333333333333333        4.3333333333333330        4.5397192652536382E-004
   1.3333333333333333        4.6666666666666661        1.0160222909187885E-003
   1.3333333333333333        5.0000000000000000        1.1513222983225353E-003
   1.3333333333333333        5.3333333333333330        1.3104771349076426E-003
   1.3333333333333333        5.6666666666666661        1.9098958033674236E-003
   1.3333333333333333        6.0000000000000000        6.6481627350711081E-003
   1.3333333333333333        6.3333333333333330        5.4519873018833015E-003
   1.3333333333333333        6.6666666666666661        4.8168750990230857E-003
   1.3333333333333333        7.0000000000000000        3.9580580529012203E-003
   1.3333333333333333        7.3333333333333330        2.8229961387908719E-003
   1.3333333333333333        7.6666666666666661        9.0056786407078379E-005
   1.3333333333333333        8.0000000000000000        1.3698878533170925E-004
   1.3333333333333333        8.3333333333333321        1.5035240311976470E-004
   1.3333333333333333        8.6666666666666661        1.1667645508508555E-004
   1.3333333333333333        9.0000000000000000        8.3801709208462837E-005
   1.3333333333333333        9.3333333333333321        3.0678635105339684E-005
   1.3333333333333333        9.6666666666666661        1.2490346130953540E-005
   1.3333333333333333        10.000000000000000        0.0000000000000000     
 
   1.6666666666666665        0.0000000000000000        0.0000000000000000     
   1.6666666666666665       0.33333333333333331        2.0515516783968435E-005
   1.6666666666666665       0.66666666666666663        4.1910287634965762E-005
   1.6666666666666665        1.0000000000000000        6.3652378220898699E-005
   1.6666666666666665        1.3333333333333333        8.4187903559377328E-005
   1.6666666666666665        1.6666666666666665        2.4845754823483247E-004
   1.6666666666666665        2.0000000000000000        1.8796501772776623E-004
   1.6666666666666665        2.3333333333333330        2.1286383045714013E-004
   1.6666666666666665        2.6666666666666665        4.1017847589963147E-004
   1.6666666666666665        3.0000000000000000        1.6281874562074272E-003
   1.6666666666666665        3.3333333333333330        1.6487951789914065E-003
   1.6666666666666665        3.6666666666666665        1.7645970584780270E-003
   1.6666666666666665        4.0000000000000000        9.2027246415807827E-004
   1.6666666666666665        4.3333333333333330        8.2606074617710057E-004
   1.6666666666666665        4.6666666666666661        1.4635469971449318E-003
   1.6666666666666665        5.0000000000000000        1.4940100143026674E-003
   1.6666666666666665        5.3333333333333330        2.0727749238582975E-003
   1.6666666666666665        5.6666666666666661        4.2418558748775230E-003
   1.6666666666666665        6.0000000000000000        1.0297342412048466E-002
   1.6666666666666665        6.3333333333333330        1.0151233670267231E-002
   1.6666666666666665        6.6666666666666661        9.2885547903745983E-003
   1.6666666666666665        7.0000000000000000        7.5650860354183544E-003
   1.6666666666666665        7.3333333333333330        4.3258335485445113E-003
   1.6666666666666665        7.6666666666666661        8.0126695500870558E-005
   1.6666666666666665        8.0000000000000000        1.5877599265436373E-004
   1.6666666666666665        8.3333333333333321        3.3653971154854010E-004
   1.6666666666666665        8.6666666666666661        2.2841496893636189E-004
   1.6666666666666665        9.0000000000000000        1.3004149416923373E-004
   1.6666666666666665        9.3333333333333321        6.4987526023121592E-005
   1.6666666666666665        9.6666666666666661        2.1999556875407682E-005
   1.6666666666666665        10.000000000000000        0.0000000000000000     
 
   2.0000000000000000        0.0000000000000000        0.0000000000000000     
   2.0000000000000000       0.33333333333333331        4.0647128307292483E-005
   2.0000000000000000       0.66666666666666663        8.5037832014023832E-005
   2.0000000000000000        1.0000000000000000        1.3300055250569582E-004
   2.0000000000000000        1.3333333333333333        1.8535144192548296E-004
   2.0000000000000000        1.6666666666666665        4.2370237002654351E-004
   2.0000000000000000        2.0000000000000000        2.4845754823483247E-004
   2.0000000000000000        2.3333333333333330        6.8179641066136616E-004
   2.0000000000000000        2.6666666666666665        9.8451798120421561E-004
   2.0000000000000000        3.0000000000000000        2.2728022628866859E-003
   2.0000000000000000        3.3333333333333330        3.2239458307250402E-003
   2.0000000000000000        3.6666666666666665        3.9379173901113390E-003
   2.0000000000000000        4.0000000000000000        6.1010680035349261E-003
   2.0000000000000000        4.3333333333333330        7.1834367099154577E-003
   2.0000000000000000        4.6666666666666661        3.1251273947538929E-003
   2.0000000000000000        5.0000000000000000        1.9170737487812126E-003
   2.0000000000000000        5.3333333333333330        0.0000000000000000     
   2.0000000000000000        5.6666666666666661        4.8483258833233199E-002
   2.0000000000000000        6.0000000000000000        2.3618429219056745E-002
   2.0000000000000000        6.3333333333333330        1.9122254619094399E-002
   2.0000000000000000        6.6666666666666661        1.7955203682193624E-002
   2.0000000000000000        7.0000000000000000        1.5497296810519702E-002
   2.0000000000000000        7.3333333333333330        2.7267873306603650E-005
   2.0000000000000000        7.6666666666666661        4.2377889221222308E-005
   2.0000000000000000        8.0000000000000000        2.0839784465486902E-003
   2.0000000000000000        8.3333333333333321        9.6333199459335667E-004
   2.0000000000000000        8.6666666666666661        4.3882569485802052E-004
   2.0000000000000000        9.0000000000000000        2.0704497603763578E-004
   2.0000000000000000        9.3333333333333321        1.1025963694434716E-004
   2.0000000000000000        9.6666666666666661        1.5706261394822612E-005
   2.0000000000000000        10.000000000000000        0.0000000000000000     
 
   2.3333333333333330        0.0000000000000000        0.0000000000000000     
   2.3333333333333330       0.33333333333333331        7.6651632504663535E-005
   2.3333333333333330       0.66666666666666663        1.6507420875394899E-004
   2.3333333333333330        1.0000000000000000        2.6012911844998577E-004
   2.3333333333333330        1.3333333333333333        1.0092472475888646E-003
   2.3333333333333330        1.6666666666666665        1.1963124558740472E-003
   2.3333333333333330        2.0000000000000000        3.3064458266962140E-003
   2.3333333333333330        2.3333333333333330        4.9667323717651080E-003
   2.3333333333333330        2.6666666666666665        5.4278593834116177E-003
   2.3333333333333330        3.0000000000000000        4.1369565569611064E-003
   2.3333333333333330        3.3333333333333330        6.2246134568596217E-003
   2.3333333333333330        3.6666666666666665        8.2285757512202858E-003
   2.3333333333333330        4.0000000000000000        8.3915347241815402E-003
   2.3333333333333330        4.3333333333333330        1.3744502906139905E-002
   2.3333333333333330        4.6666666666666661        4.0858133090802183E-002
   2.3333333333333330        5.0000000000000000        7.2191156108393037E-002
   2.3333333333333330        5.3333333333333330        9.8520029601696563E-002
   2.3333333333333330        5.6666666666666661        8.5918296995625337E-002
   2.3333333333333330        6.0000000000000000        4.9111443515647356E-002
   2.3333333333333330        6.3333333333333330        3.0924687544638688E-002
   2.3333333333333330        6.6666666666666661        3.3812208247660923E-002
   2.3333333333333330        7.0000000000000000        2.6275147752365554E-002
   2.3333333333333330        7.3333333333333330        2.0961374997269720E-002
   2.3333333333333330        7.6666666666666661        1.0324036416385119E-002
   2.3333333333333330        8.0000000000000000        4.0741677969974256E-003
   2.3333333333333330        8.3333333333333321        1.4120663215380471E-003
   2.3333333333333330        8.6666666666666661        5.5647160636876272E-004
   2.3333333333333330        9.0000000000000000        2.4819487694621652E-004
   2.3333333333333330        9.3333333333333321        1.1372270437257258E-004
   2.3333333333333330        9.6666666666666661        3.9603077133914571E-005
   2.3333333333333330        10.000000000000000        0.0000000000000000     
 
   2.6666666666666665        0.0000000000000000        0.0000000000000000     
   2.6666666666666665       0.33333333333333331        1.3661783205759083E-004
   2.6666666666666665       0.66666666666666663        3.1407368124281943E-004
   2.6666666666666665        1.0000000000000000        5.9881594661902518E-004
   2.6666666666666665        1.3333333333333333        1.2476131875447057E-003
   2.6666666666666665        1.6666666666666665        2.6401857274293539E-003
   2.6666666666666665        2.0000000000000000        4.5877466523170374E-003
   2.6666666666666665        2.3333333333333330        6.8009051103797577E-003
   2.6666666666666665        2.6666666666666665        8.6408484180414830E-003
   2.6666666666666665        3.0000000000000000        1.4586536902808598E-002
   2.6666666666666665        3.3333333333333330        1.1427275358987804E-002
   2.6666666666666665        3.6666666666666665        1.7028696895156681E-002
   2.6666666666666665        4.0000000000000000        2.2784171643277468E-002
   2.6666666666666665        4.3333333333333330        3.0052251745945970E-002
   2.6666666666666665        4.6666666666666661        5.2478846154717887E-002
   2.6666666666666665        5.0000000000000000        9.0054869044521743E-002
   2.6666666666666665        5.3333333333333330       0.13255172799446457     
   2.6666666666666665        5.6666666666666661       0.12991928951542836     
   2.6666666666666665        6.0000000000000000        8.0399880606151108E-002
   2.6666666666666665        6.3333333333333330        9.6484957117315487E-002
   2.6666666666666665        6.6666666666666661        7.0028648835299565E-002
   2.6666666666666665        7.0000000000000000        3.7837397885957691E-002
   2.6666666666666665        7.3333333333333330        2.8366212349441946E-002
   2.6666666666666665        7.6666666666666661        2.0358494328845803E-002
   2.6666666666666665        8.0000000000000000        4.3785264353399500E-004
   2.6666666666666665        8.3333333333333321        6.4525101902301342E-004
   2.6666666666666665        8.6666666666666661        3.7530581384141802E-004
   2.6666666666666665        9.0000000000000000        2.3300667796495852E-004
   2.6666666666666665        9.3333333333333321        1.1312545440095207E-004
   2.6666666666666665        9.6666666666666661        4.9106230930605788E-005
   2.6666666666666665        10.000000000000000        0.0000000000000000     
 
   3.0000000000000000        0.0000000000000000        0.0000000000000000     
   3.0000000000000000       0.33333333333333331        2.1722833638772017E-004
   3.0000000000000000       0.66666666666666663        4.9378891443768963E-004
   3.0000000000000000        1.0000000000000000        8.2737644747349294E-004
   3.0000000000000000        1.3333333333333333        3.4493490606127605E-003
   3.0000000000000000        1.6666666666666665        4.5198767954832764E-003
   3.0000000000000000        2.0000000000000000        7.2421971094504640E-003
   3.0000000000000000        2.3333333333333330        1.1307115094621633E-002
   3.0000000000000000        2.6666666666666665        1.6471514010487326E-002
   3.0000000000000000        3.0000000000000000        2.2133886744163847E-002
   3.0000000000000000        3.3333333333333330        4.0794044190127568E-002
   3.0000000000000000        3.6666666666666665        3.6203152650308636E-002
   3.0000000000000000        4.0000000000000000        3.0500076051848759E-002
   3.0000000000000000        4.3333333333333330        3.9812887428353476E-002
   3.0000000000000000        4.6666666666666661        6.2099743178885704E-002
   3.0000000000000000        5.0000000000000000       0.12207914436690279     
   3.0000000000000000        5.3333333333333330       0.23569214295151109     
   3.0000000000000000        5.6666666666666661       0.24475704253973260     
   3.0000000000000000        6.0000000000000000       0.24244910476961123     
   3.0000000000000000        6.3333333333333330       0.14621539322219135     
   3.0000000000000000        6.6666666666666661       0.12959657784671028     
   3.0000000000000000        7.0000000000000000        6.4327806093599713E-002
   3.0000000000000000        7.3333333333333330        4.3390038858066304E-002
   3.0000000000000000        7.6666666666666661        2.9287645428609631E-002
   3.0000000000000000        8.0000000000000000        1.2235529998808385E-002
   3.0000000000000000        8.3333333333333321        1.5991925654512107E-004
   3.0000000000000000        8.6666666666666661        2.4165789769228533E-004
   3.0000000000000000        9.0000000000000000        3.0783267397068191E-004
   3.0000000000000000        9.3333333333333321        1.4286556699942321E-004
   3.0000000000000000        9.6666666666666661        6.8564163572713062E-005
   3.0000000000000000        10.000000000000000        0.0000000000000000     
 
   3.3333333333333330        0.0000000000000000        0.0000000000000000     
   3.3333333333333330       0.33333333333333331        3.3306583357832270E-004
   3.3333333333333330       0.66666666666666663        8.2579572862232864E-004
   3.3333333333333330        1.0000000000000000        1.7291286991436981E-003
   3.3333333333333330        1.3333333333333333        3.6676988033833078E-003
   3.3333333333333330        1.6666666666666665        6.3430812525414786E-003
   3.3333333333333330        2.0000000000000000        1.0927009153139020E-002
   3.3333333333333330        2.3333333333333330        1.8141115571476549E-002
   3.3333333333333330        2.6666666666666665        2.8433443183274839E-002
   3.3333333333333330        3.0000000000000000        4.1228940205583389E-002
   3.3333333333333330        3.3333333333333330        5.5217946894938114E-002
   3.3333333333333330        3.6666666666666665        5.9476419133792077E-002
   3.3333333333333330        4.0000000000000000        5.6913273162926520E-002
   3.3333333333333330        4.3333333333333330        4.7435536099741701E-002
   3.3333333333333330        4.6666666666666661        4.8407257972542840E-002
   3.3333333333333330        5.0000000000000000       0.53300752491402781     
   3.3333333333333330        5.3333333333333330       0.47371096336847884     
   3.3333333333333330        5.6666666666666661       0.40195380381875634     
   3.3333333333333330        6.0000000000000000       0.37704884043467340     
   3.3333333333333330        6.3333333333333330       0.28841349977065728     
   3.3333333333333330        6.6666666666666661       0.19976415871254810     
   3.3333333333333330        7.0000000000000000       0.10196875339956428     
   3.3333333333333330        7.3333333333333330        6.4064473525901319E-002
   3.3333333333333330        7.6666666666666661        3.3373909856901147E-002
   3.3333333333333330        8.0000000000000000        1.6745922945017609E-002
   3.3333333333333330        8.3333333333333321        3.2319887516074450E-003
   3.3333333333333330        8.6666666666666661        1.0412809670885339E-003
   3.3333333333333330        9.0000000000000000        5.9533857549997162E-004
   3.3333333333333330        9.3333333333333321        2.8637924511441354E-004
   3.3333333333333330        9.6666666666666661        1.1606880607641741E-004
   3.3333333333333330        10.000000000000000        0.0000000000000000     
 
   3.6666666666666665        0.0000000000000000        0.0000000000000000     
   3.6666666666666665       0.33333333333333331        4.2921245714042111E-004
   3.6666666666666665       0.66666666666666663        1.0812404911084935E-003
   3.6666666666666665        1.0000000000000000        2.2570303316612333E-003
   3.6666666666666665        1.3333333333333333        4.4647786841895852E-003
   3.6666666666666665        1.6666666666666665        8.3537262214615597E-003
   3.6666666666666665        2.0000000000000000        1.5271500348709346E-002
   3.6666666666666665        2.3333333333333330        2.6840878535399983E-002
   3.6666666666666665        2.6666666666666665        4.4884231491249461E-002
   3.6666666666666665        3.0000000000000000        6.8347974164390174E-002
   3.6666666666666665        3.3333333333333330        9.0864310475963092E-002
   3.6666666666666665        3.6666666666666665        9.8956199600728878E-002
   3.6666666666666665        4.0000000000000000        7.9780705424274748E-002
   3.6666666666666665        4.3333333333333330        5.6913273162926520E-002
   3.6666666666666665        4.6666666666666661       0.69143063216276146     
   3.6666666666666665        5.0000000000000000       0.64488666192774269     
   3.6666666666666665        5.3333333333333330       0.76151961584787442     
   3.6666666666666665        5.6666666666666661       0.55224246569736923     
   3.6666666666666665        6.0000000000000000       0.52867519550040243     
   3.6666666666666665        6.3333333333333330       0.41792142903671525     
   3.6666666666666665        6.6666666666666661       0.31275975351017532     
   3.6666666666666665        7.0000000000000000       0.14643808163848857     
   3.6666666666666665        7.3333333333333330        9.4011533937115574E-002
   3.6666666666666665        7.6666666666666661        7.4321733706660086E-003
   3.6666666666666665        8.0000000000000000        1.0272908541987253E-002
   3.6666666666666665        8.3333333333333321        4.5642884938781195E-003
   3.6666666666666665        8.6666666666666661        1.9407022506053961E-003
   3.6666666666666665        9.0000000000000000        1.0135322031980050E-003
   3.6666666666666665        9.3333333333333321        4.2433220580958777E-004
   3.6666666666666665        9.6666666666666661        1.6462179767160907E-004
   3.6666666666666665        10.000000000000000        0.0000000000000000     
 
   4.0000000000000000        0.0000000000000000        0.0000000000000000     
   4.0000000000000000       0.33333333333333331        4.7918645018952676E-004
   4.0000000000000000       0.66666666666666663        1.2396643556830741E-003
   4.0000000000000000        1.0000000000000000        2.5897969820368660E-003
   4.0000000000000000        1.3333333333333333        5.1105631136672321E-003
   4.0000000000000000        1.6666666666666665        9.9329968172961573E-003
   4.0000000000000000        2.0000000000000000        1.9212676846315328E-002
   4.0000000000000000        2.3333333333333330        3.5661629498713265E-002
   4.0000000000000000        2.6666666666666665        6.5529545976921802E-002
   4.0000000000000000        3.0000000000000000       0.10914553000921166     
   4.0000000000000000        3.3333333333333330       0.15589385445994408     
   4.0000000000000000        3.6666666666666665       0.18124864386315456     
   4.0000000000000000        4.0000000000000000       0.12151528958814445     
   4.0000000000000000        4.3333333333333330       0.98427696730340786     
   4.0000000000000000        4.6666666666666661       0.80641413436349485     
   4.0000000000000000        5.0000000000000000        1.6809806667014102     
   4.0000000000000000        5.3333333333333330        1.3884376759678221     
   4.0000000000000000        5.6666666666666661        1.0918403241228334     
   4.0000000000000000        6.0000000000000000       0.80383616781966072     
   4.0000000000000000        6.3333333333333330       0.58240659530106020     
   4.0000000000000000        6.6666666666666661       0.36136142356976153     
   4.0000000000000000        7.0000000000000000       0.22820207577801918     
   4.0000000000000000        7.3333333333333330        7.0889725397077150E-002
   4.0000000000000000        7.6666666666666661        2.3644238417745409E-002
   4.0000000000000000        8.0000000000000000        1.5965335314353818E-002
   4.0000000000000000        8.3333333333333321        6.6336042650976829E-003
   4.0000000000000000        8.6666666666666661        2.3137933728259105E-003
   4.0000000000000000        9.0000000000000000        1.5294566275417037E-003
   4.0000000000000000        9.3333333333333321        4.0299459197412391E-004
   4.0000000000000000        9.6666666666666661        1.9451991010720830E-004
   4.0000000000000000        10.000000000000000        0.0000000000000000     
 
   4.3333333333333330        0.0000000000000000        0.0000000000000000     
   4.3333333333333330       0.33333333333333331        4.4291762826952476E-004
   4.3333333333333330       0.66666666666666663        1.2916569556843155E-003
   4.3333333333333330        1.0000000000000000        2.6963370659992126E-003
   4.3333333333333330        1.3333333333333333        5.1560941576887119E-003
   4.3333333333333330        1.6666666666666665        1.0009396310226246E-002
   4.3333333333333330        2.0000000000000000        2.0991371423785363E-002
   4.3333333333333330        2.3333333333333330        3.9044799738283398E-002
   4.3333333333333330        2.6666666666666665        8.4622059585194642E-002
   4.3333333333333330        3.0000000000000000       0.16335144531955839     
   4.3333333333333330        3.3333333333333330       0.26109323350638131     
   4.3333333333333330        3.6666666666666665       0.36729606276986970     
   4.3333333333333330        4.0000000000000000        1.1598446542094831     
   4.3333333333333330        4.3333333333333330        1.1934730901040085     
   4.3333333333333330        4.6666666666666661        1.9273110468612820     
   4.3333333333333330        5.0000000000000000        1.8335754458076861     
   4.3333333333333330        5.3333333333333330        1.6337910176153272     
   4.3333333333333330        5.6666666666666661        1.3538558019965312     
   4.3333333333333330        6.0000000000000000        1.0227845964637396     
   4.3333333333333330        6.3333333333333330       0.77753043512591036     
   4.3333333333333330        6.6666666666666661       0.35180067643584034     
   4.3333333333333330        7.0000000000000000       0.21197830264982784     
   4.3333333333333330        7.3333333333333330        8.7908189248230503E-002
   4.3333333333333330        7.6666666666666661        3.8171218568129439E-002
   4.3333333333333330        8.0000000000000000        1.9042374136831217E-002
   4.3333333333333330        8.3333333333333321        9.0584583817090360E-003
   4.3333333333333330        8.6666666666666661        4.0172197925321682E-003
   4.3333333333333330        9.0000000000000000        1.8959879791255367E-003
   4.3333333333333330        9.3333333333333321        7.9006046059852209E-004
   4.3333333333333330        9.6666666666666661        2.9879830048206807E-004
   4.3333333333333330        10.000000000000000        0.0000000000000000     
 
   4.6666666666666661        0.0000000000000000        0.0000000000000000     
   4.6666666666666661       0.33333333333333331        1.8099379458966146E-004
   4.6666666666666661       0.66666666666666663        1.9412762783856644E-003
   4.6666666666666661        1.0000000000000000        2.7398491055929297E-003
   4.6666666666666661        1.3333333333333333        4.5324281026542530E-003
   4.6666666666666661        1.6666666666666665        6.9123209076479364E-003
   4.6666666666666661        2.0000000000000000        1.6506995436112025E-002
   4.6666666666666661        2.3333333333333330        2.3237307303106320E-002
   4.6666666666666661        2.6666666666666665       0.18936071627011697     
   4.6666666666666661        3.0000000000000000       0.21898392487933846     
   4.6666666666666661        3.3333333333333330       0.37903354150315371     
   4.6666666666666661        3.6666666666666665       0.67743655293845206     
   4.6666666666666661        4.0000000000000000        1.1042748868607413     
   4.6666666666666661        4.3333333333333330        1.4094729294073418     
   4.6666666666666661        4.6666666666666661        1.7959979566804325     
   4.6666666666666661        5.0000000000000000        1.8940560633800534     
   4.6666666666666661        5.3333333333333330        1.8065695895425027     
   4.6666666666666661        5.6666666666666661        1.5785215794639711     
   4.6666666666666661        6.0000000000000000        1.1320704877854373     
   4.6666666666666661        6.3333333333333330       0.74202218966976285     
   4.6666666666666661        6.6666666666666661       0.52989067271119594     
   4.6666666666666661        7.0000000000000000        3.7535811368003748E-002
   4.6666666666666661        7.3333333333333330        4.8381212662148405E-002
   4.6666666666666661        7.6666666666666661        3.1678146329818947E-002
   4.6666666666666661        8.0000000000000000        1.8619621038197361E-002
   4.6666666666666661        8.3333333333333321        9.5753156718541062E-003
   4.6666666666666661        8.6666666666666661        4.2769804312300140E-003
   4.6666666666666661        9.0000000000000000        2.0009596803541086E-003
   4.6666666666666661        9.3333333333333321        8.9519688703776259E-004
   4.6666666666666661        9.6666666666666661        3.4176115592092184E-004
   4.6666666666666661        10.000000000000000        0.0000000000000000     
 
   5.0000000000000000        0.0000000000000000        0.0000000000000000     
   5.0000000000000000       0.33333333333333331        1.7701326260495369E-004
   5.0000000000000000       0.66666666666666663        1.8145503960075597E-003
   5.0000000000000000        1.0000000000000000        2.8381714353701952E-003
   5.0000000000000000        1.3333333333333333        4.9293415443940596E-003
   5.0000000000000000        1.6666666666666665        8.4870858252639892E-003
   5.0000000000000000        2.0000000000000000        1.4680064148682857E-002
   5.0000000000000000        2.3333333333333330        2.0266504470707922E-002
   5.0000000000000000        2.6666666666666665       0.14074093991502343     
   5.0000000000000000        3.0000000000000000       0.17037437662592089     
   5.0000000000000000        3.3333333333333330       0.83167082024441530     
   5.0000000000000000        3.6666666666666665       0.86282481538206501     
   5.0000000000000000        4.0000000000000000        1.1287725230823871     
   5.0000000000000000        4.3333333333333330        1.4366934764194126     
   5.0000000000000000        4.6666666666666661        1.7376414834024589     
   5.0000000000000000        5.0000000000000000        1.8928105325449978     
   5.0000000000000000        5.3333333333333330        1.8973581887318165     
   5.0000000000000000        5.6666666666666661        1.8624568891800664     
   5.0000000000000000        6.0000000000000000       0.52193012965024532     
   5.0000000000000000        6.3333333333333330       0.54166192264382962     
   5.0000000000000000        6.6666666666666661       0.18511000707950259     
   5.0000000000000000        7.0000000000000000        7.0593031055514038E-002
   5.0000000000000000        7.3333333333333330        4.8674117438581389E-002
   5.0000000000000000        7.6666666666666661        3.0366157948766473E-002
   5.0000000000000000        8.0000000000000000        1.9935136758206951E-002
   5.0000000000000000        8.3333333333333321        4.1450818300221275E-003
   5.0000000000000000        8.6666666666666661        3.0910113395672405E-003
   5.0000000000000000        9.0000000000000000        1.7310532233097131E-003
   5.0000000000000000        9.3333333333333321        8.2495808819702692E-004
   5.0000000000000000        9.6666666666666661        3.2272930277843276E-004
   5.0000000000000000        10.000000000000000        0.0000000000000000     
 
   5.3333333333333330        0.0000000000000000        0.0000000000000000     
   5.3333333333333330       0.33333333333333331        4.2620179677466759E-004
   5.3333333333333330       0.66666666666666663        1.5274153182931632E-003
   5.3333333333333330        1.0000000000000000        2.9541345866991161E-003
   5.3333333333333330        1.3333333333333333        5.6045421531366827E-003
   5.3333333333333330        1.6666666666666665        1.0202044374001264E-002
   5.3333333333333330        2.0000000000000000        1.7884412924167099E-002
   5.3333333333333330        2.3333333333333330        2.8561654505372541E-002
   5.3333333333333330        2.6666666666666665       0.13914195203948640     
   5.3333333333333330        3.0000000000000000       0.18084312495091684     
   5.3333333333333330        3.3333333333333330       0.64995857912039634     
   5.3333333333333330        3.6666666666666665       0.81634593413359990     
   5.3333333333333330        4.0000000000000000        1.0593101515695618     
   5.3333333333333330        4.3333333333333330        1.3382524882810507     
   5.3333333333333330        4.6666666666666661        1.5992399323123534     
   5.3333333333333330        5.0000000000000000        1.7639231856853177     
   5.3333333333333330        5.3333333333333330        1.7529283320898834     
   5.3333333333333330        5.6666666666666661       0.74539519534765908     
   5.3333333333333330        6.0000000000000000       0.54495086521222058     
   5.3333333333333330        6.3333333333333330       0.39787638823822230     
   5.3333333333333330        6.6666666666666661       0.21985172008091183     
   5.3333333333333330        7.0000000000000000       0.10906672595986508     
   5.3333333333333330        7.3333333333333330        5.7943786397018027E-002
   5.3333333333333330        7.6666666666666661        2.9915434489697478E-002
   5.3333333333333330        8.0000000000000000        1.7084704221420190E-002
   5.3333333333333330        8.3333333333333321        6.7793469794392106E-003
   5.3333333333333330        8.6666666666666661        3.4202561445979512E-003
   5.3333333333333330        9.0000000000000000        1.7173563899734853E-003
   5.3333333333333330        9.3333333333333321        7.0453336459650492E-004
   5.3333333333333330        9.6666666666666661        2.6720381597749226E-004
   5.3333333333333330        10.000000000000000        0.0000000000000000     
 
   5.6666666666666661        0.0000000000000000        0.0000000000000000     
   5.6666666666666661       0.33333333333333331        1.7761270321418738E-004
   5.6666666666666661       0.66666666666666663        3.4104119621662529E-004
   5.6666666666666661        1.0000000000000000        3.2007083107137677E-003
   5.6666666666666661        1.3333333333333333        6.2509308118808161E-003
   5.6666666666666661        1.6666666666666665        1.2009330666888918E-002
   5.6666666666666661        2.0000000000000000        2.3115881131626156E-002
   5.6666666666666661        2.3333333333333330        5.4732535304386119E-002
   5.6666666666666661        2.6666666666666665       0.12397341215307657     
   5.6666666666666661        3.0000000000000000       0.26342846115065632     
   5.6666666666666661        3.3333333333333330       0.51792107052197955     
   5.6666666666666661        3.6666666666666665       0.70253447640159217     
   5.6666666666666661        4.0000000000000000       0.91206390247537572     
   5.6666666666666661        4.3333333333333330        1.1412957254390266     
   5.6666666666666661        4.6666666666666661        1.3580661654488067     
   5.6666666666666661        5.0000000000000000        1.5543320110784020     
   5.6666666666666661        5.3333333333333330        1.3414383178323803     
   5.6666666666666661        5.6666666666666661       0.94018221346596920     
   5.6666666666666661        6.0000000000000000       0.34021856756478730     
   5.6666666666666661        6.3333333333333330       0.32194222885403717     
   5.6666666666666661        6.6666666666666661       0.11898732803014600     
   5.6666666666666661        7.0000000000000000        5.7574100090117535E-002
   5.6666666666666661        7.3333333333333330        2.5258152626321011E-002
   5.6666666666666661        7.6666666666666661        2.2681717890505802E-002
   5.6666666666666661        8.0000000000000000        5.9318980258734263E-003
   5.6666666666666661        8.3333333333333321        4.8491276395905896E-003
   5.6666666666666661        8.6666666666666661        3.4102894400240068E-003
   5.6666666666666661        9.0000000000000000        2.1113139432811040E-004
   5.6666666666666661        9.3333333333333321        3.1260236437143384E-004
   5.6666666666666661        9.6666666666666661        1.6114017866816505E-004
   5.6666666666666661        10.000000000000000        0.0000000000000000     
 
   6.0000000000000000        0.0000000000000000        0.0000000000000000     
   6.0000000000000000       0.33333333333333331        1.8333366625758839E-004
   6.0000000000000000       0.66666666666666663        4.9064116914070426E-004
   6.0000000000000000        1.0000000000000000        1.2923305136594643E-003
   6.0000000000000000        1.3333333333333333        0.0000000000000000     
   6.0000000000000000        1.6666666666666665        1.0299946166206093E-002
   6.0000000000000000        2.0000000000000000        1.3752334030508028E-002
   6.0000000000000000        2.3333333333333330        3.6390657236026053E-002
   6.0000000000000000        2.6666666666666665        5.9847579458977701E-002
   6.0000000000000000        3.0000000000000000       0.43212532055135544     
   6.0000000000000000        3.3333333333333330       0.49487975507875126     
   6.0000000000000000        3.6666666666666665       0.58616734079951560     
   6.0000000000000000        4.0000000000000000       0.72950652969325114     
   6.0000000000000000        4.3333333333333330       0.88521291571150695     
   6.0000000000000000        4.6666666666666661        1.0017285989015194     
   6.0000000000000000        5.0000000000000000       0.82541093195419768     
   6.0000000000000000        5.3333333333333330       0.96707562727143082     
   6.0000000000000000        5.6666666666666661       0.67626407700304569     
   6.0000000000000000        6.0000000000000000       0.39069961453556712     
   6.0000000000000000        6.3333333333333330       0.26314904732875777     
   6.0000000000000000        6.6666666666666661       0.14207632659349309     
   6.0000000000000000        7.0000000000000000        7.1312639230120711E-002
   6.0000000000000000        7.3333333333333330        3.5056654136088237E-002
   6.0000000000000000        7.6666666666666661        1.9627048605997115E-002
   6.0000000000000000        8.0000000000000000        9.1438186522927282E-003
   6.0000000000000000        8.3333333333333321        5.0794565584691732E-003
   6.0000000000000000        8.6666666666666661        3.3016509930761154E-003
   6.0000000000000000        9.0000000000000000        5.3505873471767845E-004
   6.0000000000000000        9.3333333333333321        3.1626594968373154E-004
   6.0000000000000000        9.6666666666666661        1.3942558304427572E-004
   6.0000000000000000        10.000000000000000        0.0000000000000000     
 
   6.3333333333333330        0.0000000000000000        0.0000000000000000     
   6.3333333333333330       0.33333333333333331        1.4405933394477787E-004
   6.3333333333333330       0.66666666666666663        3.4808640473341302E-004
   6.3333333333333330        1.0000000000000000        6.8085533004546650E-004
   6.3333333333333330        1.3333333333333333        1.5321315695134030E-003
   6.3333333333333330        1.6666666666666665        7.2094805339211086E-003
   6.3333333333333330        2.0000000000000000        1.2012381535602155E-002
   6.3333333333333330        2.3333333333333330        2.2185735548084028E-002
   6.3333333333333330        2.6666666666666665        3.2094012304892332E-002
   6.3333333333333330        3.0000000000000000        2.1096986319254225E-002
   6.3333333333333330        3.3333333333333330       0.39875460291427584     
   6.3333333333333330        3.6666666666666665       0.45593513865543478     
   6.3333333333333330        4.0000000000000000       0.54932474069105297     
   6.3333333333333330        4.3333333333333330       0.65172956406393823     
   6.3333333333333330        4.6666666666666661       0.71722742494566016     
   6.3333333333333330        5.0000000000000000       0.67450718184291591     
   6.3333333333333330        5.3333333333333330       0.33410340686494183     
   6.3333333333333330        5.6666666666666661       0.38982296709718117     
   6.3333333333333330        6.0000000000000000       0.30225394497641900     
   6.3333333333333330        6.3333333333333330       0.22535126167943592     
   6.3333333333333330        6.6666666666666661       0.13701932951361009     
   6.3333333333333330        7.0000000000000000        6.4945232648480636E-002
   6.3333333333333330        7.3333333333333330        3.2670474346502158E-002
   6.3333333333333330        7.6666666666666661        1.7254760161775205E-002
   6.3333333333333330        8.0000000000000000        8.9091704405365856E-003
   6.3333333333333330        8.3333333333333321        4.8607311777562950E-003
   6.3333333333333330        8.6666666666666661        2.7014322060821892E-003
   6.3333333333333330        9.0000000000000000        9.9008511601723285E-004
   6.3333333333333330        9.3333333333333321        4.2195962449468358E-004
   6.3333333333333330        9.6666666666666661        1.4534628123923950E-004
   6.3333333333333330        10.000000000000000        0.0000000000000000     
 
   6.6666666666666661        0.0000000000000000        0.0000000000000000     
   6.6666666666666661       0.33333333333333331        1.0874153751255909E-004
   6.6666666666666661       0.66666666666666663        2.2605929927382940E-004
   6.6666666666666661        1.0000000000000000        1.2702643931135568E-003
   6.6666666666666661        1.3333333333333333        2.1928550966316463E-003
   6.6666666666666661        1.6666666666666665        4.9404720162880547E-003
   6.6666666666666661        2.0000000000000000        8.7337745437624254E-003
   6.6666666666666661        2.3333333333333330        1.4578850394516974E-002
   6.6666666666666661        2.6666666666666665        2.2680420558902476E-002
   6.6666666666666661        3.0000000000000000        2.8245582070535923E-002
   6.6666666666666661        3.3333333333333330       0.20270587891488534     
   6.6666666666666661        3.6666666666666665       0.33659707277168971     
   6.6666666666666661        4.0000000000000000       0.39569940409819332     
   6.6666666666666661        4.3333333333333330       0.47720892569586854     
   6.6666666666666661        4.6666666666666661       0.55340612334983175     
   6.6666666666666661        5.0000000000000000       0.50060717598214377     
   6.6666666666666661        5.3333333333333330       0.30842487646811401     
   6.6666666666666661        5.6666666666666661       0.26509951486695532     
   6.6666666666666661        6.0000000000000000       0.22771636941273615     
   6.6666666666666661        6.3333333333333330        4.7695977577520150E-002
   6.6666666666666661        6.6666666666666661        2.7253575649052435E-002
   6.6666666666666661        7.0000000000000000        3.1707618170451458E-002
   6.6666666666666661        7.3333333333333330        2.1368077668066979E-002
   6.6666666666666661        7.6666666666666661        1.2724697046674224E-002
   6.6666666666666661        8.0000000000000000        7.2546853101533209E-003
   6.6666666666666661        8.3333333333333321        4.4963894581646971E-003
   6.6666666666666661        8.6666666666666661        8.1752659888839933E-004
   6.6666666666666661        9.0000000000000000        7.1460287279012994E-004
   6.6666666666666661        9.3333333333333321        1.5662295024320238E-004
   6.6666666666666661        9.6666666666666661        8.6781921451439220E-005
   6.6666666666666661        10.000000000000000        0.0000000000000000     
 
   7.0000000000000000        0.0000000000000000        0.0000000000000000     
   7.0000000000000000       0.33333333333333331        1.1518956357939527E-004
   7.0000000000000000       0.66666666666666663        3.2415354352519120E-004
   7.0000000000000000        1.0000000000000000        8.9262536466412450E-004
   7.0000000000000000        1.3333333333333333        1.9152233918297598E-003
   7.0000000000000000        1.6666666666666665        3.4494798299675639E-003
   7.0000000000000000        2.0000000000000000        6.4037985017374368E-003
   7.0000000000000000        2.3333333333333330        9.3750180452341521E-003
   7.0000000000000000        2.6666666666666665        3.1682306848757294E-002
   7.0000000000000000        3.0000000000000000        4.9590975243686226E-002
   7.0000000000000000        3.3333333333333330       0.10411592220190791     
   7.0000000000000000        3.6666666666666665       0.17308821999363613     
   7.0000000000000000        4.0000000000000000       0.26235242427389077     
   7.0000000000000000        4.3333333333333330       0.34757854004596950     
   7.0000000000000000        4.6666666666666661        2.6143116485414078E-002
   7.0000000000000000        5.0000000000000000       0.11095233143406089     
   7.0000000000000000        5.3333333333333330       0.16546016256895549     
   7.0000000000000000        5.6666666666666661       0.16128690897376172     
   7.0000000000000000        6.0000000000000000       0.14216201547861351     
   7.0000000000000000        6.3333333333333330        5.9183379465683070E-002
   7.0000000000000000        6.6666666666666661        3.0148871185735084E-002
   7.0000000000000000        7.0000000000000000        2.1105740010387109E-002
   7.0000000000000000        7.3333333333333330        1.4183221859993591E-002
   7.0000000000000000        7.6666666666666661        8.8813924592982645E-003
   7.0000000000000000        8.0000000000000000        5.3247422474639230E-003
   7.0000000000000000        8.3333333333333321        3.0104606684088560E-003
   7.0000000000000000        8.6666666666666661        1.2776770111713770E-003
   7.0000000000000000        9.0000000000000000        6.5068653657335035E-004
   7.0000000000000000        9.3333333333333321        3.0141106926570300E-004
   7.0000000000000000        9.6666666666666661        2.7126782642170914E-005
   7.0000000000000000        10.000000000000000        0.0000000000000000     
 
   7.3333333333333330        0.0000000000000000        0.0000000000000000     
   7.3333333333333330       0.33333333333333331        8.1777031690822804E-005
   7.3333333333333330       0.66666666666666663        2.0983829423955173E-004
   7.3333333333333330        1.0000000000000000        4.4882810210471413E-004
   7.3333333333333330        1.3333333333333333        1.1707607804779022E-003
   7.3333333333333330        1.6666666666666665        1.8808937769050050E-003
   7.3333333333333330        2.0000000000000000        6.0066369232046994E-003
   7.3333333333333330        2.3333333333333330        1.0429256609498463E-002
   7.3333333333333330        2.6666666666666665        2.3296583334365659E-002
   7.3333333333333330        3.0000000000000000        4.7565271635598080E-002
   7.3333333333333330        3.3333333333333330        8.2980457234505936E-002
   7.3333333333333330        3.6666666666666665       0.11773852398576604     
   7.3333333333333330        4.0000000000000000       0.17308821999363613     
   7.3333333333333330        4.3333333333333330        2.6143116485414078E-002
   7.3333333333333330        4.6666666666666661        3.4127941941313349E-002
   7.3333333333333330        5.0000000000000000        7.8130606692301097E-002
   7.3333333333333330        5.3333333333333330       0.10644283620407480     
   7.3333333333333330        5.6666666666666661        9.6267230454717592E-002
   7.3333333333333330        6.0000000000000000        2.2442436518564573E-002
   7.3333333333333330        6.3333333333333330        2.8794817909507414E-002
   7.3333333333333330        6.6666666666666661        2.0671752292968696E-002
   7.3333333333333330        7.0000000000000000        1.4227613957807594E-002
   7.3333333333333330        7.3333333333333330        9.6421129608084567E-003
   7.3333333333333330        7.6666666666666661        6.1953067201215555E-003
   7.3333333333333330        8.0000000000000000        4.0354693786637964E-003
   7.3333333333333330        8.3333333333333321        2.0823558763853399E-003
   7.3333333333333330        8.6666666666666661        1.1568615758019538E-003
   7.3333333333333330        9.0000000000000000        5.9387054408904566E-004
   7.3333333333333330        9.3333333333333321        2.3542219807228993E-004
   7.3333333333333330        9.6666666666666661        6.7513742204829526E-005
   7.3333333333333330        10.000000000000000        0.0000000000000000     
 
   7.6666666666666661        0.0000000000000000        0.0000000000000000     
   7.6666666666666661       0.33333333333333331        4.1287735931892357E-005
   7.6666666666666661       0.66666666666666663        8.2903033029528916E-005
   7.6666666666666661        1.0000000000000000        6.6623334848653739E-004
   7.6666666666666661        1.3333333333333333        9.8438253457907654E-004
   7.6666666666666661        1.6666666666666665        1.8139238617219655E-003
   7.6666666666666661        2.0000000000000000        3.8435019455879721E-003
   7.6666666666666661        2.3333333333333330        6.6413030085381054E-003
   7.6666666666666661        2.6666666666666665        1.0716388407081398E-002
   7.6666666666666661        3.0000000000000000        5.3024057664737036E-003
   7.6666666666666661        3.3333333333333330        3.6666518998767175E-002
   7.6666666666666661        3.6666666666666665        6.8247667786145785E-002
   7.6666666666666661        4.0000000000000000        1.5139379518988765E-003
   7.6666666666666661        4.3333333333333330        8.9166756291727770E-003
   7.6666666666666661        4.6666666666666661        1.5312730177659467E-002
   7.6666666666666661        5.0000000000000000        3.2207546673035476E-003
   7.6666666666666661        5.3333333333333330        3.0858468239286195E-002
   7.6666666666666661        5.6666666666666661        3.9264953307636283E-002
   7.6666666666666661        6.0000000000000000        2.2502749049811709E-002
   7.6666666666666661        6.3333333333333330        2.0261575687748209E-002
   7.6666666666666661        6.6666666666666661        1.5348707448697022E-002
   7.6666666666666661        7.0000000000000000        9.8422169000950497E-003
   7.6666666666666661        7.3333333333333330        7.1269255573846889E-003
   7.6666666666666661        7.6666666666666661        4.3922866505876840E-003
   7.6666666666666661        8.0000000000000000        6.7346568767817541E-004
   7.6666666666666661        8.3333333333333321        9.4666548086014257E-004
   7.6666666666666661        8.6666666666666661        1.3517242408267159E-004
   7.6666666666666661        9.0000000000000000        6.6780827415226498E-005
   7.6666666666666661        9.3333333333333321        8.7129709390197042E-005
   7.6666666666666661        9.6666666666666661        3.9543513614092152E-005
   7.6666666666666661        10.000000000000000        0.0000000000000000     
 
   8.0000000000000000        0.0000000000000000        0.0000000000000000     
   8.0000000000000000       0.33333333333333331        2.0915740401012587E-005
   8.0000000000000000       0.66666666666666663        3.8048637967216502E-005
   8.0000000000000000        1.0000000000000000        4.9243913597082521E-004
   8.0000000000000000        1.3333333333333333        7.3263061856262707E-004
   8.0000000000000000        1.6666666666666665        1.3144830385016667E-003
   8.0000000000000000        2.0000000000000000        2.4224811033693467E-003
   8.0000000000000000        2.3333333333333330        4.0206244189607372E-003
   8.0000000000000000        2.6666666666666665        5.9050992613514227E-003
   8.0000000000000000        3.0000000000000000        7.4226957842036282E-003
   8.0000000000000000        3.3333333333333330        1.5931116693247985E-002
   8.0000000000000000        3.6666666666666665        1.5139379518988765E-003
   8.0000000000000000        4.0000000000000000        2.1558713050398061E-003
   8.0000000000000000        4.3333333333333330        5.5538231686152236E-003
   8.0000000000000000        4.6666666666666661        7.5957942094229377E-003
   8.0000000000000000        5.0000000000000000        4.5416360870533887E-003
   8.0000000000000000        5.3333333333333330        9.7485966050329994E-003
   8.0000000000000000        5.6666666666666661        1.6708809111532264E-002
   8.0000000000000000        6.0000000000000000        1.4320537459981880E-002
   8.0000000000000000        6.3333333333333330        0.0000000000000000     
   8.0000000000000000        6.6666666666666661        4.2463198030933237E-003
   8.0000000000000000        7.0000000000000000        5.9431503808697736E-003
   8.0000000000000000        7.3333333333333330        7.7479965617387550E-004
   8.0000000000000000        7.6666666666666661        1.4678833321064768E-003
   8.0000000000000000        8.0000000000000000        6.9694633764569552E-004
   8.0000000000000000        8.3333333333333321        4.8381235009295037E-004
   8.0000000000000000        8.6666666666666661        2.0154209499724401E-004
   8.0000000000000000        9.0000000000000000        7.9875659120626504E-005
   8.0000000000000000        9.3333333333333321        4.8856096702422580E-005
   8.0000000000000000        9.6666666666666661        2.2940003587999771E-005
   8.0000000000000000        10.000000000000000        0.0000000000000000     
 
   8.3333333333333321        0.0000000000000000        0.0000000000000000     
   8.3333333333333321       0.33333333333333331        1.5107013068033615E-005
   8.3333333333333321       0.66666666666666663        2.9783733772240166E-005
   8.3333333333333321        1.0000000000000000        2.5229587525717174E-004
   8.3333333333333321        1.3333333333333333        4.7907699740604517E-004
   8.3333333333333321        1.6666666666666665        8.6467257539244585E-004
   8.3333333333333321        2.0000000000000000        1.5147979347750623E-003
   8.3333333333333321        2.3333333333333330        2.7005564798447458E-003
   8.3333333333333321        2.6666666666666665        3.6931919024120546E-003
   8.3333333333333321        3.0000000000000000        5.3001256993987205E-003
   8.3333333333333321        3.3333333333333330        8.9806505665460234E-003
   8.3333333333333321        3.6666666666666665        6.1852132926444559E-004
   8.3333333333333321        4.0000000000000000        8.9635161030481871E-004
   8.3333333333333321        4.3333333333333330        8.1219758806923135E-005
   8.3333333333333321        4.6666666666666661        4.3284408086809924E-005
   8.3333333333333321        5.0000000000000000        4.2646011100929198E-003
   8.3333333333333321        5.3333333333333330        5.8608864542516277E-003
   8.3333333333333321        5.6666666666666661        8.1790670675043389E-003
   8.3333333333333321        6.0000000000000000        8.0659275221188920E-003
   8.3333333333333321        6.3333333333333330        1.3091397575616859E-003
   8.3333333333333321        6.6666666666666661        0.0000000000000000     
   8.3333333333333321        7.0000000000000000        2.3945436606321791E-004
   8.3333333333333321        7.3333333333333330        4.0830695424974995E-004
   8.3333333333333321        7.6666666666666661        5.8722531412976476E-004
   8.3333333333333321        8.0000000000000000        4.6113536957921261E-004
   8.3333333333333321        8.3333333333333321        3.0393607087833720E-004
   8.3333333333333321        8.6666666666666661        3.6294379781000758E-005
   8.3333333333333321        9.0000000000000000        4.1580816560224451E-005
   8.3333333333333321        9.3333333333333321        2.9965813710845529E-005
   8.3333333333333321        9.6666666666666661        1.5014529092987159E-005
   8.3333333333333321        10.000000000000000        0.0000000000000000     
 
   8.6666666666666661        0.0000000000000000        0.0000000000000000     
   8.6666666666666661       0.33333333333333331        1.7801750476508094E-005
   8.6666666666666661       0.66666666666666663        5.1982974025981139E-005
   8.6666666666666661        1.0000000000000000        1.5103749826005932E-004
   8.6666666666666661        1.3333333333333333        2.9480975638067564E-004
   8.6666666666666661        1.6666666666666665        5.4390142269405918E-004
   8.6666666666666661        2.0000000000000000        7.3032002868083160E-004
   8.6666666666666661        2.3333333333333330        1.2435471989937063E-003
   8.6666666666666661        2.6666666666666665        2.3631519709075345E-003
   8.6666666666666661        3.0000000000000000        3.1684447787579499E-003
   8.6666666666666661        3.3333333333333330        0.0000000000000000     
   8.6666666666666661        3.6666666666666665        1.5156094879011461E-004
   8.6666666666666661        4.0000000000000000        2.9401681039233887E-004
   8.6666666666666661        4.3333333333333330        1.2183364406665457E-004
   8.6666666666666661        4.6666666666666661        6.5967442842839724E-005
   8.6666666666666661        5.0000000000000000        2.3337960382819210E-003
   8.6666666666666661        5.3333333333333330        3.2676621504476085E-003
   8.6666666666666661        5.6666666666666661        4.7115948021155575E-003
   8.6666666666666661        6.0000000000000000        4.3574420655961704E-003
   8.6666666666666661        6.3333333333333330        1.8525520654320898E-003
   8.6666666666666661        6.6666666666666661        1.8343789372438169E-004
   8.6666666666666661        7.0000000000000000        1.8268353591822286E-004
   8.6666666666666661        7.3333333333333330        2.1239822242033978E-004
   8.6666666666666661        7.6666666666666661        2.6142317647520570E-004
   8.6666666666666661        8.0000000000000000        6.5072722338155317E-005
   8.6666666666666661        8.3333333333333321        1.0596127938266629E-004
   8.6666666666666661        8.6666666666666661        5.0002578129918640E-005
   8.6666666666666661        9.0000000000000000        6.7390996487725626E-006
   8.6666666666666661        9.3333333333333321        2.7123574910101755E-006
   8.6666666666666661        9.6666666666666661        0.0000000000000000     
   8.6666666666666661        10.000000000000000        0.0000000000000000     
 
   9.0000000000000000        0.0000000000000000        0.0000000000000000     
   9.0000000000000000       0.33333333333333331        1.3664564438373966E-005
   9.0000000000000000       0.66666666666666663        3.6533414856761910E-005
   9.0000000000000000        1.0000000000000000        8.1651306137160254E-005
   9.0000000000000000        1.3333333333333333        1.4992407464114825E-004
   9.0000000000000000        1.6666666666666665        2.1968547079704971E-004
   9.0000000000000000        2.0000000000000000        4.7088666170437299E-004
   9.0000000000000000        2.3333333333333330        6.9151700218810668E-004
   9.0000000000000000        2.6666666666666665        1.6130118485235215E-006
   9.0000000000000000        3.0000000000000000        4.0819112934850441E-006
   9.0000000000000000        3.3333333333333330        3.9557631293945695E-005
   9.0000000000000000        3.6666666666666665        8.0338486263014083E-005
   9.0000000000000000        4.0000000000000000        1.3782719241035282E-004
   9.0000000000000000        4.3333333333333330        1.0432095033800755E-004
   9.0000000000000000        4.6666666666666661        7.5530093807358134E-006
   9.0000000000000000        5.0000000000000000        9.6588105531646476E-004
   9.0000000000000000        5.3333333333333330        1.3777120020147956E-003
   9.0000000000000000        5.6666666666666661        1.5719558366718154E-004
   9.0000000000000000        6.0000000000000000        3.2839127209231193E-004
   9.0000000000000000        6.3333333333333330        6.0769700305190251E-004
   9.0000000000000000        6.6666666666666661        2.7038518107827975E-004
   9.0000000000000000        7.0000000000000000        6.3776349961072403E-005
   9.0000000000000000        7.3333333333333330        9.5711278189708227E-005
   9.0000000000000000        7.6666666666666661        1.0256417767294960E-004
   9.0000000000000000        8.0000000000000000        5.6873739500171503E-005
   9.0000000000000000        8.3333333333333321        5.5929849682889456E-005
   9.0000000000000000        8.6666666666666661        3.3098734429977284E-005
   9.0000000000000000        9.0000000000000000        1.0479375410454572E-005
   9.0000000000000000        9.3333333333333321        4.2662686667476961E-006
   9.0000000000000000        9.6666666666666661        2.0862131902958174E-007
   9.0000000000000000        10.000000000000000        0.0000000000000000     
 
   9.3333333333333321        0.0000000000000000        0.0000000000000000     
   9.3333333333333321       0.33333333333333331        7.7582926253732253E-006
   9.3333333333333321       0.66666666666666663        1.8340056863038665E-005
   9.3333333333333321        1.0000000000000000        3.1678292633130988E-005
   9.3333333333333321        1.3333333333333333        3.7526341589862956E-005
   9.3333333333333321        1.6666666666666665        7.9406335057764335E-005
   9.3333333333333321        2.0000000000000000        4.0097454569203230E-006
   9.3333333333333321        2.3333333333333330        1.8331256169037869E-006
   9.3333333333333321        2.6666666666666665        2.5399368128853592E-006
   9.3333333333333321        3.0000000000000000        6.3450566770230189E-006
   9.3333333333333321        3.3333333333333330        1.8747054433139652E-005
   9.3333333333333321        3.6666666666666665        3.1426053323642526E-005
   9.3333333333333321        4.0000000000000000        0.0000000000000000     
   9.3333333333333321        4.3333333333333330        7.7351377887281232E-006
   9.3333333333333321        4.6666666666666661        1.1429723830222867E-005
   9.3333333333333321        5.0000000000000000        2.2119156312888549E-004
   9.3333333333333321        5.3333333333333330        4.4955336351737690E-004
   9.3333333333333321        5.6666666666666661        2.3168364827064791E-004
   9.3333333333333321        6.0000000000000000        1.9245274716305147E-004
   9.3333333333333321        6.3333333333333330        2.2952636226133462E-004
   9.3333333333333321        6.6666666666666661        1.3905775175969480E-004
   9.3333333333333321        7.0000000000000000        6.3525103266913086E-005
   9.3333333333333321        7.3333333333333330        5.0368275517923861E-005
   9.3333333333333321        7.6666666666666661        4.5108733217351969E-005
   9.3333333333333321        8.0000000000000000        3.2409231857525293E-005
   9.3333333333333321        8.3333333333333321        2.1874904313508922E-006
   9.3333333333333321        8.6666666666666661        1.8937091995793722E-006
   9.3333333333333321        9.0000000000000000        3.4225387473415113E-006
   9.3333333333333321        9.3333333333333321        1.9708701254673631E-006
   9.3333333333333321        9.6666666666666661        5.3893267597798698E-007
   9.3333333333333321        10.000000000000000        0.0000000000000000     
 
   9.6666666666666661        0.0000000000000000        0.0000000000000000     
   9.6666666666666661       0.33333333333333331        3.3243037221350304E-006
   9.6666666666666661       0.66666666666666663        7.4054613004366272E-006
   9.6666666666666661        1.0000000000000000        1.2072389172059451E-005
   9.6666666666666661        1.3333333333333333        1.5837423367090430E-005
   9.6666666666666661        1.6666666666666665        2.2393127920859754E-005
   9.6666666666666661        2.0000000000000000        6.2833140396326653E-006
   9.6666666666666661        2.3333333333333330        2.1703617988988152E-006
   9.6666666666666661        2.6666666666666665        1.7805660535808178E-006
   9.6666666666666661        3.0000000000000000        3.4039737914837929E-006
   9.6666666666666661        3.3333333333333330        7.3287613040716194E-006
   9.6666666666666661        3.6666666666666665        1.1018587335837653E-005
   9.6666666666666661        4.0000000000000000        3.1719377937111136E-006
   9.6666666666666661        4.3333333333333330        7.9223609929580414E-006
   9.6666666666666661        4.6666666666666661        2.4614664280156305E-005
   9.6666666666666661        5.0000000000000000        9.0548651701875517E-005
   9.6666666666666661        5.3333333333333330        1.5712720503872649E-004
   9.6666666666666661        5.6666666666666661        2.7013417790941478E-005
   9.6666666666666661        6.0000000000000000        6.6909140766414048E-005
   9.6666666666666661        6.3333333333333330        7.9097669341878491E-005
   9.6666666666666661        6.6666666666666661        5.5904863108016453E-005
   9.6666666666666661        7.0000000000000000        3.1537519600297081E-005
   9.6666666666666661        7.3333333333333330        2.2079934344922480E-005
   9.6666666666666661        7.6666666666666661        1.7516112991044448E-005
   9.6666666666666661        8.0000000000000000        1.1799779636690539E-005
   9.6666666666666661        8.3333333333333321        3.4005098426521614E-006
   9.6666666666666661        8.6666666666666661        1.4327585699429961E-006
   9.6666666666666661        9.0000000000000000        1.2318152148651272E-006
   9.6666666666666661        9.3333333333333321        7.6315665057823301E-007
   9.6666666666666661        9.6666666666666661        2.8448890858122764E-007
   9.6666666666666661        10.000000000000000        0.0000000000000000     
 
   10.000000000000000        0.0000000000000000        0.0000000000000000     
   10.000000000000000       0.33333333333333331        0.0000000000000000     
   10.000000000000000       0.66666666666666663        0.0000000000000000     
   10.000000000000000        1.0000000000000000        0.0000000000000000     
   10.000000000000000        1.3333333333333333        0.0000000000000000     
   10.000000000000000        1.6666666666666665        0.0000000000000000     
   10.000000000000000        2.0000000000000000        0.0000000000000000     
   10.000000000000000        2.3333333333333330        0.0000000000000000     
   10.000000000000000        2.6666666666666665        0.0000000000000000     
   10.000000000000000        3.0000000000000000        0.0000000000000000     
   10.000000000000000        3.3333333333333330        0.0000000000000000     
   10.000000000000000        3.6666666666666665        0.0000000000000000     
   10.000000000000000        4.0000000000000000        0.0000000000000000     
   10.000000000000000        4.3333333333333330        0.0000000000000000     
   10.000000000000000        4.6666666666666661        0.0000000000000000     
   10.000000000000000        5.0000000000000000        0.0000000000000000     
   10.000000000000000        5.3333333333333330        0.0000000000000000     
   10.000000000000000        5.6666666666666661        0.0000000000000000     
   10.000000000000000        6.0000000000000000        0.0000000000000000     
   10.000000000000000        6.3333333333333330        0.0000000000000000     
   10.000000000000000        6.6666666666666661        0.0000000000000000     
   10.000000000000000        7.0000000000000000        0.0000000000000000     
   10.000000000000000        7.3333333333333330        0.0000000000000000     
   10.000000000000000        7.6666666666666661        0.0000000000000000     
   10.000000000000000        8.0000000000000000        0.0000000000000000     
   10.000000000000000        8.3333333333333321        0.0000000000000000     
   10.000000000000000        8.6666666666666661        0.0000000000000000     
   10.000000000000000        9.0000000000000000        0.0000000000000000     
   10.000000000000000        9.3333333333333321        0.0000000000000000     
   10.000000000000000        9.6666666666666661        0.0000000000000000     
   10.000000000000000        10.000000000000000        0.0000000000000000     
 
