   0.0000000000000000        0.0000000000000000        0.0000000000000000     
   0.0000000000000000       0.33333333333333331        0.0000000000000000     
   0.0000000000000000       0.66666666666666663        0.0000000000000000     
   0.0000000000000000        1.0000000000000000        0.0000000000000000     
   0.0000000000000000        1.3333333333333333        0.0000000000000000     
   0.0000000000000000        1.6666666666666665        0.0000000000000000     
   0.0000000000000000        2.0000000000000000        0.0000000000000000     
   0.0000000000000000        2.3333333333333330        0.0000000000000000     
   0.0000000000000000        2.6666666666666665        0.0000000000000000     
   0.0000000000000000        3.0000000000000000        0.0000000000000000     
   0.0000000000000000        3.3333333333333330        0.0000000000000000     
   0.0000000000000000        3.6666666666666665        0.0000000000000000     
   0.0000000000000000        4.0000000000000000        0.0000000000000000     
   0.0000000000000000        4.3333333333333330        0.0000000000000000     
   0.0000000000000000        4.6666666666666661        0.0000000000000000     
   0.0000000000000000        5.0000000000000000        0.0000000000000000     
   0.0000000000000000        5.3333333333333330        0.0000000000000000     
   0.0000000000000000        5.6666666666666661        0.0000000000000000     
   0.0000000000000000        6.0000000000000000        0.0000000000000000     
   0.0000000000000000        6.3333333333333330        0.0000000000000000     
   0.0000000000000000        6.6666666666666661        0.0000000000000000     
   0.0000000000000000        7.0000000000000000        0.0000000000000000     
   0.0000000000000000        7.3333333333333330        0.0000000000000000     
   0.0000000000000000        7.6666666666666661        0.0000000000000000     
   0.0000000000000000        8.0000000000000000        0.0000000000000000     
   0.0000000000000000        8.3333333333333321        0.0000000000000000     
   0.0000000000000000        8.6666666666666661        0.0000000000000000     
   0.0000000000000000        9.0000000000000000        0.0000000000000000     
   0.0000000000000000        9.3333333333333321        0.0000000000000000     
   0.0000000000000000        9.6666666666666661        0.0000000000000000     
   0.0000000000000000        10.000000000000000        0.0000000000000000     
 
  0.33333333333333331        0.0000000000000000        0.0000000000000000     
  0.33333333333333331       0.33333333333333331        4.8143047348618214E-005
  0.33333333333333331       0.66666666666666663        8.0298218393620811E-005
  0.33333333333333331        1.0000000000000000        7.9067219300824293E-005
  0.33333333333333331        1.3333333333333333        1.7198088524110445E-004
  0.33333333333333331        1.6666666666666665        2.6491513584513761E-004
  0.33333333333333331        2.0000000000000000        4.3052876753654925E-004
  0.33333333333333331        2.3333333333333330        5.6490028012475273E-004
  0.33333333333333331        2.6666666666666665        5.2814065349896953E-004
  0.33333333333333331        3.0000000000000000        1.1060043502487894E-003
  0.33333333333333331        3.3333333333333330        1.2404546471819872E-003
  0.33333333333333331        3.6666666666666665        1.1831722741233708E-003
  0.33333333333333331        4.0000000000000000        1.1951405873198559E-003
  0.33333333333333331        4.3333333333333330        1.2304122812399586E-003
  0.33333333333333331        4.6666666666666661        8.3923462704375785E-004
  0.33333333333333331        5.0000000000000000        1.4138137918512253E-003
  0.33333333333333331        5.3333333333333330        3.5977670334708268E-003
  0.33333333333333331        5.6666666666666661        4.6656484090488630E-003
  0.33333333333333331        6.0000000000000000        5.4950013612731158E-003
  0.33333333333333331        6.3333333333333330        6.0031959912914788E-003
  0.33333333333333331        6.6666666666666661        4.1010136606647500E-003
  0.33333333333333331        7.0000000000000000        6.7675435589564558E-003
  0.33333333333333331        7.3333333333333330        2.9628327279176397E-003
  0.33333333333333331        7.6666666666666661        2.4752979633069971E-003
  0.33333333333333331        8.0000000000000000        1.8073550903576160E-003
  0.33333333333333331        8.3333333333333321        1.1538546586807737E-003
  0.33333333333333331        8.6666666666666661        8.3818143552584837E-004
  0.33333333333333331        9.0000000000000000        5.8829380337305410E-004
  0.33333333333333331        9.3333333333333321        3.1270594580913775E-004
  0.33333333333333331        9.6666666666666661        1.3236975622183780E-004
  0.33333333333333331        10.000000000000000        0.0000000000000000     
 
  0.66666666666666663        0.0000000000000000        0.0000000000000000     
  0.66666666666666663       0.33333333333333331        1.2089398631852072E-004
  0.66666666666666663       0.66666666666666663        2.0851718059491163E-004
  0.66666666666666663        1.0000000000000000        4.4881694602257700E-004
  0.66666666666666663        1.3333333333333333        3.7641546016044469E-004
  0.66666666666666663        1.6666666666666665        5.0589449570522438E-004
  0.66666666666666663        2.0000000000000000        9.6828352314601892E-004
  0.66666666666666663        2.3333333333333330        1.3967377199202065E-003
  0.66666666666666663        2.6666666666666665        3.1746004902480562E-003
  0.66666666666666663        3.0000000000000000        2.8266637721361862E-003
  0.66666666666666663        3.3333333333333330        2.8625207324809933E-003
  0.66666666666666663        3.6666666666666665        2.4830704435574902E-003
  0.66666666666666663        4.0000000000000000        2.5570941597166858E-003
  0.66666666666666663        4.3333333333333330        3.0797768957217210E-003
  0.66666666666666663        4.6666666666666661        0.0000000000000000     
  0.66666666666666663        5.0000000000000000        8.7505962013218648E-003
  0.66666666666666663        5.3333333333333330        8.7814452403039978E-003
  0.66666666666666663        5.6666666666666661        1.0144948437710813E-002
  0.66666666666666663        6.0000000000000000        1.1951303621398512E-002
  0.66666666666666663        6.3333333333333330        1.5081397363986169E-002
  0.66666666666666663        6.6666666666666661        2.5636741478740368E-002
  0.66666666666666663        7.0000000000000000        2.0748978679695908E-002
  0.66666666666666663        7.3333333333333330        4.7816908460327073E-003
  0.66666666666666663        7.6666666666666661        5.4573037772563098E-003
  0.66666666666666663        8.0000000000000000        3.8546910879586949E-003
  0.66666666666666663        8.3333333333333321        2.1445799817014217E-003
  0.66666666666666663        8.6666666666666661        1.7455534485359601E-003
  0.66666666666666663        9.0000000000000000        1.3008754145228023E-003
  0.66666666666666663        9.3333333333333321        5.8453959935774293E-004
  0.66666666666666663        9.6666666666666661        2.4036758580758949E-004
  0.66666666666666663        10.000000000000000        0.0000000000000000     
 
   1.0000000000000000        0.0000000000000000        0.0000000000000000     
   1.0000000000000000       0.33333333333333331        2.4774894339288952E-004
   1.0000000000000000       0.66666666666666663        4.6033413876079253E-004
   1.0000000000000000        1.0000000000000000        6.0263660820918791E-004
   1.0000000000000000        1.3333333333333333        4.4881694602257700E-004
   1.0000000000000000        1.6666666666666665        1.5538100913367200E-003
   1.0000000000000000        2.0000000000000000        1.7071605697834861E-003
   1.0000000000000000        2.3333333333333330        2.8868594717758804E-003
   1.0000000000000000        2.6666666666666665        4.0100565045471919E-003
   1.0000000000000000        3.0000000000000000        4.5854047150343863E-003
   1.0000000000000000        3.3333333333333330        5.3165262918066251E-003
   1.0000000000000000        3.6666666666666665        3.7081307042701535E-003
   1.0000000000000000        4.0000000000000000        3.8676059947885476E-003
   1.0000000000000000        4.3333333333333330        5.9198696658396719E-003
   1.0000000000000000        4.6666666666666661        8.6523339142426485E-003
   1.0000000000000000        5.0000000000000000        9.9334073946137202E-003
   1.0000000000000000        5.3333333333333330        1.3759565924752410E-002
   1.0000000000000000        5.6666666666666661        1.6388044677006407E-002
   1.0000000000000000        6.0000000000000000        1.8415469081250701E-002
   1.0000000000000000        6.3333333333333330        2.8845277738084096E-002
   1.0000000000000000        6.6666666666666661        3.3162205552489797E-002
   1.0000000000000000        7.0000000000000000        3.1992573524777371E-002
   1.0000000000000000        7.3333333333333330        2.3605827098263778E-002
   1.0000000000000000        7.6666666666666661        1.1425539266291881E-002
   1.0000000000000000        8.0000000000000000        6.5384944538858470E-003
   1.0000000000000000        8.3333333333333321        3.7597967223767467E-003
   1.0000000000000000        8.6666666666666661        2.9754279838391491E-003
   1.0000000000000000        9.0000000000000000        2.4984132776557466E-003
   1.0000000000000000        9.3333333333333321        2.4229445922373970E-004
   1.0000000000000000        9.6666666666666661        2.8684878166579565E-004
   1.0000000000000000        10.000000000000000        0.0000000000000000     
 
   1.3333333333333333        0.0000000000000000        0.0000000000000000     
   1.3333333333333333       0.33333333333333331        4.5048141512091738E-004
   1.3333333333333333       0.66666666666666663        8.5842347576036489E-004
   1.3333333333333333        1.0000000000000000        1.1543217147625205E-003
   1.3333333333333333        1.3333333333333333        2.0891346091814352E-003
   1.3333333333333333        1.6666666666666665        1.6757047547862817E-003
   1.3333333333333333        2.0000000000000000        5.0389039956718722E-003
   1.3333333333333333        2.3333333333333330        4.8804392593456928E-003
   1.3333333333333333        2.6666666666666665        5.9834134694314563E-003
   1.3333333333333333        3.0000000000000000        6.8305271728702315E-003
   1.3333333333333333        3.3333333333333330        1.0814275162849298E-002
   1.3333333333333333        3.6666666666666665        2.0811457505377193E-002
   1.3333333333333333        4.0000000000000000        1.3564121286050067E-002
   1.3333333333333333        4.3333333333333330        1.1660140390594514E-002
   1.3333333333333333        4.6666666666666661        2.1665552480379161E-002
   1.3333333333333333        5.0000000000000000        2.2088695191640407E-002
   1.3333333333333333        5.3333333333333330        2.1596162739475094E-002
   1.3333333333333333        5.6666666666666661        2.5053480131510347E-002
   1.3333333333333333        6.0000000000000000        5.8227312994039521E-002
   1.3333333333333333        6.3333333333333330        5.1388934560748042E-002
   1.3333333333333333        6.6666666666666661        4.9279861570280567E-002
   1.3333333333333333        7.0000000000000000        4.5121301460765609E-002
   1.3333333333333333        7.3333333333333330        3.8215657089121689E-002
   1.3333333333333333        7.6666666666666661        4.4935632410044914E-003
   1.3333333333333333        8.0000000000000000        5.1917972166360621E-003
   1.3333333333333333        8.3333333333333321        5.1138791623816550E-003
   1.3333333333333333        8.6666666666666661        4.3570872462314362E-003
   1.3333333333333333        9.0000000000000000        3.6135142156343363E-003
   1.3333333333333333        9.3333333333333321        1.5938792903422364E-003
   1.3333333333333333        9.6666666666666661        7.1395819618812987E-004
   1.3333333333333333        10.000000000000000        0.0000000000000000     
 
   1.6666666666666665        0.0000000000000000        0.0000000000000000     
   1.6666666666666665       0.33333333333333331        7.6525493130120568E-004
   1.6666666666666665       0.66666666666666663        1.5006885871666658E-003
   1.6666666666666665        1.0000000000000000        2.1794804681152290E-003
   1.6666666666666665        1.3333333333333333        2.8395856265124322E-003
   1.6666666666666665        1.6666666666666665        6.6391565311264269E-003
   1.6666666666666665        2.0000000000000000        5.9504170997032521E-003
   1.6666666666666665        2.3333333333333330        6.3277237265726219E-003
   1.6666666666666665        2.6666666666666665        9.0367201614057306E-003
   1.6666666666666665        3.0000000000000000        2.2781653946745417E-002
   1.6666666666666665        3.3333333333333330        2.1547997100809468E-002
   1.6666666666666665        3.6666666666666665        2.3163945829426765E-002
   1.6666666666666665        4.0000000000000000        1.7234261721469558E-002
   1.6666666666666665        4.3333333333333330        1.7041796547231650E-002
   1.6666666666666665        4.6666666666666661        2.4326966749683519E-002
   1.6666666666666665        5.0000000000000000        2.5145670559529102E-002
   1.6666666666666665        5.3333333333333330        2.7864227104995098E-002
   1.6666666666666665        5.6666666666666661        3.9682929968511686E-002
   1.6666666666666665        6.0000000000000000        6.9454975807220612E-002
   1.6666666666666665        6.3333333333333330        7.3223043480609970E-002
   1.6666666666666665        6.6666666666666661        7.1451241833134671E-002
   1.6666666666666665        7.0000000000000000        6.4852525295201080E-002
   1.6666666666666665        7.3333333333333330        4.9438551269979328E-002
   1.6666666666666665        7.6666666666666661        3.8085954153217628E-003
   1.6666666666666665        8.0000000000000000        5.3687235892357649E-003
   1.6666666666666665        8.3333333333333321        7.8651878084464982E-003
   1.6666666666666665        8.6666666666666661        6.3529608041937536E-003
   1.6666666666666665        9.0000000000000000        4.5254430848773635E-003
   1.6666666666666665        9.3333333333333321        2.7230191294541667E-003
   1.6666666666666665        9.6666666666666661        1.0895937516996667E-003
   1.6666666666666665        10.000000000000000        0.0000000000000000     
 
   2.0000000000000000        0.0000000000000000        0.0000000000000000     
   2.0000000000000000       0.33333333333333331        1.2200525613163776E-003
   2.0000000000000000       0.66666666666666663        2.4146826508250887E-003
   2.0000000000000000        1.0000000000000000        3.5352675782859386E-003
   2.0000000000000000        1.3333333333333333        4.6614783752633509E-003
   2.0000000000000000        1.6666666666666665        8.2212743398242649E-003
   2.0000000000000000        2.0000000000000000        6.6391565311264269E-003
   2.0000000000000000        2.3333333333333330        1.4221286280715664E-002
   2.0000000000000000        2.6666666666666665        1.5945964449651864E-002
   2.0000000000000000        3.0000000000000000        2.6362634681032102E-002
   2.0000000000000000        3.3333333333333330        3.1631442204558657E-002
   2.0000000000000000        3.6666666666666665        3.5470986876973983E-002
   2.0000000000000000        4.0000000000000000        6.0205315755208391E-002
   2.0000000000000000        4.3333333333333330        5.8681539831785590E-002
   2.0000000000000000        4.6666666666666661        3.6205677838279687E-002
   2.0000000000000000        5.0000000000000000        2.9109590129675653E-002
   2.0000000000000000        5.3333333333333330        0.0000000000000000     
   2.0000000000000000        5.6666666666666661       0.16425303640864553     
   2.0000000000000000        6.0000000000000000       0.11124798588085115     
   2.0000000000000000        6.3333333333333330       0.10545079837473144     
   2.0000000000000000        6.6666666666666661       0.10333611561449735     
   2.0000000000000000        7.0000000000000000        9.8120404615311019E-002
   2.0000000000000000        7.3333333333333330        2.4041589683598849E-003
   2.0000000000000000        7.6666666666666661        2.8549447810991288E-003
   2.0000000000000000        8.0000000000000000        2.6946096295753300E-002
   2.0000000000000000        8.3333333333333321        1.5592707688479580E-002
   2.0000000000000000        8.6666666666666661        9.4922108957351380E-003
   2.0000000000000000        9.0000000000000000        6.0460096803572252E-003
   2.0000000000000000        9.3333333333333321        4.0848089408139663E-003
   2.0000000000000000        9.6666666666666661        7.6453569558029952E-004
   2.0000000000000000        10.000000000000000        0.0000000000000000     
 
   2.3333333333333330        0.0000000000000000        0.0000000000000000     
   2.3333333333333330       0.33333333333333331        1.8630213071711530E-003
   2.3333333333333330       0.66666666666666663        3.7215524212430738E-003
   2.3333333333333330        1.0000000000000000        5.3481078322307595E-003
   2.3333333333333330        1.3333333333333333        1.5337706468779999E-002
   2.3333333333333330        1.6666666666666665        1.5935451077566224E-002
   2.3333333333333330        2.0000000000000000        3.4823773087067071E-002
   2.3333333333333330        2.3333333333333330        4.4063001094985295E-002
   2.3333333333333330        2.6666666666666665        4.3647754609779606E-002
   2.3333333333333330        3.0000000000000000        3.7610422968656347E-002
   2.3333333333333330        3.3333333333333330        4.5956942805531246E-002
   2.3333333333333330        3.6666666666666665        5.4669240948560884E-002
   2.3333333333333330        4.0000000000000000        6.5247795301312472E-002
   2.3333333333333330        4.3333333333333330        8.5780804159900484E-002
   2.3333333333333330        4.6666666666666661       0.17514577813802670     
   2.3333333333333330        5.0000000000000000       0.22480057749788512     
   2.3333333333333330        5.3333333333333330       0.24382737073129279     
   2.3333333333333330        5.6666666666666661       0.22278047954116009     
   2.3333333333333330        6.0000000000000000       0.17563959438448951     
   2.3333333333333330        6.3333333333333330       0.13964581205567989     
   2.3333333333333330        6.6666666666666661       0.14400013103141898     
   2.3333333333333330        7.0000000000000000       0.13187890124012636     
   2.3333333333333330        7.3333333333333330       0.13893166582954816     
   2.3333333333333330        7.6666666666666661        7.8655496724518117E-002
   2.3333333333333330        8.0000000000000000        4.0704090285910370E-002
   2.3333333333333330        8.3333333333333321        1.9662342601896362E-002
   2.3333333333333330        8.6666666666666661        1.1094277531343138E-002
   2.3333333333333330        9.0000000000000000        6.8793591827704444E-003
   2.3333333333333330        9.3333333333333321        4.0651675288763539E-003
   2.3333333333333330        9.6666666666666661        1.6455641007146003E-003
   2.3333333333333330        10.000000000000000        0.0000000000000000     
 
   2.6666666666666665        0.0000000000000000        0.0000000000000000     
   2.6666666666666665       0.33333333333333331        2.7397333713697980E-003
   2.6666666666666665       0.66666666666666663        5.7092844680394971E-003
   2.6666666666666665        1.0000000000000000        9.4163114792912023E-003
   2.6666666666666665        1.3333333333333333        1.6332763193839278E-002
   2.6666666666666665        1.6666666666666665        2.5844278819275587E-002
   2.6666666666666665        2.0000000000000000        3.7827786123962655E-002
   2.6666666666666665        2.3333333333333330        4.7545104512648373E-002
   2.6666666666666665        2.6666666666666665        5.3058731701905858E-002
   2.6666666666666665        3.0000000000000000        7.2177316875211700E-002
   2.6666666666666665        3.3333333333333330        6.3378469475616234E-002
   2.6666666666666665        3.6666666666666665        7.5903364665498518E-002
   2.6666666666666665        4.0000000000000000       0.13142516400612345     
   2.6666666666666665        4.3333333333333330       0.13903102064802744     
   2.6666666666666665        4.6666666666666661       0.18293777858875532     
   2.6666666666666665        5.0000000000000000       0.23143137430381783     
   2.6666666666666665        5.3333333333333330       0.26960034843397002     
   2.6666666666666665        5.6666666666666661       0.26512585507640718     
   2.6666666666666665        6.0000000000000000       0.21776240810317188     
   2.6666666666666665        6.3333333333333330       0.25162417719337082     
   2.6666666666666665        6.6666666666666661       0.20711811293580354     
   2.6666666666666665        7.0000000000000000       0.15976968724288818     
   2.6666666666666665        7.3333333333333330       0.14671246204412858     
   2.6666666666666665        7.6666666666666661       0.12162225508511616     
   2.6666666666666665        8.0000000000000000        1.1677153261670771E-002
   2.6666666666666665        8.3333333333333321        1.3146755629122729E-002
   2.6666666666666665        8.6666666666666661        9.6158247337857009E-003
   2.6666666666666665        9.0000000000000000        7.2055456645025787E-003
   2.6666666666666665        9.3333333333333321        4.2217420825178186E-003
   2.6666666666666665        9.6666666666666661        1.9930700461131359E-003
   2.6666666666666665        10.000000000000000        0.0000000000000000     
 
   3.0000000000000000        0.0000000000000000        0.0000000000000000     
   3.0000000000000000       0.33333333333333331        3.6989524336215255E-003
   3.0000000000000000       0.66666666666666663        7.5907767341230120E-003
   3.0000000000000000        1.0000000000000000        1.1265793312989684E-002
   3.0000000000000000        1.3333333333333333        3.1599902304778084E-002
   3.0000000000000000        1.6666666666666665        3.5497067977738272E-002
   3.0000000000000000        2.0000000000000000        4.6042967968558481E-002
   3.0000000000000000        2.3333333333333330        5.8610079901630995E-002
   3.0000000000000000        2.6666666666666665        7.1503228923960938E-002
   3.0000000000000000        3.0000000000000000        8.4977322444075090E-002
   3.0000000000000000        3.3333333333333330       0.12413718521473402     
   3.0000000000000000        3.6666666666666665       0.11371498695533826     
   3.0000000000000000        4.0000000000000000       0.15496386553730535     
   3.0000000000000000        4.3333333333333330       0.16300645715999962     
   3.0000000000000000        4.6666666666666661       0.19309908281547147     
   3.0000000000000000        5.0000000000000000       0.25396299205439826     
   3.0000000000000000        5.3333333333333330       0.34156427543732598     
   3.0000000000000000        5.6666666666666661       0.35374196530578506     
   3.0000000000000000        6.0000000000000000       0.37355908717762232     
   3.0000000000000000        6.3333333333333330       0.30038033260289015     
   3.0000000000000000        6.6666666666666661       0.27818749874427307     
   3.0000000000000000        7.0000000000000000       0.20609791262942972     
   3.0000000000000000        7.3333333333333330       0.17353804181709018     
   3.0000000000000000        7.6666666666666661       0.14599511848245370     
   3.0000000000000000        8.0000000000000000       0.10061972478100359     
   3.0000000000000000        8.3333333333333321        7.1539102744260404E-003
   3.0000000000000000        8.6666666666666661        8.2319060725885886E-003
   3.0000000000000000        9.0000000000000000        9.0727792555038052E-003
   3.0000000000000000        9.3333333333333321        4.5576663030726773E-003
   3.0000000000000000        9.6666666666666661        2.3935656237868900E-003
   3.0000000000000000        10.000000000000000        0.0000000000000000     
 
   3.3333333333333330        0.0000000000000000        0.0000000000000000     
   3.3333333333333330       0.33333333333333331        4.8595871890620848E-003
   3.3333333333333330       0.66666666666666663        1.0470920946674350E-002
   3.3333333333333330        1.0000000000000000        1.7901088134662124E-002
   3.3333333333333330        1.3333333333333333        3.0250412624698055E-002
   3.3333333333333330        1.6666666666666665        4.1187625929365916E-002
   3.3333333333333330        2.0000000000000000        5.5334951407515279E-002
   3.3333333333333330        2.3333333333333330        7.2792998783251350E-002
   3.3333333333333330        2.6666666666666665        9.3025290012779219E-002
   3.3333333333333330        3.0000000000000000       0.11510690504496503     
   3.3333333333333330        3.3333333333333330       0.13867631826295290     
   3.3333333333333330        3.6666666666666665       0.14521466909994754     
   3.3333333333333330        4.0000000000000000       0.17688892589848779     
   3.3333333333333330        4.3333333333333330       0.17225322612174276     
   3.3333333333333330        4.6666666666666661       0.17910293586446879     
   3.3333333333333330        5.0000000000000000       0.55913035172282533     
   3.3333333333333330        5.3333333333333330       0.48847191216397223     
   3.3333333333333330        5.6666666666666661       0.45343289358247529     
   3.3333333333333330        6.0000000000000000       0.44517783150672907     
   3.3333333333333330        6.3333333333333330       0.39375125026268576     
   3.3333333333333330        6.6666666666666661       0.32989156719858226     
   3.3333333333333330        7.0000000000000000       0.24456470181364612     
   3.3333333333333330        7.3333333333333330       0.20193099585485855     
   3.3333333333333330        7.6666666666666661       0.14964458868620309     
   3.3333333333333330        8.0000000000000000       0.10762168616631522     
   3.3333333333333330        8.3333333333333321        4.4844830739762614E-002
   3.3333333333333330        8.6666666666666661        1.9323019971385424E-002
   3.3333333333333330        9.0000000000000000        1.2985596374366819E-002
   3.3333333333333330        9.3333333333333321        7.3359036224147703E-003
   3.3333333333333330        9.6666666666666661        3.3547446186478519E-003
   3.3333333333333330        10.000000000000000        0.0000000000000000     
 
   3.6666666666666665        0.0000000000000000        0.0000000000000000     
   3.6666666666666665       0.33333333333333331        5.7542761003125838E-003
   3.6666666666666665       0.66666666666666663        1.2525875713556109E-002
   3.6666666666666665        1.0000000000000000        2.1175431152102533E-002
   3.6666666666666665        1.3333333333333333        3.2654588958162159E-002
   3.6666666666666665        1.6666666666666665        4.6469550999533253E-002
   3.6666666666666665        2.0000000000000000        6.4503584506230144E-002
   3.6666666666666665        2.3333333333333330        8.7656498121349499E-002
   3.6666666666666665        2.6666666666666665       0.11627194711536974     
   3.6666666666666665        3.0000000000000000       0.14735629576469930     
   3.6666666666666665        3.3333333333333330       0.17390702113901349     
   3.6666666666666665        3.6666666666666665       0.18700494877939397     
   3.6666666666666665        4.0000000000000000       0.18766337760036031     
   3.6666666666666665        4.3333333333333330       0.17688892589848779     
   3.6666666666666665        4.6666666666666661       0.68450330918908908     
   3.6666666666666665        5.0000000000000000       0.61692486173896333     
   3.6666666666666665        5.3333333333333330       0.59036945355324222     
   3.6666666666666665        5.6666666666666661       0.51928339175585458     
   3.6666666666666665        6.0000000000000000       0.50215897939011911     
   3.6666666666666665        6.3333333333333330       0.45411678651846055     
   3.6666666666666665        6.6666666666666661       0.40310471223955602     
   3.6666666666666665        7.0000000000000000       0.29387990036845130     
   3.6666666666666665        7.3333333333333330       0.24568427808122484     
   3.6666666666666665        7.6666666666666661        7.3314750274905388E-002
   3.6666666666666665        8.0000000000000000        7.9173731526407221E-002
   3.6666666666666665        8.3333333333333321        4.9183919960804415E-002
   3.6666666666666665        8.6666666666666661        2.7822079873514063E-002
   3.6666666666666665        9.0000000000000000        1.7760215015392412E-002
   3.6666666666666665        9.3333333333333321        9.3683341548054504E-003
   3.6666666666666665        9.6666666666666661        4.1270222683265087E-003
   3.6666666666666665        10.000000000000000        0.0000000000000000     
 
   4.0000000000000000        0.0000000000000000        0.0000000000000000     
   4.0000000000000000       0.33333333333333331        6.1859721604793881E-003
   4.0000000000000000       0.66666666666666663        1.3844133579441609E-002
   4.0000000000000000        1.0000000000000000        2.3380886671160818E-002
   4.0000000000000000        1.3333333333333333        3.5112798532275620E-002
   4.0000000000000000        1.6666666666666665        5.0407725379567177E-002
   4.0000000000000000        2.0000000000000000        7.1770468105859284E-002
   4.0000000000000000        2.3333333333333330       0.10041977183672189     
   4.0000000000000000        2.6666666666666665       0.14029698340540175     
   4.0000000000000000        3.0000000000000000       0.18707923067396379     
   4.0000000000000000        3.3333333333333330       0.22527923520671445     
   4.0000000000000000        3.6666666666666665       0.24423007848242437     
   4.0000000000000000        4.0000000000000000       0.21455062785393841     
   4.0000000000000000        4.3333333333333330       0.75579364010202543     
   4.0000000000000000        4.6666666666666661       0.73199394389307826     
   4.0000000000000000        5.0000000000000000       0.77749311202701410     
   4.0000000000000000        5.3333333333333330       0.71927090744431421     
   4.0000000000000000        5.6666666666666661       0.65355013847067578     
   4.0000000000000000        6.0000000000000000       0.57889633980154009     
   4.0000000000000000        6.3333333333333330       0.50961735673093644     
   4.0000000000000000        6.6666666666666661       0.42095009851573517     
   4.0000000000000000        7.0000000000000000       0.34414647209430743     
   4.0000000000000000        7.3333333333333330       0.19483585880773630     
   4.0000000000000000        7.6666666666666661       0.10883250077539161     
   4.0000000000000000        8.0000000000000000        9.2201069390396559E-002
   4.0000000000000000        8.3333333333333321        5.8185400143222092E-002
   4.0000000000000000        8.6666666666666661        2.9050787755710062E-002
   4.0000000000000000        9.0000000000000000        2.2809602305501598E-002
   4.0000000000000000        9.3333333333333321        7.9595481014045222E-003
   4.0000000000000000        9.6666666666666661        4.2969729546455384E-003
   4.0000000000000000        10.000000000000000        0.0000000000000000     
 
   4.3333333333333330        0.0000000000000000        0.0000000000000000     
   4.3333333333333330       0.33333333333333331        5.7317919022170840E-003
   4.3333333333333330       0.66666666666666663        1.4525430964754676E-002
   4.3333333333333330        1.0000000000000000        2.5305879777662594E-002
   4.3333333333333330        1.3333333333333333        3.6507460509765693E-002
   4.3333333333333330        1.6666666666666665        5.1228505416836490E-002
   4.3333333333333330        2.0000000000000000        7.4973781174380402E-002
   4.3333333333333330        2.3333333333333330       0.10517621473612185     
   4.3333333333333330        2.6666666666666665       0.16013448329871571     
   4.3333333333333330        3.0000000000000000       0.23713717633534553     
   4.3333333333333330        3.3333333333333330       0.29655779582913150     
   4.3333333333333330        3.6666666666666665       0.35040987560998449     
   4.3333333333333330        4.0000000000000000       0.72553434295674701     
   4.3333333333333330        4.3333333333333330       0.75235351320017219     
   4.3333333333333330        4.6666666666666661       0.81651000147108366     
   4.3333333333333330        5.0000000000000000       0.79790024509227242     
   4.3333333333333330        5.3333333333333330       0.75846247471110073     
   4.3333333333333330        5.6666666666666661       0.70248252320989790     
   4.3333333333333330        6.0000000000000000       0.63165090772668342     
   4.3333333333333330        6.3333333333333330       0.57178475872491696     
   4.3333333333333330        6.6666666666666661       0.40418471151411728     
   4.3333333333333330        7.0000000000000000       0.31621846171451773     
   4.3333333333333330        7.3333333333333330       0.19919833901199172     
   4.3333333333333330        7.6666666666666661       0.13091940414129805     
   4.3333333333333330        8.0000000000000000        9.4096481132725188E-002
   4.3333333333333330        8.3333333333333321        6.2656597330824793E-002
   4.3333333333333330        8.6666666666666661        3.8050783622116793E-002
   4.3333333333333330        9.0000000000000000        2.3946893728637508E-002
   4.3333333333333330        9.3333333333333321        1.2523388343267369E-002
   4.3333333333333330        9.6666666666666661        5.6077330811263697E-003
   4.3333333333333330        10.000000000000000        0.0000000000000000     
 
   4.6666666666666661        0.0000000000000000        0.0000000000000000     
   4.6666666666666661       0.33333333333333331        2.7594650555293901E-003
   4.6666666666666661       0.66666666666666663        2.6373185793598531E-002
   4.6666666666666661        1.0000000000000000        2.8920935167180837E-002
   4.6666666666666661        1.3333333333333333        3.7033433124079453E-002
   4.6666666666666661        1.6666666666666665        4.6069194864280835E-002
   4.6666666666666661        2.0000000000000000        7.8572631515332780E-002
   4.6666666666666661        2.3333333333333330        8.8410147966703809E-002
   4.6666666666666661        2.6666666666666665       0.30514119102317411     
   4.6666666666666661        3.0000000000000000       0.30497697448071270     
   4.6666666666666661        3.3333333333333330       0.37080446170798304     
   4.6666666666666661        3.6666666666666665       0.50486298890279169     
   4.6666666666666661        4.0000000000000000       0.66995428661690204     
   4.6666666666666661        4.3333333333333330       0.74576804972600097     
   4.6666666666666661        4.6666666666666661       0.79342877235024578     
   4.6666666666666661        5.0000000000000000       0.79907560317456261     
   4.6666666666666661        5.3333333333333330       0.77805123127616593     
   4.6666666666666661        5.6666666666666661       0.73551678351634120     
   4.6666666666666661        6.0000000000000000       0.64962606743040696     
   4.6666666666666661        6.3333333333333330       0.55585182463087501     
   4.6666666666666661        6.6666666666666661       0.48591110849037433     
   4.6666666666666661        7.0000000000000000       0.15245976140851733     
   4.6666666666666661        7.3333333333333330       0.15832469023241899     
   4.6666666666666661        7.6666666666666661       0.12649931381411567     
   4.6666666666666661        8.0000000000000000        9.5652933430215789E-002
   4.6666666666666661        8.3333333333333321        6.4583674607636810E-002
   4.6666666666666661        8.6666666666666661        3.9709136453326702E-002
   4.6666666666666661        9.0000000000000000        2.4685752526882227E-002
   4.6666666666666661        9.3333333333333321        1.3887031305797258E-002
   4.6666666666666661        9.6666666666666661        6.2325296193310878E-003
   4.6666666666666661        10.000000000000000        0.0000000000000000     
 
   5.0000000000000000        0.0000000000000000        0.0000000000000000     
   5.0000000000000000       0.33333333333333331        2.8242586726011190E-003
   5.0000000000000000       0.66666666666666663        2.3068614353524957E-002
   5.0000000000000000        1.0000000000000000        2.9497253337808591E-002
   5.0000000000000000        1.3333333333333333        3.9490246380580935E-002
   5.0000000000000000        1.6666666666666665        5.3105996964742073E-002
   5.0000000000000000        2.0000000000000000        7.2800596835111572E-002
   5.0000000000000000        2.3333333333333330        8.5370075308557142E-002
   5.0000000000000000        2.6666666666666665       0.30350724216417918     
   5.0000000000000000        3.0000000000000000       0.30572890300534422     
   5.0000000000000000        3.3333333333333330       0.63487315329028948     
   5.0000000000000000        3.6666666666666665       0.61375644585399292     
   5.0000000000000000        4.0000000000000000       0.67796398851848361     
   5.0000000000000000        4.3333333333333330       0.73527403631093369     
   5.0000000000000000        4.6666666666666661       0.77379591675601000     
   5.0000000000000000        5.0000000000000000       0.78684154569522302     
   5.0000000000000000        5.3333333333333330       0.78071308119741145     
   5.0000000000000000        5.6666666666666661       0.77753209537792634     
   5.0000000000000000        6.0000000000000000       0.50117714683043746     
   5.0000000000000000        6.3333333333333330       0.49885987729513498     
   5.0000000000000000        6.6666666666666661       0.32915542978377565     
   5.0000000000000000        7.0000000000000000       0.19250834843468251     
   5.0000000000000000        7.3333333333333330       0.16022811795320832     
   5.0000000000000000        7.6666666666666661       0.12633903048551751     
   5.0000000000000000        8.0000000000000000       0.10248135580757822     
   5.0000000000000000        8.3333333333333321        4.2096720841984465E-002
   5.0000000000000000        8.6666666666666661        3.4742688881449595E-002
   5.0000000000000000        9.0000000000000000        2.3508513832299946E-002
   5.0000000000000000        9.3333333333333321        1.3534233367600684E-002
   5.0000000000000000        9.6666666666666661        6.1151543357528624E-003
   5.0000000000000000        10.000000000000000        0.0000000000000000     
 
   5.3333333333333330        0.0000000000000000        0.0000000000000000     
   5.3333333333333330       0.33333333333333331        6.0015428155184162E-003
   5.3333333333333330       0.66666666666666663        1.8794742070439224E-002
   5.3333333333333330        1.0000000000000000        2.9052051682785095E-002
   5.3333333333333330        1.3333333333333333        4.1312363655905515E-002
   5.3333333333333330        1.6666666666666665        5.7509038834170002E-002
   5.3333333333333330        2.0000000000000000        7.8084150548206874E-002
   5.3333333333333330        2.3333333333333330        9.8924000387302535E-002
   5.3333333333333330        2.6666666666666665       0.26856793940075380     
   5.3333333333333330        3.0000000000000000       0.30956620035495419     
   5.3333333333333330        3.3333333333333330       0.57733268048877695     
   5.3333333333333330        3.6666666666666665       0.61714048954023337     
   5.3333333333333330        4.0000000000000000       0.66727449159543240     
   5.3333333333333330        4.3333333333333330       0.71227475485460801     
   5.3333333333333330        4.6666666666666661       0.74335868706532982     
   5.3333333333333330        5.0000000000000000       0.75507102665537884     
   5.3333333333333330        5.3333333333333330       0.74159920389626899     
   5.3333333333333330        5.6666666666666661       0.53459446735347960     
   5.3333333333333330        6.0000000000000000       0.49158226922422388     
   5.3333333333333330        6.3333333333333330       0.42734088340507320     
   5.3333333333333330        6.6666666666666661       0.32897782696977118     
   5.3333333333333330        7.0000000000000000       0.22913668610973162     
   5.3333333333333330        7.3333333333333330       0.16874828377144915     
   5.3333333333333330        7.6666666666666661       0.12143519256108548     
   5.3333333333333330        8.0000000000000000        9.0677725166365852E-002
   5.3333333333333330        8.3333333333333321        5.2982261690025241E-002
   5.3333333333333330        8.6666666666666661        3.6728179262554610E-002
   5.3333333333333330        9.0000000000000000        2.3339830563086701E-002
   5.3333333333333330        9.3333333333333321        1.2040051771977449E-002
   5.3333333333333330        9.6666666666666661        5.3679406312535120E-003
   5.3333333333333330        10.000000000000000        0.0000000000000000     
 
   5.6666666666666661        0.0000000000000000        0.0000000000000000     
   5.6666666666666661       0.33333333333333331        2.9734418183683534E-003
   5.6666666666666661       0.66666666666666663        6.6210324035808057E-003
   5.6666666666666661        1.0000000000000000        2.7185805199657954E-002
   5.6666666666666661        1.3333333333333333        4.2203807776257228E-002
   5.6666666666666661        1.6666666666666665        6.1058650662489583E-002
   5.6666666666666661        2.0000000000000000        8.7009135850086100E-002
   5.6666666666666661        2.3333333333333330       0.13723281130482920     
   5.6666666666666661        2.6666666666666665       0.22919147149882141     
   5.6666666666666661        3.0000000000000000       0.35475019828709548     
   5.6666666666666661        3.3333333333333330       0.52300694278932214     
   5.6666666666666661        3.6666666666666665       0.59170778416004111     
   5.6666666666666661        4.0000000000000000       0.63831462194100430     
   5.6666666666666661        4.3333333333333330       0.67475654531620688     
   5.6666666666666661        4.6666666666666661       0.69956848709260122     
   5.6666666666666661        5.0000000000000000       0.71322621866877356     
   5.6666666666666661        5.3333333333333330       0.65416855927182571     
   5.6666666666666661        5.6666666666666661       0.56209465389264568     
   5.6666666666666661        6.0000000000000000       0.38677332781057511     
   5.6666666666666661        6.3333333333333330       0.38254003211147275     
   5.6666666666666661        6.6666666666666661       0.23968460950845852     
   5.6666666666666661        7.0000000000000000       0.16431784411025124     
   5.6666666666666661        7.3333333333333330       0.10903699066333111     
   5.6666666666666661        7.6666666666666661       0.10505475125311999     
   5.6666666666666661        8.0000000000000000        5.1211969399328802E-002
   5.6666666666666661        8.3333333333333321        4.6320134755699516E-002
   5.6666666666666661        8.6666666666666661        3.9044256905121491E-002
   5.6666666666666661        9.0000000000000000        6.3648943162965405E-003
   5.6666666666666661        9.3333333333333321        7.2042922765167697E-003
   5.6666666666666661        9.6666666666666661        3.9247491791462499E-003
   5.6666666666666661        10.000000000000000        0.0000000000000000     
 
   6.0000000000000000        0.0000000000000000        0.0000000000000000     
   6.0000000000000000       0.33333333333333331        3.2331728723286523E-003
   6.0000000000000000       0.66666666666666663        7.3852428015458316E-003
   6.0000000000000000        1.0000000000000000        1.4329028143288965E-002
   6.0000000000000000        1.3333333333333333        0.0000000000000000     
   6.0000000000000000        1.6666666666666665        7.0755867213093418E-002
   6.0000000000000000        2.0000000000000000        7.5618256785719706E-002
   6.0000000000000000        2.3333333333333330       0.12706406957049365     
   6.0000000000000000        2.6666666666666665       0.15811230037407031     
   6.0000000000000000        3.0000000000000000       0.56674039218644034     
   6.0000000000000000        3.3333333333333330       0.55772377062951928     
   6.0000000000000000        3.6666666666666665       0.57316520623365408     
   6.0000000000000000        4.0000000000000000       0.59989555047323972     
   6.0000000000000000        4.3333333333333330       0.62495135510664912     
   6.0000000000000000        4.6666666666666661       0.63929885878943871     
   6.0000000000000000        5.0000000000000000       0.56746624373259003     
   6.0000000000000000        5.3333333333333330       0.57322208634357730     
   6.0000000000000000        5.6666666666666661       0.47887943259689514     
   6.0000000000000000        6.0000000000000000       0.38591991430249395     
   6.0000000000000000        6.3333333333333330       0.32868127161533611     
   6.0000000000000000        6.6666666666666661       0.24190786503408085     
   6.0000000000000000        7.0000000000000000       0.16859903519466915     
   6.0000000000000000        7.3333333333333330       0.11802197034273110     
   6.0000000000000000        7.6666666666666661        8.9737673967350856E-002
   6.0000000000000000        8.0000000000000000        6.0146027349094744E-002
   6.0000000000000000        8.3333333333333321        4.5861680061085326E-002
   6.0000000000000000        8.6666666666666661        3.7576125483057089E-002
   6.0000000000000000        9.0000000000000000        1.0939017016857476E-002
   6.0000000000000000        9.3333333333333321        7.3587398825716152E-003
   6.0000000000000000        9.6666666666666661        3.6072316026526138E-003
   6.0000000000000000        10.000000000000000        0.0000000000000000     
 
   6.3333333333333330        0.0000000000000000        0.0000000000000000     
   6.3333333333333330       0.33333333333333331        2.9322695979509461E-003
   6.3333333333333330       0.66666666666666663        6.1375851288149033E-003
   6.3333333333333330        1.0000000000000000        9.7335274978553529E-003
   6.3333333333333330        1.3333333333333333        2.7376507867055002E-002
   6.3333333333333330        1.6666666666666665        5.8265911740140577E-002
   6.3333333333333330        2.0000000000000000        7.3720634107601254E-002
   6.3333333333333330        2.3333333333333330       0.10100250749432749     
   6.3333333333333330        2.6666666666666665       0.12234331775002592     
   6.3333333333333330        3.0000000000000000       0.12981374198746587     
   6.3333333333333330        3.3333333333333330       0.53802858784411089     
   6.3333333333333330        3.6666666666666665       0.53129342586406181     
   6.3333333333333330        4.0000000000000000       0.54805810478816797     
   6.3333333333333330        4.3333333333333330       0.56756826553025508     
   6.3333333333333330        4.6666666666666661       0.57281381207321624     
   6.3333333333333330        5.0000000000000000       0.54476127101784100     
   6.3333333333333330        5.3333333333333330       0.37395444184755744     
   6.3333333333333330        5.6666666666666661       0.38180022109406381     
   6.3333333333333330        6.0000000000000000       0.34352522428867871     
   6.3333333333333330        6.3333333333333330       0.30184596416199022     
   6.3333333333333330        6.6666666666666661       0.23201976716053779     
   6.3333333333333330        7.0000000000000000       0.15372111004287248     
   6.3333333333333330        7.3333333333333330       0.10919467397109828     
   6.3333333333333330        7.6666666666666661        8.0314410756649024E-002
   6.3333333333333330        8.0000000000000000        5.7909167249665341E-002
   6.3333333333333330        8.3333333333333321        4.3149354216164129E-002
   6.3333333333333330        8.6666666666666661        3.1215442593847068E-002
   6.3333333333333330        9.0000000000000000        1.5808333047336497E-002
   6.3333333333333330        9.3333333333333321        8.5850276500640255E-003
   6.3333333333333330        9.6666666666666661        3.6002748965788395E-003
   6.3333333333333330        10.000000000000000        0.0000000000000000     
 
   6.6666666666666661        0.0000000000000000        0.0000000000000000     
   6.6666666666666661       0.33333333333333331        2.7021958438822455E-003
   6.6666666666666661       0.66666666666666663        5.1858370433411922E-003
   6.6666666666666661        1.0000000000000000        2.2237078454505572E-002
   6.6666666666666661        1.3333333333333333        3.0432482456653538E-002
   6.6666666666666661        1.6666666666666665        4.7298687771608866E-002
   6.6666666666666661        2.0000000000000000        6.4810292267847500E-002
   6.6666666666666661        2.3333333333333330        8.6074223497064686E-002
   6.6666666666666661        2.6666666666666665       0.11320022006640527     
   6.6666666666666661        3.0000000000000000       0.13707499070916582     
   6.6666666666666661        3.3333333333333330       0.35538878114172689     
   6.6666666666666661        3.6666666666666665       0.45792335823085034     
   6.6666666666666661        4.0000000000000000       0.48323604833219075     
   6.6666666666666661        4.3333333333333330       0.51167042779329763     
   6.6666666666666661        4.6666666666666661       0.52511389672995745     
   6.6666666666666661        5.0000000000000000       0.48026078750705942     
   6.6666666666666661        5.3333333333333330       0.36155140552258203     
   6.6666666666666661        5.6666666666666661       0.32516157433307125     
   6.6666666666666661        6.0000000000000000       0.30109644353844700     
   6.6666666666666661        6.3333333333333330       0.14171673916810776     
   6.6666666666666661        6.6666666666666661       0.10565509388120858     
   6.6666666666666661        7.0000000000000000       0.10861736700719296     
   6.6666666666666661        7.3333333333333330        8.9005345913385422E-002
   6.6666666666666661        7.6666666666666661        6.8745298219816925E-002
   6.6666666666666661        8.0000000000000000        5.2016732496052556E-002
   6.6666666666666661        8.3333333333333321        4.1141969530117804E-002
   6.6666666666666661        8.6666666666666661        1.5712104833670189E-002
   6.6666666666666661        9.0000000000000000        1.4200984417131642E-002
   6.6666666666666661        9.3333333333333321        4.7427539638751591E-003
   6.6666666666666661        9.6666666666666661        2.6615277411701078E-003
   6.6666666666666661        10.000000000000000        0.0000000000000000     
 
   7.0000000000000000        0.0000000000000000        0.0000000000000000     
   7.0000000000000000       0.33333333333333331        3.0292155136380592E-003
   7.0000000000000000       0.66666666666666663        7.3520400407439141E-003
   7.0000000000000000        1.0000000000000000        1.6510936984052975E-002
   7.0000000000000000        1.3333333333333333        2.7920773602906516E-002
   7.0000000000000000        1.6666666666666665        3.9702911528541704E-002
   7.0000000000000000        2.0000000000000000        5.6853804164293253E-002
   7.0000000000000000        2.3333333333333330        7.0569390299074122E-002
   7.0000000000000000        2.6666666666666665       0.14152990107850347     
   7.0000000000000000        3.0000000000000000       0.17481688756150124     
   7.0000000000000000        3.3333333333333330       0.25374067611080120     
   7.0000000000000000        3.6666666666666665       0.34611768790092245     
   7.0000000000000000        4.0000000000000000       0.40975871206732600     
   7.0000000000000000        4.3333333333333330       0.46269109408525116     
   7.0000000000000000        4.6666666666666661       0.11991174788783553     
   7.0000000000000000        5.0000000000000000       0.22349159785758219     
   7.0000000000000000        5.3333333333333330       0.26299346038352317     
   7.0000000000000000        5.6666666666666661       0.25375443203955306     
   7.0000000000000000        6.0000000000000000       0.23322993320484067     
   7.0000000000000000        6.3333333333333330       0.14604470455416402     
   7.0000000000000000        6.6666666666666661       0.10733412873146127     
   7.0000000000000000        7.0000000000000000        9.0458118956971229E-002
   7.0000000000000000        7.3333333333333330        7.3830630869063246E-002
   7.0000000000000000        7.6666666666666661        5.7811294135146116E-002
   7.0000000000000000        8.0000000000000000        4.4065297378216302E-002
   7.0000000000000000        8.3333333333333321        3.1674098789727718E-002
   7.0000000000000000        8.6666666666666661        1.9040734089987410E-002
   7.0000000000000000        9.0000000000000000        1.2741840996961240E-002
   7.0000000000000000        9.3333333333333321        7.4624951590188488E-003
   7.0000000000000000        9.6666666666666661        9.2877844593453138E-004
   7.0000000000000000        10.000000000000000        0.0000000000000000     
 
   7.3333333333333330        0.0000000000000000        0.0000000000000000     
   7.3333333333333330       0.33333333333333331        2.4495907167792035E-003
   7.3333333333333330       0.66666666666666663        5.5785022484881432E-003
   7.3333333333333330        1.0000000000000000        1.0406667821423602E-002
   7.3333333333333330        1.3333333333333333        2.5110114445871391E-002
   7.3333333333333330        1.6666666666666665        3.0431031122817274E-002
   7.3333333333333330        2.0000000000000000        5.6590434102946521E-002
   7.3333333333333330        2.3333333333333330        7.3809987262047447E-002
   7.3333333333333330        2.6666666666666665       0.11443841198073441     
   7.3333333333333330        3.0000000000000000       0.17291755086787416     
   7.3333333333333330        3.3333333333333330       0.23542559847277780     
   7.3333333333333330        3.6666666666666665       0.28485474308506770     
   7.3333333333333330        4.0000000000000000       0.34611768790092245     
   7.3333333333333330        4.3333333333333330       0.11991174788783553     
   7.3333333333333330        4.6666666666666661       0.12529206028321863     
   7.3333333333333330        5.0000000000000000       0.18636224744654387     
   7.3333333333333330        5.3333333333333330       0.21373397826939594     
   7.3333333333333330        5.6666666666666661       0.19424807935640526     
   7.3333333333333330        6.0000000000000000        9.7334012537597575E-002
   7.3333333333333330        6.3333333333333330       0.10566739050569139     
   7.3333333333333330        6.6666666666666661        9.1677655191019156E-002
   7.3333333333333330        7.0000000000000000        7.6568201931935712E-002
   7.3333333333333330        7.3333333333333330        6.2366947654022377E-002
   7.3333333333333330        7.6666666666666661        4.8552836657067742E-002
   7.3333333333333330        8.0000000000000000        3.8231903197123329E-002
   7.3333333333333330        8.3333333333333321        2.5289647213514965E-002
   7.3333333333333330        8.6666666666666661        1.8050355452622024E-002
   7.3333333333333330        9.0000000000000000        1.1754420281168059E-002
   7.3333333333333330        9.3333333333333321        5.8502305213682451E-003
   7.3333333333333330        9.6666666666666661        1.9883929211265195E-003
   7.3333333333333330        10.000000000000000        0.0000000000000000     
 
   7.6666666666666661        0.0000000000000000        0.0000000000000000     
   7.6666666666666661       0.33333333333333331        1.5174496480916593E-003
   7.6666666666666661       0.66666666666666663        2.8227949169033280E-003
   7.6666666666666661        1.0000000000000000        2.0103560682182085E-002
   7.6666666666666661        1.3333333333333333        2.2834403304587827E-002
   7.6666666666666661        1.6666666666666665        2.9800981271981723E-002
   7.6666666666666661        2.0000000000000000        4.3980089066464022E-002
   7.6666666666666661        2.3333333333333330        5.8701505142465880E-002
   7.6666666666666661        2.6666666666666665        7.5202434829746298E-002
   7.6666666666666661        3.0000000000000000        6.1209837824567660E-002
   7.6666666666666661        3.3333333333333330       0.15285575521429129     
   7.6666666666666661        3.6666666666666665       0.21600373605255840     
   7.6666666666666661        4.0000000000000000        2.4713841709753579E-002
   7.6666666666666661        4.3333333333333330        6.1488296424266883E-002
   7.6666666666666661        4.6666666666666661        7.9798002831138179E-002
   7.6666666666666661        5.0000000000000000        4.4133423251289404E-002
   7.6666666666666661        5.3333333333333330       0.11341500394610890     
   7.6666666666666661        5.6666666666666661       0.11776191974201157     
   7.6666666666666661        6.0000000000000000        9.3655479284038667E-002
   7.6666666666666661        6.3333333333333330        9.2153248302725269E-002
   7.6666666666666661        6.6666666666666661        8.1806584717667150E-002
   7.6666666666666661        7.0000000000000000        6.6320912832683349E-002
   7.6666666666666661        7.3333333333333330        5.4707346354709641E-002
   7.6666666666666661        7.6666666666666661        3.9469460958461079E-002
   7.6666666666666661        8.0000000000000000        1.3283879968555708E-002
   7.6666666666666661        8.3333333333333321        1.5632449015214319E-002
   7.6666666666666661        8.6666666666666661        5.0513128268102050E-003
   7.6666666666666661        9.0000000000000000        2.8041755042573090E-003
   7.6666666666666661        9.3333333333333321        2.9424880165564546E-003
   7.6666666666666661        9.6666666666666661        1.4433511275967975E-003
   7.6666666666666661        10.000000000000000        0.0000000000000000     
 
   8.0000000000000000        0.0000000000000000        0.0000000000000000     
   8.0000000000000000       0.33333333333333331        1.0146449849538102E-003
   8.0000000000000000       0.66666666666666663        1.7681423332350445E-003
   8.0000000000000000        1.0000000000000000        1.6810234072144502E-002
   8.0000000000000000        1.3333333333333333        1.9187327250068709E-002
   8.0000000000000000        1.6666666666666665        2.5235907590298277E-002
   8.0000000000000000        2.0000000000000000        3.4864444706455965E-002
   8.0000000000000000        2.3333333333333330        4.6466808724246245E-002
   8.0000000000000000        2.6666666666666665        5.7601403217570436E-002
   8.0000000000000000        3.0000000000000000        6.6579440603860146E-002
   8.0000000000000000        3.3333333333333330        9.5792223676423940E-002
   8.0000000000000000        3.6666666666666665        2.4713841709753579E-002
   8.0000000000000000        4.0000000000000000        2.7398775622254287E-002
   8.0000000000000000        4.3333333333333330        4.7420373643088043E-002
   8.0000000000000000        4.6666666666666661        5.7145968072912334E-002
   8.0000000000000000        5.0000000000000000        4.8475751602643988E-002
   8.0000000000000000        5.3333333333333330        5.7279816144773010E-002
   8.0000000000000000        5.6666666666666661        7.3599635483998019E-002
   8.0000000000000000        6.0000000000000000        7.1755470489170900E-002
   8.0000000000000000        6.3333333333333330        0.0000000000000000     
   8.0000000000000000        6.6666666666666661        5.1957084873138500E-002
   8.0000000000000000        7.0000000000000000        5.6766934961644117E-002
   8.0000000000000000        7.3333333333333330        1.2793341256392449E-002
   8.0000000000000000        7.6666666666666661        1.8348864340790302E-002
   8.0000000000000000        8.0000000000000000        1.2499330782537328E-002
   8.0000000000000000        8.3333333333333321        1.0052835425506799E-002
   8.0000000000000000        8.6666666666666661        5.7999027752450409E-003
   8.0000000000000000        9.0000000000000000        3.0944038055642866E-003
   8.0000000000000000        9.3333333333333321        2.0931177532225128E-003
   8.0000000000000000        9.6666666666666661        1.0528877955210578E-003
   8.0000000000000000        10.000000000000000        0.0000000000000000     
 
   8.3333333333333321        0.0000000000000000        0.0000000000000000     
   8.3333333333333321       0.33333333333333331        9.3159303107270667E-004
   8.3333333333333321       0.66666666666666663        1.7406412138389782E-003
   8.3333333333333321        1.0000000000000000        9.7605763851364904E-003
   8.3333333333333321        1.3333333333333333        1.4379052946339493E-002
   8.3333333333333321        1.6666666666666665        2.0036760310596303E-002
   8.3333333333333321        2.0000000000000000        2.7347713534018096E-002
   8.3333333333333321        2.3333333333333330        3.8948507320908682E-002
   8.3333333333333321        2.6666666666666665        4.6955197678433050E-002
   8.3333333333333321        3.0000000000000000        5.6962534528570537E-002
   8.3333333333333321        3.3333333333333330        7.3657721119590291E-002
   8.3333333333333321        3.6666666666666665        1.3762290141192327E-002
   8.3333333333333321        4.0000000000000000        1.5472234643456925E-002
   8.3333333333333321        4.3333333333333330        3.7751642866506838E-003
   8.3333333333333321        4.6666666666666661        2.8166855992219019E-003
   8.3333333333333321        5.0000000000000000        4.1192420555410891E-002
   8.3333333333333321        5.3333333333333330        4.4627018912691378E-002
   8.3333333333333321        5.6666666666666661        5.1406716505932842E-002
   8.3333333333333321        6.0000000000000000        5.1984369652378203E-002
   8.3333333333333321        6.3333333333333330        1.8865484887032227E-002
   8.3333333333333321        6.6666666666666661        0.0000000000000000     
   8.3333333333333321        7.0000000000000000        6.7189562036538020E-003
   8.3333333333333321        7.3333333333333330        8.6685263139917867E-003
   8.3333333333333321        7.6666666666666661        1.0453250191350676E-002
   8.3333333333333321        8.0000000000000000        9.7536261866375297E-003
   8.3333333333333321        8.3333333333333321        7.5048270481804149E-003
   8.3333333333333321        8.6666666666666661        2.0930191165990449E-003
   8.3333333333333321        9.0000000000000000        2.1474353402229601E-003
   8.3333333333333321        9.3333333333333321        1.6057289352119203E-003
   8.3333333333333321        9.6666666666666661        8.3996402854408215E-004
   8.3333333333333321        10.000000000000000        0.0000000000000000     
 
   8.6666666666666661        0.0000000000000000        0.0000000000000000     
   8.6666666666666661       0.33333333333333331        1.1262425738165097E-003
   8.6666666666666661       0.66666666666666663        2.8084318886605233E-003
   8.6666666666666661        1.0000000000000000        6.5798651012769173E-003
   8.6666666666666661        1.3333333333333333        1.0495837853485358E-002
   8.6666666666666661        1.6666666666666665        1.5684992671090976E-002
   8.6666666666666661        2.0000000000000000        1.8623223586252093E-002
   8.6666666666666661        2.3333333333333330        2.7807232579548369E-002
   8.6666666666666661        2.6666666666666665        3.8755881028710942E-002
   8.6666666666666661        3.0000000000000000        4.5597496004255750E-002
   8.6666666666666661        3.3333333333333330        0.0000000000000000     
   8.6666666666666661        3.6666666666666665        4.6838019367032597E-003
   8.6666666666666661        4.0000000000000000        7.0294384854761530E-003
   8.6666666666666661        4.3333333333333330        4.3945423973661083E-003
   8.6666666666666661        4.6666666666666661        3.3237937579432783E-003
   8.6666666666666661        5.0000000000000000        2.9213451261825150E-002
   8.6666666666666661        5.3333333333333330        3.1981950563256215E-002
   8.6666666666666661        5.6666666666666661        3.8870827757447789E-002
   8.6666666666666661        6.0000000000000000        3.6264157279084497E-002
   8.6666666666666661        6.3333333333333330        2.0771472995068537E-002
   8.6666666666666661        6.6666666666666661        5.3249626659529542E-003
   8.6666666666666661        7.0000000000000000        5.6784716783348623E-003
   8.6666666666666661        7.3333333333333330        5.7824977955430838E-003
   8.6666666666666661        7.6666666666666661        6.2592559225409586E-003
   8.6666666666666661        8.0000000000000000        2.8564578452062407E-003
   8.6666666666666661        8.3333333333333321        3.6814043892376223E-003
   8.6666666666666661        8.6666666666666661        2.3909407041757384E-003
   8.6666666666666661        9.0000000000000000        6.2509786544069851E-004
   8.6666666666666661        9.3333333333333321        3.3302095171514848E-004
   8.6666666666666661        9.6666666666666661        0.0000000000000000     
   8.6666666666666661        10.000000000000000        0.0000000000000000     
 
   9.0000000000000000        0.0000000000000000        0.0000000000000000     
   9.0000000000000000       0.33333333333333331        9.5403772897708315E-004
   9.0000000000000000       0.66666666666666663        2.2407894141610219E-003
   9.0000000000000000        1.0000000000000000        4.2574733314082033E-003
   9.0000000000000000        1.3333333333333333        6.8482147473316705E-003
   9.0000000000000000        1.6666666666666665        8.9611155134337473E-003
   9.0000000000000000        2.0000000000000000        1.5228842766874589E-002
   9.0000000000000000        2.3333333333333330        2.0190127126410495E-002
   9.0000000000000000        2.6666666666666665        2.0224490955697054E-004
   9.0000000000000000        3.0000000000000000        3.7962796341612872E-004
   9.0000000000000000        3.3333333333333330        1.8625842076366299E-003
   9.0000000000000000        3.6666666666666665        3.0130309143586564E-003
   9.0000000000000000        4.0000000000000000        4.5017014902042230E-003
   9.0000000000000000        4.3333333333333330        4.1263045728689258E-003
   9.0000000000000000        4.6666666666666661        3.6474682370639589E-004
   9.0000000000000000        5.0000000000000000        1.6206862190156660E-002
   9.0000000000000000        5.3333333333333330        1.7962758105116407E-002
   9.0000000000000000        5.6666666666666661        4.6368258816311420E-003
   9.0000000000000000        6.0000000000000000        6.3377485265571328E-003
   9.0000000000000000        6.3333333333333330        9.0936312680910038E-003
   9.0000000000000000        6.6666666666666661        5.6995370921059333E-003
   9.0000000000000000        7.0000000000000000        2.5531302897815389E-003
   9.0000000000000000        7.3333333333333330        3.3037420659957724E-003
   9.0000000000000000        7.6666666666666661        3.3567424543008732E-003
   9.0000000000000000        8.0000000000000000        2.4791741162534797E-003
   9.0000000000000000        8.3333333333333321        2.5155860560273505E-003
   9.0000000000000000        8.6666666666666661        1.7847093424192973E-003
   9.0000000000000000        9.0000000000000000        7.4499042352735030E-004
   9.0000000000000000        9.3333333333333321        4.0133639273480471E-004
   9.0000000000000000        9.6666666666666661        2.8917529168008570E-005
   9.0000000000000000        10.000000000000000        0.0000000000000000     
 
   9.3333333333333321        0.0000000000000000        0.0000000000000000     
   9.3333333333333321       0.33333333333333331        6.1312030592048652E-004
   9.3333333333333321       0.66666666666666663        1.3168570383064993E-003
   9.3333333333333321        1.0000000000000000        2.0421603782957080E-003
   9.3333333333333321        1.3333333333333333        2.3611148790564853E-003
   9.3333333333333321        1.6666666666666665        4.0111485607676181E-003
   9.3333333333333321        2.0000000000000000        3.8905230935610782E-004
   9.3333333333333321        2.3333333333333330        2.0111190139147190E-004
   9.3333333333333321        2.6666666666666665        2.4379807235136032E-004
   9.3333333333333321        3.0000000000000000        4.5277642475401994E-004
   9.3333333333333321        3.3333333333333330        1.0145273370410221E-003
   9.3333333333333321        3.6666666666666665        1.4646705866367623E-003
   9.3333333333333321        4.0000000000000000        0.0000000000000000     
   9.3333333333333321        4.3333333333333330        3.1817512799655099E-004
   9.3333333333333321        4.6666666666666661        4.2187712917544581E-004
   9.3333333333333321        5.0000000000000000        4.4629477618737083E-003
   9.3333333333333321        5.3333333333333330        7.4742879994766252E-003
   9.3333333333333321        5.6666666666666661        5.2608995284353201E-003
   9.3333333333333321        6.0000000000000000        4.3244182825631951E-003
   9.3333333333333321        6.3333333333333330        4.5363983953692014E-003
   9.3333333333333321        6.6666666666666661        3.3835696838444432E-003
   9.3333333333333321        7.0000000000000000        2.1883175120523592E-003
   9.3333333333333321        7.3333333333333330        2.0033596984336305E-003
   9.3333333333333321        7.6666666666666661        1.8699579434037564E-003
   9.3333333333333321        8.0000000000000000        1.5763867185544192E-003
   9.3333333333333321        8.3333333333333321        1.9326784847818808E-004
   9.3333333333333321        8.6666666666666661        1.9802639747212367E-004
   9.3333333333333321        9.0000000000000000        3.0334086937541436E-004
   9.3333333333333321        9.3333333333333321        2.0375523897902688E-004
   9.3333333333333321        9.6666666666666661        6.3879872942277724E-005
   9.3333333333333321        10.000000000000000        0.0000000000000000     
 
   9.6666666666666661        0.0000000000000000        0.0000000000000000     
   9.6666666666666661       0.33333333333333331        2.9001958427163962E-004
   9.6666666666666661       0.66666666666666663        5.9934312957101170E-004
   9.6666666666666661        1.0000000000000000        8.9696204452403437E-004
   9.6666666666666661        1.3333333333333333        1.1023625609881285E-003
   9.6666666666666661        1.6666666666666665        1.3388847917137825E-003
   9.6666666666666661        2.0000000000000000        4.6142113077032149E-004
   9.6666666666666661        2.3333333333333330        1.9800550332792460E-004
   9.6666666666666661        2.6666666666666665        1.6635449005586436E-004
   9.6666666666666661        3.0000000000000000        2.5536437288767332E-004
   9.6666666666666661        3.3333333333333330        4.4898267178552294E-004
   9.6666666666666661        3.6666666666666665        6.0392692478564939E-004
   9.6666666666666661        4.0000000000000000        1.2207342173691700E-004
   9.6666666666666661        4.3333333333333330        2.6192224254629852E-004
   9.6666666666666661        4.6666666666666661        6.4404767325941189E-004
   9.6666666666666661        5.0000000000000000        1.9755287407772861E-003
   9.6666666666666661        5.3333333333333330        3.0329799305291558E-003
   9.6666666666666661        5.6666666666666661        7.9513858254232799E-004
   9.6666666666666661        6.0000000000000000        1.6967753221067284E-003
   9.6666666666666661        6.3333333333333330        1.8854182557675092E-003
   9.6666666666666661        6.6666666666666661        1.5480158101394467E-003
   9.6666666666666661        7.0000000000000000        1.1312980853489653E-003
   9.6666666666666661        7.3333333333333330        9.5462481364437122E-004
   9.6666666666666661        7.6666666666666661        8.3139164006169463E-004
   9.6666666666666661        8.0000000000000000        6.3326206067138935E-004
   9.6666666666666661        8.3333333333333321        2.2946129154386430E-004
   9.6666666666666661        8.6666666666666661        1.3166979096016794E-004
   9.6666666666666661        9.0000000000000000        1.2433504889148794E-004
   9.6666666666666661        9.3333333333333321        8.6627874480570241E-005
   9.6666666666666661        9.6666666666666661        3.5794575782616799E-005
   9.6666666666666661        10.000000000000000        0.0000000000000000     
 
   10.000000000000000        0.0000000000000000        0.0000000000000000     
   10.000000000000000       0.33333333333333331        0.0000000000000000     
   10.000000000000000       0.66666666666666663        0.0000000000000000     
   10.000000000000000        1.0000000000000000        0.0000000000000000     
   10.000000000000000        1.3333333333333333        0.0000000000000000     
   10.000000000000000        1.6666666666666665        0.0000000000000000     
   10.000000000000000        2.0000000000000000        0.0000000000000000     
   10.000000000000000        2.3333333333333330        0.0000000000000000     
   10.000000000000000        2.6666666666666665        0.0000000000000000     
   10.000000000000000        3.0000000000000000        0.0000000000000000     
   10.000000000000000        3.3333333333333330        0.0000000000000000     
   10.000000000000000        3.6666666666666665        0.0000000000000000     
   10.000000000000000        4.0000000000000000        0.0000000000000000     
   10.000000000000000        4.3333333333333330        0.0000000000000000     
   10.000000000000000        4.6666666666666661        0.0000000000000000     
   10.000000000000000        5.0000000000000000        0.0000000000000000     
   10.000000000000000        5.3333333333333330        0.0000000000000000     
   10.000000000000000        5.6666666666666661        0.0000000000000000     
   10.000000000000000        6.0000000000000000        0.0000000000000000     
   10.000000000000000        6.3333333333333330        0.0000000000000000     
   10.000000000000000        6.6666666666666661        0.0000000000000000     
   10.000000000000000        7.0000000000000000        0.0000000000000000     
   10.000000000000000        7.3333333333333330        0.0000000000000000     
   10.000000000000000        7.6666666666666661        0.0000000000000000     
   10.000000000000000        8.0000000000000000        0.0000000000000000     
   10.000000000000000        8.3333333333333321        0.0000000000000000     
   10.000000000000000        8.6666666666666661        0.0000000000000000     
   10.000000000000000        9.0000000000000000        0.0000000000000000     
   10.000000000000000        9.3333333333333321        0.0000000000000000     
   10.000000000000000        9.6666666666666661        0.0000000000000000     
   10.000000000000000        10.000000000000000        0.0000000000000000     
 
