   0.0000000000000000        0.0000000000000000        0.0000000000000000     
   0.0000000000000000       0.33333333333333331        0.0000000000000000     
   0.0000000000000000       0.66666666666666663        0.0000000000000000     
   0.0000000000000000        1.0000000000000000        0.0000000000000000     
   0.0000000000000000        1.3333333333333333        0.0000000000000000     
   0.0000000000000000        1.6666666666666665        0.0000000000000000     
   0.0000000000000000        2.0000000000000000        0.0000000000000000     
   0.0000000000000000        2.3333333333333330        0.0000000000000000     
   0.0000000000000000        2.6666666666666665        0.0000000000000000     
   0.0000000000000000        3.0000000000000000        0.0000000000000000     
   0.0000000000000000        3.3333333333333330        0.0000000000000000     
   0.0000000000000000        3.6666666666666665        0.0000000000000000     
   0.0000000000000000        4.0000000000000000        0.0000000000000000     
   0.0000000000000000        4.3333333333333330        0.0000000000000000     
   0.0000000000000000        4.6666666666666661        0.0000000000000000     
   0.0000000000000000        5.0000000000000000        0.0000000000000000     
   0.0000000000000000        5.3333333333333330        0.0000000000000000     
   0.0000000000000000        5.6666666666666661        0.0000000000000000     
   0.0000000000000000        6.0000000000000000        0.0000000000000000     
   0.0000000000000000        6.3333333333333330        0.0000000000000000     
   0.0000000000000000        6.6666666666666661        0.0000000000000000     
   0.0000000000000000        7.0000000000000000        0.0000000000000000     
   0.0000000000000000        7.3333333333333330        0.0000000000000000     
   0.0000000000000000        7.6666666666666661        0.0000000000000000     
   0.0000000000000000        8.0000000000000000        0.0000000000000000     
   0.0000000000000000        8.3333333333333321        0.0000000000000000     
   0.0000000000000000        8.6666666666666661        0.0000000000000000     
   0.0000000000000000        9.0000000000000000        0.0000000000000000     
   0.0000000000000000        9.3333333333333321        0.0000000000000000     
   0.0000000000000000        9.6666666666666661        0.0000000000000000     
   0.0000000000000000        10.000000000000000        0.0000000000000000     
 
  0.33333333333333331        0.0000000000000000        0.0000000000000000     
  0.33333333333333331       0.33333333333333331        1.9057755698680847E-004
  0.33333333333333331       0.66666666666666663        3.2464045092592042E-004
  0.33333333333333331        1.0000000000000000        3.4977674149867192E-004
  0.33333333333333331        1.3333333333333333        7.5158456842735035E-004
  0.33333333333333331        1.6666666666666665        1.1144937657744365E-003
  0.33333333333333331        2.0000000000000000        1.7006079451196013E-003
  0.33333333333333331        2.3333333333333330        2.1024531098178521E-003
  0.33333333333333331        2.6666666666666665        1.8671211055086337E-003
  0.33333333333333331        3.0000000000000000        3.6216115720123718E-003
  0.33333333333333331        3.3333333333333330        3.9956929595126606E-003
  0.33333333333333331        3.6666666666666665        3.9104328610178266E-003
  0.33333333333333331        4.0000000000000000        3.9741401944760621E-003
  0.33333333333333331        4.3333333333333330        3.9751588647986436E-003
  0.33333333333333331        4.6666666666666661        2.5424278121154342E-003
  0.33333333333333331        5.0000000000000000        3.7918601788768701E-003
  0.33333333333333331        5.3333333333333330        9.0129925960476687E-003
  0.33333333333333331        5.6666666666666661        1.0916177549779854E-002
  0.33333333333333331        6.0000000000000000        1.2038370772776001E-002
  0.33333333333333331        6.3333333333333330        1.2452940654333481E-002
  0.33333333333333331        6.6666666666666661        8.6104822053818739E-003
  0.33333333333333331        7.0000000000000000        1.3653271423636945E-002
  0.33333333333333331        7.3333333333333330        6.5018008320065690E-003
  0.33333333333333331        7.6666666666666661        6.0744214197384645E-003
  0.33333333333333331        8.0000000000000000        4.8112165377246496E-003
  0.33333333333333331        8.3333333333333321        3.3799556547104825E-003
  0.33333333333333331        8.6666666666666661        2.6846407023461806E-003
  0.33333333333333331        9.0000000000000000        1.9982166349342477E-003
  0.33333333333333331        9.3333333333333321        1.1199574291317291E-003
  0.33333333333333331        9.6666666666666661        4.9154585198628472E-004
  0.33333333333333331        10.000000000000000        0.0000000000000000     
 
  0.66666666666666663        0.0000000000000000        0.0000000000000000     
  0.66666666666666663       0.33333333333333331        4.5116891160275661E-004
  0.66666666666666663       0.66666666666666663        7.8161306217442881E-004
  0.66666666666666663        1.0000000000000000        1.8387718025919771E-003
  0.66666666666666663        1.3333333333333333        1.5995236767496512E-003
  0.66666666666666663        1.6666666666666665        2.0890205020664735E-003
  0.66666666666666663        2.0000000000000000        3.7072013644310411E-003
  0.66666666666666663        2.3333333333333330        4.9861093558238381E-003
  0.66666666666666663        2.6666666666666665        1.0279097985684270E-002
  0.66666666666666663        3.0000000000000000        8.8469543173683007E-003
  0.66666666666666663        3.3333333333333330        8.6929999075407039E-003
  0.66666666666666663        3.6666666666666665        7.9120809441111922E-003
  0.66666666666666663        4.0000000000000000        8.2540375797211119E-003
  0.66666666666666663        4.3333333333333330        9.6196410954283804E-003
  0.66666666666666663        4.6666666666666661        0.0000000000000000     
  0.66666666666666663        5.0000000000000000        2.3615650362142894E-002
  0.66666666666666663        5.3333333333333330        2.1736159104637404E-002
  0.66666666666666663        5.6666666666666661        2.3044555187695610E-002
  0.66666666666666663        6.0000000000000000        2.5211190361600393E-002
  0.66666666666666663        6.3333333333333330        2.9562522544943341E-002
  0.66666666666666663        6.6666666666666661        4.9085504669122378E-002
  0.66666666666666663        7.0000000000000000        3.9902969680379152E-002
  0.66666666666666663        7.3333333333333330        1.2667371804701875E-002
  0.66666666666666663        7.6666666666666661        1.3232310136961847E-002
  0.66666666666666663        8.0000000000000000        1.0009421271272972E-002
  0.66666666666666663        8.3333333333333321        6.1960277289691279E-003
  0.66666666666666663        8.6666666666666661        5.5107829330407702E-003
  0.66666666666666663        9.0000000000000000        4.3066013729456711E-003
  0.66666666666666663        9.3333333333333321        2.0593576372776256E-003
  0.66666666666666663        9.6666666666666661        8.7750897195841961E-004
  0.66666666666666663        10.000000000000000        0.0000000000000000     
 
   1.0000000000000000        0.0000000000000000        0.0000000000000000     
   1.0000000000000000       0.33333333333333331        8.6306249350687160E-004
   1.0000000000000000       0.66666666666666663        1.6222760406111782E-003
   1.0000000000000000        1.0000000000000000        2.2126098421089992E-003
   1.0000000000000000        1.3333333333333333        1.8387718025919771E-003
   1.0000000000000000        1.6666666666666665        6.1828578436412601E-003
   1.0000000000000000        2.0000000000000000        6.3128081452659699E-003
   1.0000000000000000        2.3333333333333330        9.4800101838068678E-003
   1.0000000000000000        2.6666666666666665        1.2339752103022883E-002
   1.0000000000000000        3.0000000000000000        1.3319911298788812E-002
   1.0000000000000000        3.3333333333333330        1.4519685202179996E-002
   1.0000000000000000        3.6666666666666665        1.1262988990086103E-002
   1.0000000000000000        4.0000000000000000        1.2003085469278920E-002
   1.0000000000000000        4.3333333333333330        1.7184786243747575E-002
   1.0000000000000000        4.6666666666666661        2.5307208828862841E-002
   1.0000000000000000        5.0000000000000000        2.6621807164678431E-002
   1.0000000000000000        5.3333333333333330        3.2209805021620456E-002
   1.0000000000000000        5.6666666666666661        3.5195436693632419E-002
   1.0000000000000000        6.0000000000000000        3.7046713112292129E-002
   1.0000000000000000        6.3333333333333330        5.1889229988345900E-002
   1.0000000000000000        6.6666666666666661        5.9582821413567202E-002
   1.0000000000000000        7.0000000000000000        5.8045439875641189E-002
   1.0000000000000000        7.3333333333333330        4.5509900059579091E-002
   1.0000000000000000        7.6666666666666661        2.4712474770145841E-002
   1.0000000000000000        8.0000000000000000        1.6243237867069441E-002
   1.0000000000000000        8.3333333333333321        1.1353872830272997E-002
   1.0000000000000000        8.6666666666666661        9.1624064126667546E-003
   1.0000000000000000        9.0000000000000000        7.9086395430005407E-003
   1.0000000000000000        9.3333333333333321        9.5092548752607402E-004
   1.0000000000000000        9.6666666666666661        1.0143418956505630E-003
   1.0000000000000000        10.000000000000000        0.0000000000000000     
 
   1.3333333333333333        0.0000000000000000        0.0000000000000000     
   1.3333333333333333       0.33333333333333331        1.4342308066423999E-003
   1.3333333333333333       0.66666666666666663        2.7373631090430429E-003
   1.3333333333333333        1.0000000000000000        3.7001119744637786E-003
   1.3333333333333333        1.3333333333333333        7.2743939985750088E-003
   1.3333333333333333        1.6666666666666665        6.4984557202802983E-003
   1.3333333333333333        2.0000000000000000        1.5648022175461351E-002
   1.3333333333333333        2.3333333333333330        1.4870087809508322E-002
   1.3333333333333333        2.6666666666666665        1.7003963230465876E-002
   1.3333333333333333        3.0000000000000000        1.8315065505059840E-002
   1.3333333333333333        3.3333333333333330        2.5564243972917858E-002
   1.3333333333333333        3.6666666666666665        4.7227018609825339E-002
   1.3333333333333333        4.0000000000000000        3.5288218798264881E-002
   1.3333333333333333        4.3333333333333330        3.0857124274064614E-002
   1.3333333333333333        4.6666666666666661        5.2152051343136170E-002
   1.3333333333333333        5.0000000000000000        4.9862769916116365E-002
   1.3333333333333333        5.3333333333333330        4.6593196826563273E-002
   1.3333333333333333        5.6666666666666661        4.9734271118724249E-002
   1.3333333333333333        6.0000000000000000        9.1867254339825136E-002
   1.3333333333333333        6.3333333333333330        8.2642692152399999E-002
   1.3333333333333333        6.6666666666666661        8.0736830388426828E-002
   1.3333333333333333        7.0000000000000000        7.6054504200585349E-002
   1.3333333333333333        7.3333333333333330        6.7563171653725926E-002
   1.3333333333333333        7.6666666666666661        1.3929886214139814E-002
   1.3333333333333333        8.0000000000000000        1.4700214531366900E-002
   1.3333333333333333        8.3333333333333321        1.4160824825258858E-002
   1.3333333333333333        8.6666666666666661        1.2380129448751583E-002
   1.3333333333333333        9.0000000000000000        1.0701753234413020E-002
   1.3333333333333333        9.3333333333333321        4.9500724479720820E-003
   1.3333333333333333        9.6666666666666661        2.2913401437062841E-003
   1.3333333333333333        10.000000000000000        0.0000000000000000     
 
   1.6666666666666665        0.0000000000000000        0.0000000000000000     
   1.6666666666666665       0.33333333333333331        2.2215871661106302E-003
   1.6666666666666665       0.66666666666666663        4.3560691120682034E-003
   1.6666666666666665        1.0000000000000000        6.3730533289698002E-003
   1.6666666666666665        1.3333333333333333        8.5258414095327750E-003
   1.6666666666666665        1.6666666666666665        1.8242098715769033E-002
   1.6666666666666665        2.0000000000000000        1.7345044310104998E-002
   1.6666666666666665        2.3333333333333330        1.8210526893472388E-002
   1.6666666666666665        2.6666666666666665        2.3417636962351464E-002
   1.6666666666666665        3.0000000000000000        4.7652918114735376E-002
   1.6666666666666665        3.3333333333333330        4.4996749896826747E-002
   1.6666666666666665        3.6666666666666665        4.9174984093252334E-002
   1.6666666666666665        4.0000000000000000        4.1413582211297179E-002
   1.6666666666666665        4.3333333333333330        4.1603575869208771E-002
   1.6666666666666665        4.6666666666666661        5.4385940092012725E-002
   1.6666666666666665        5.0000000000000000        5.5071687977727796E-002
   1.6666666666666665        5.3333333333333330        5.6267467132283686E-002
   1.6666666666666665        5.6666666666666661        6.9005723013621942E-002
   1.6666666666666665        6.0000000000000000       0.10272705870991125     
   1.6666666666666665        6.3333333333333330       0.10761655294989898     
   1.6666666666666665        6.6666666666666661       0.10622497210869043     
   1.6666666666666665        7.0000000000000000        9.9436139874166510E-002
   1.6666666666666665        7.3333333333333330        8.2672503598608602E-002
   1.6666666666666665        7.6666666666666661        1.2821960326788255E-002
   1.6666666666666665        8.0000000000000000        1.5214966484117003E-002
   1.6666666666666665        8.3333333333333321        1.8917816553137297E-002
   1.6666666666666665        8.6666666666666661        1.6128964950452643E-002
   1.6666666666666665        9.0000000000000000        1.2384062055567359E-002
   1.6666666666666665        9.3333333333333321        7.8807099958997096E-003
   1.6666666666666665        9.6666666666666661        3.3305566049937124E-003
   1.6666666666666665        10.000000000000000        0.0000000000000000     
 
   2.0000000000000000        0.0000000000000000        0.0000000000000000     
   2.0000000000000000       0.33333333333333331        3.2164531637067276E-003
   2.0000000000000000       0.66666666666666663        6.3295441718026696E-003
   2.0000000000000000        1.0000000000000000        9.2626129874214466E-003
   2.0000000000000000        1.3333333333333333        1.2418255324425262E-002
   2.0000000000000000        1.6666666666666665        2.0095296449951443E-002
   2.0000000000000000        2.0000000000000000        1.8242098715769033E-002
   2.0000000000000000        2.3333333333333330        3.4624108144250071E-002
   2.0000000000000000        2.6666666666666665        3.6198475154211728E-002
   2.0000000000000000        3.0000000000000000        5.2076548463871823E-002
   2.0000000000000000        3.3333333333333330        5.9269795316761013E-002
   2.0000000000000000        3.6666666666666665        6.4930201389926154E-002
   2.0000000000000000        4.0000000000000000       0.10359710236844349     
   2.0000000000000000        4.3333333333333330        9.8588469880419610E-002
   2.0000000000000000        4.6666666666666661        7.0848881072341746E-002
   2.0000000000000000        5.0000000000000000        6.1842782888151343E-002
   2.0000000000000000        5.3333333333333330        0.0000000000000000     
   2.0000000000000000        5.6666666666666661       0.18981377796211407     
   2.0000000000000000        6.0000000000000000       0.14394831546275394     
   2.0000000000000000        6.3333333333333330       0.14037050773653709     
   2.0000000000000000        6.6666666666666661       0.13862428112031497     
   2.0000000000000000        7.0000000000000000       0.13435455805146124     
   2.0000000000000000        7.3333333333333330        1.0436407060145890E-002
   2.0000000000000000        7.6666666666666661        1.1230249956786863E-002
   2.0000000000000000        8.0000000000000000        4.7321697314991674E-002
   2.0000000000000000        8.3333333333333321        3.0979820035600916E-002
   2.0000000000000000        8.6666666666666661        2.1565975754796962E-002
   2.0000000000000000        9.0000000000000000        1.5431034851348968E-002
   2.0000000000000000        9.3333333333333321        1.1263905917845330E-002
   2.0000000000000000        9.6666666666666661        2.2675288696795679E-003
   2.0000000000000000        10.000000000000000        0.0000000000000000     
 
   2.3333333333333330        0.0000000000000000        0.0000000000000000     
   2.3333333333333330       0.33333333333333331        4.4712364961391783E-003
   2.3333333333333330       0.66666666666666663        8.7909831035355036E-003
   2.3333333333333330        1.0000000000000000        1.2384342750718631E-002
   2.3333333333333330        1.3333333333333333        3.1771800073015319E-002
   2.3333333333333330        1.6666666666666665        3.2407269841828130E-002
   2.3333333333333330        2.0000000000000000        6.2079197994628681E-002
   2.3333333333333330        2.3333333333333330        7.4391424062070610E-002
   2.3333333333333330        2.6666666666666665        7.3773581437468899E-002
   2.3333333333333330        3.0000000000000000        6.6963610693027545E-002
   2.3333333333333330        3.3333333333333330        7.6925680332893043E-002
   2.3333333333333330        3.6666666666666665        8.8282834948893385E-002
   2.3333333333333330        4.0000000000000000       0.10608024690995348     
   2.3333333333333330        4.3333333333333330       0.12862880196042706     
   2.3333333333333330        4.6666666666666661       0.21828819446993528     
   2.3333333333333330        5.0000000000000000       0.25080098021671904     
   2.3333333333333330        5.3333333333333330       0.25327800215534135     
   2.3333333333333330        5.6666666666666661       0.23591422118976288     
   2.3333333333333330        6.0000000000000000       0.20305915882484726     
   2.3333333333333330        6.3333333333333330       0.17248441986599525     
   2.3333333333333330        6.6666666666666661       0.17475842458886068     
   2.3333333333333330        7.0000000000000000       0.16629905618711921     
   2.3333333333333330        7.3333333333333330       0.18267228615162459     
   2.3333333333333330        7.6666666666666661       0.11117161095435843     
   2.3333333333333330        8.0000000000000000        6.4800495892568991E-002
   2.3333333333333330        8.3333333333333321        3.7095448560770773E-002
   2.3333333333333330        8.6666666666666661        2.4568925910823016E-002
   2.3333333333333330        9.0000000000000000        1.7206599567534082E-002
   2.3333333333333330        9.3333333333333321        1.1030133115079836E-002
   2.3333333333333330        9.6666666666666661        4.6523628515759037E-003
   2.3333333333333330        10.000000000000000        0.0000000000000000     
 
   2.6666666666666665        0.0000000000000000        0.0000000000000000     
   2.6666666666666665       0.33333333333333331        6.0705185411844042E-003
   2.6666666666666665       0.66666666666666663        1.2352670014676407E-002
   2.6666666666666665        1.0000000000000000        1.9616130610562339E-002
   2.6666666666666665        1.3333333333333333        3.2272576849476063E-002
   2.6666666666666665        1.6666666666666665        4.6499598788628499E-002
   2.6666666666666665        2.0000000000000000        6.3759975903739149E-002
   2.6666666666666665        2.3333333333333330        7.6196765655719353E-002
   2.6666666666666665        2.6666666666666665        8.2435895668169792E-002
   2.6666666666666665        3.0000000000000000       0.10295653850858169     
   2.6666666666666665        3.3333333333333330        9.5092766509030105E-002
   2.6666666666666665        3.6666666666666665       0.10717404717720191     
   2.6666666666666665        4.0000000000000000       0.18142041302582426     
   2.6666666666666665        4.3333333333333330       0.18335184146144071     
   2.6666666666666665        4.6666666666666661       0.21937582730391994     
   2.6666666666666665        5.0000000000000000       0.25055762390112607     
   2.6666666666666665        5.3333333333333330       0.26945233254861911     
   2.6666666666666665        5.6666666666666661       0.26380686468903691     
   2.6666666666666665        6.0000000000000000       0.23378553568128441     
   2.6666666666666665        6.3333333333333330       0.25380691720535986     
   2.6666666666666665        6.6666666666666661       0.22221278779716092     
   2.6666666666666665        7.0000000000000000       0.19063864449949369     
   2.6666666666666665        7.3333333333333330       0.18380481926686426     
   2.6666666666666665        7.6666666666666661       0.15876334585592763     
   2.6666666666666665        8.0000000000000000        2.7950630984989053E-002
   2.6666666666666665        8.3333333333333321        2.9097491309830598E-002
   2.6666666666666665        8.6666666666666661        2.3332033375039488E-002
   2.6666666666666665        9.0000000000000000        1.8549806663812025E-002
   2.6666666666666665        9.3333333333333321        1.1524096319296672E-002
   2.6666666666666665        9.6666666666666661        5.5419094017603110E-003
   2.6666666666666665        10.000000000000000        0.0000000000000000     
 
   3.0000000000000000        0.0000000000000000        0.0000000000000000     
   3.0000000000000000       0.33333333333333331        7.6919141142546077E-003
   3.0000000000000000       0.66666666666666663        1.5395477490023070E-002
   3.0000000000000000        1.0000000000000000        2.2154983955785287E-002
   3.0000000000000000        1.3333333333333333        5.4071329553504272E-002
   3.0000000000000000        1.6666666666666665        5.8871843742641254E-002
   3.0000000000000000        2.0000000000000000        7.1826857071075625E-002
   3.0000000000000000        2.3333333333333330        8.5867638052903678E-002
   3.0000000000000000        2.6666666666666665        9.9027703841424425E-002
   3.0000000000000000        3.0000000000000000       0.11244595372194613     
   3.0000000000000000        3.3333333333333330       0.14848779201400861     
   3.0000000000000000        3.6666666666666665       0.13979466190268541     
   3.0000000000000000        4.0000000000000000       0.20396809985554856     
   3.0000000000000000        4.3333333333333330       0.20557174516091772     
   3.0000000000000000        4.6666666666666661       0.22604306175657862     
   3.0000000000000000        5.0000000000000000       0.26205964793819286     
   3.0000000000000000        5.3333333333333330       0.30841149597448786     
   3.0000000000000000        5.6666666666666661       0.31427303132126172     
   3.0000000000000000        6.0000000000000000       0.32538793230535518     
   3.0000000000000000        6.3333333333333330       0.28367883568019242     
   3.0000000000000000        6.6666666666666661       0.26892648212813020     
   3.0000000000000000        7.0000000000000000       0.22715011746298647     
   3.0000000000000000        7.3333333333333330       0.20392830248222335     
   3.0000000000000000        7.6666666666666661       0.18234326845116192     
   3.0000000000000000        8.0000000000000000       0.14917442675525794     
   3.0000000000000000        8.3333333333333321        2.1015921131534540E-002
   3.0000000000000000        8.6666666666666661        2.2093434896098284E-002
   3.0000000000000000        9.0000000000000000        2.2967385882053479E-002
   3.0000000000000000        9.3333333333333321        1.1555250527593547E-002
   3.0000000000000000        9.6666666666666661        6.2584533328035380E-003
   3.0000000000000000        10.000000000000000        0.0000000000000000     
 
   3.3333333333333330        0.0000000000000000        0.0000000000000000     
   3.3333333333333330       0.33333333333333331        9.5695546675571355E-003
   3.3333333333333330       0.66666666666666663        1.9900851175046710E-002
   3.3333333333333330        1.0000000000000000        3.2167651987284579E-002
   3.3333333333333330        1.3333333333333333        5.0619334064183272E-002
   3.3333333333333330        1.6666666666666665        6.4480552691093887E-002
   3.3333333333333330        2.0000000000000000        8.0280453954755318E-002
   3.3333333333333330        2.3333333333333330        9.7899224090509662E-002
   3.3333333333333330        2.6666666666666665       0.11677417586065601     
   3.3333333333333330        3.0000000000000000       0.13666822437778192     
   3.3333333333333330        3.3333333333333330       0.15800866659061324     
   3.3333333333333330        3.6666666666666665       0.16474648004854658     
   3.3333333333333330        4.0000000000000000       0.20917768948240992     
   3.3333333333333330        4.3333333333333330       0.21016375186103961     
   3.3333333333333330        4.6666666666666661       0.21766363823619925     
   3.3333333333333330        5.0000000000000000       0.42216799270062327     
   3.3333333333333330        5.3333333333333330       0.38418948026648492     
   3.3333333333333330        5.6666666666666661       0.36652061050968326     
   3.3333333333333330        6.0000000000000000       0.36233250543801171     
   3.3333333333333330        6.3333333333333330       0.33384790856489555     
   3.3333333333333330        6.6666666666666661       0.29850958127125521     
   3.3333333333333330        7.0000000000000000       0.24991988896000292     
   3.3333333333333330        7.3333333333333330       0.22267209018698225     
   3.3333333333333330        7.6666666666666661       0.18513266544661613     
   3.3333333333333330        8.0000000000000000       0.15117394728738834     
   3.3333333333333330        8.3333333333333321        8.3177888054464758E-002
   3.3333333333333330        8.6666666666666661        4.0876933786677977E-002
   3.3333333333333330        9.0000000000000000        2.9257956916639346E-002
   3.3333333333333330        9.3333333333333321        1.7344526104182634E-002
   3.3333333333333330        9.6666666666666661        8.2142077987706636E-003
   3.3333333333333330        10.000000000000000        0.0000000000000000     
 
   3.6666666666666665        0.0000000000000000        0.0000000000000000     
   3.6666666666666665       0.33333333333333331        1.0989308630601519E-002
   3.6666666666666665       0.66666666666666663        2.3069473055814561E-002
   3.6666666666666665        1.0000000000000000        3.6876261406766732E-002
   3.6666666666666665        1.3333333333333333        5.2962078038838602E-002
   3.6666666666666665        1.6666666666666665        6.9473776245917954E-002
   3.6666666666666665        2.0000000000000000        8.8248575770297627E-002
   3.6666666666666665        2.3333333333333330       0.10990417917364029     
   3.6666666666666665        2.6666666666666665       0.13452157786629601     
   3.6666666666666665        3.0000000000000000       0.16019384108291942     
   3.6666666666666665        3.3333333333333330       0.18259023585398410     
   3.6666666666666665        3.6666666666666665       0.19686127921234831     
   3.6666666666666665        4.0000000000000000       0.20884701335747208     
   3.6666666666666665        4.3333333333333330       0.20917768948240992     
   3.6666666666666665        4.6666666666666661       0.48576377260615022     
   3.6666666666666665        5.0000000000000000       0.45040684156308630     
   3.6666666666666665        5.3333333333333330       0.43192612204662867     
   3.6666666666666665        5.6666666666666661       0.39849817180866254     
   3.6666666666666665        6.0000000000000000       0.38848265748166666     
   3.6666666666666665        6.3333333333333330       0.36390217995008861     
   3.6666666666666665        6.6666666666666661       0.33770026758936716     
   3.6666666666666665        7.0000000000000000       0.27851183516513262     
   3.6666666666666665        7.3333333333333330       0.25131553127480993     
   3.6666666666666665        7.6666666666666661       0.11868894876387599     
   3.6666666666666665        8.0000000000000000       0.12088658947744280     
   3.6666666666666665        8.3333333333333321        8.5328017593280639E-002
   3.6666666666666665        8.6666666666666661        5.3860092953583211E-002
   3.6666666666666665        9.0000000000000000        3.6922195188729218E-002
   3.6666666666666665        9.3333333333333321        2.1029866629652748E-002
   3.6666666666666665        9.6666666666666661        9.5894359275940540E-003
   3.6666666666666665        10.000000000000000        0.0000000000000000     
 
   4.0000000000000000        0.0000000000000000        0.0000000000000000     
   4.0000000000000000       0.33333333333333331        1.1647334595341197E-002
   4.0000000000000000       0.66666666666666663        2.5163132328173483E-002
   4.0000000000000000        1.0000000000000000        4.0248888189253769E-002
   4.0000000000000000        1.3333333333333333        5.6049032673125686E-002
   4.0000000000000000        1.6666666666666665        7.3455395273048896E-002
   4.0000000000000000        2.0000000000000000        9.4515939951758679E-002
   4.0000000000000000        2.3333333333333330       0.11989218980636947     
   4.0000000000000000        2.6666666666666665       0.15175521565287278     
   4.0000000000000000        3.0000000000000000       0.18704946062650579     
   4.0000000000000000        3.3333333333333330       0.21496680323289211     
   4.0000000000000000        3.6666666666666665       0.23088770384938898     
   4.0000000000000000        4.0000000000000000       0.22026370465808875     
   4.0000000000000000        4.3333333333333330       0.51505142542251381     
   4.0000000000000000        4.6666666666666661       0.50776159837621637     
   4.0000000000000000        5.0000000000000000       0.50769748866741204     
   4.0000000000000000        5.3333333333333330       0.48413195130246289     
   4.0000000000000000        5.6666666666666661       0.45370398667287670     
   4.0000000000000000        6.0000000000000000       0.42108750670597123     
   4.0000000000000000        6.3333333333333330       0.38871476515273834     
   4.0000000000000000        6.6666666666666661       0.34514838856140184     
   4.0000000000000000        7.0000000000000000       0.30300196595681278     
   4.0000000000000000        7.3333333333333330       0.20813217466893963     
   4.0000000000000000        7.6666666666666661       0.14377821843582256     
   4.0000000000000000        8.0000000000000000       0.13027572148937094     
   4.0000000000000000        8.3333333333333321        9.3342165822630871E-002
   4.0000000000000000        8.6666666666666661        5.3997358545557511E-002
   4.0000000000000000        9.0000000000000000        4.4743502948648727E-002
   4.0000000000000000        9.3333333333333321        1.6937802462997708E-002
   4.0000000000000000        9.6666666666666661        9.4790292214399219E-003
   4.0000000000000000        10.000000000000000        0.0000000000000000     
 
   4.3333333333333330        0.0000000000000000        0.0000000000000000     
   4.3333333333333330       0.33333333333333331        1.0775031339856024E-002
   4.3333333333333330       0.66666666666666663        2.6375553978174687E-002
   4.3333333333333330        1.0000000000000000        4.3904418450917269E-002
   4.3333333333333330        1.3333333333333333        5.8713573033079849E-002
   4.3333333333333330        1.6666666666666665        7.4998242459103220E-002
   4.3333333333333330        2.0000000000000000        9.7526612534859808E-002
   4.3333333333333330        2.3333333333333330       0.12408300207214940     
   4.3333333333333330        2.6666666666666665       0.16556417866905646     
   4.3333333333333330        3.0000000000000000       0.22040407211112192     
   4.3333333333333330        3.3333333333333330       0.25774645121636180     
   4.3333333333333330        3.6666666666666665       0.28962385297404530     
   4.3333333333333330        4.0000000000000000       0.49189301342175684     
   4.3333333333333330        4.3333333333333330       0.50704035009172110     
   4.3333333333333330        4.6666666666666661       0.52445139950571040     
   4.3333333333333330        5.0000000000000000       0.51599793162948571     
   4.3333333333333330        5.3333333333333330       0.49899885181243753     
   4.3333333333333330        5.6666666666666661       0.47427168092767669     
   4.3333333333333330        6.0000000000000000       0.44333131418098076     
   4.3333333333333330        6.3333333333333330       0.41639435590209251     
   4.3333333333333330        6.6666666666666661       0.32967529646797111     
   4.3333333333333330        7.0000000000000000       0.28126361470319428     
   4.3333333333333330        7.3333333333333330       0.20759854627459653     
   4.3333333333333330        7.6666666666666661       0.15857922130218136     
   4.3333333333333330        8.0000000000000000       0.12777052783900986     
   4.3333333333333330        8.3333333333333321        9.5114889031269259E-002
   4.3333333333333330        8.6666666666666661        6.4707225454933209E-002
   4.3333333333333330        9.0000000000000000        4.4637324357369744E-002
   4.3333333333333330        9.3333333333333321        2.4965122788573227E-002
   4.3333333333333330        9.6666666666666661        1.1724192703200416E-002
   4.3333333333333330        10.000000000000000        0.0000000000000000     
 
   4.6666666666666661        0.0000000000000000        0.0000000000000000     
   4.6666666666666661       0.33333333333333331        5.3874020063978808E-003
   4.6666666666666661       0.66666666666666663        4.9939255962964182E-002
   4.6666666666666661        1.0000000000000000        5.1373422521091693E-002
   4.6666666666666661        1.3333333333333333        6.1151316351266048E-002
   4.6666666666666661        1.6666666666666665        7.1542753763166267E-002
   4.6666666666666661        2.0000000000000000       0.10667277781523317     
   4.6666666666666661        2.3333333333333330       0.11396029035005222     
   4.6666666666666661        2.6666666666666665       0.27277878964890168     
   4.6666666666666661        3.0000000000000000       0.26917915975509360     
   4.6666666666666661        3.3333333333333330       0.30258919019132258     
   4.6666666666666661        3.6666666666666665       0.37558494805019438     
   4.6666666666666661        4.0000000000000000       0.46240165855255572     
   4.6666666666666661        4.3333333333333330       0.49910866627345363     
   4.6666666666666661        4.6666666666666661       0.51659671074978841     
   4.6666666666666661        5.0000000000000000       0.51704795887651289     
   4.6666666666666661        5.3333333333333330       0.50682824985924746     
   4.6666666666666661        5.6666666666666661       0.48773686818271145     
   4.6666666666666661        6.0000000000000000       0.45007116308761802     
   4.6666666666666661        6.3333333333333330       0.40716472386299107     
   4.6666666666666661        6.6666666666666661       0.37233766905962795     
   4.6666666666666661        7.0000000000000000       0.18120934004940845     
   4.6666666666666661        7.3333333333333330       0.18169366277325011     
   4.6666666666666661        7.6666666666666661       0.15591302796165488     
   4.6666666666666661        8.0000000000000000       0.12846757012684870     
   4.6666666666666661        8.3333333333333321        9.6208245035278833E-002
   4.6666666666666661        8.6666666666666661        6.6536931678656708E-002
   4.6666666666666661        9.0000000000000000        4.5345129701402573E-002
   4.6666666666666661        9.3333333333333321        2.7320698030308066E-002
   4.6666666666666661        9.6666666666666661        1.2836208189796002E-002
   4.6666666666666661        10.000000000000000        0.0000000000000000     
 
   5.0000000000000000        0.0000000000000000        0.0000000000000000     
   5.0000000000000000       0.33333333333333331        5.5508103189893529E-003
   5.0000000000000000       0.66666666666666663        4.2561068591843353E-002
   5.0000000000000000        1.0000000000000000        5.1822499210762832E-002
   5.0000000000000000        1.3333333333333333        6.4335952392578125E-002
   5.0000000000000000        1.6666666666666665        7.9851248081305864E-002
   5.0000000000000000        2.0000000000000000       0.10063443250037647     
   5.0000000000000000        2.3333333333333330       0.11217413298312252     
   5.0000000000000000        2.6666666666666665       0.28080555222007331     
   5.0000000000000000        3.0000000000000000       0.27731706469586143     
   5.0000000000000000        3.3333333333333330       0.45102488515123962     
   5.0000000000000000        3.6666666666666665       0.43911362499609030     
   5.0000000000000000        4.0000000000000000       0.47019479045830920     
   5.0000000000000000        4.3333333333333330       0.49568108448418335     
   5.0000000000000000        4.6666666666666661       0.51000935843669581     
   5.0000000000000000        5.0000000000000000       0.51293404138244503     
   5.0000000000000000        5.3333333333333330       0.50826867012978472     
   5.0000000000000000        5.6666666666666661       0.50561427883306043     
   5.0000000000000000        6.0000000000000000       0.38277720532193665     
   5.0000000000000000        6.3333333333333330       0.38024258910398867     
   5.0000000000000000        6.6666666666666661       0.29289825024190591     
   5.0000000000000000        7.0000000000000000       0.20516185285408667     
   5.0000000000000000        7.3333333333333330       0.18229022996514288     
   5.0000000000000000        7.6666666666666661       0.15573567086170489     
   5.0000000000000000        8.0000000000000000       0.13525337974147630     
   5.0000000000000000        8.3333333333333321        7.1861378103669535E-002
   5.0000000000000000        8.6666666666666661        6.1336399691237858E-002
   5.0000000000000000        9.0000000000000000        4.4083170710942102E-002
   5.0000000000000000        9.3333333333333321        2.6949742504177109E-002
   5.0000000000000000        9.6666666666666661        1.2710404368209851E-002
   5.0000000000000000        10.000000000000000        0.0000000000000000     
 
   5.3333333333333330        0.0000000000000000        0.0000000000000000     
   5.3333333333333330       0.33333333333333331        1.1433885759487672E-002
   5.3333333333333330       0.66666666666666663        3.4460872521810154E-002
   5.3333333333333330        1.0000000000000000        5.0317935777886506E-002
   5.3333333333333330        1.3333333333333333        6.5893922699444815E-002
   5.3333333333333330        1.6666666666666665        8.4269898015026906E-002
   5.3333333333333330        2.0000000000000000       0.10511754219360107     
   5.3333333333333330        2.3333333333333330       0.12304997151823562     
   5.3333333333333330        2.6666666666666665       0.25131029827203855     
   5.3333333333333330        3.0000000000000000       0.27838456537130873     
   5.3333333333333330        3.3333333333333330       0.43121740733358099     
   5.3333333333333330        3.6666666666666665       0.44830818954234697     
   5.3333333333333330        4.0000000000000000       0.47063622817579676     
   5.3333333333333330        4.3333333333333330       0.48906184698692273     
   5.3333333333333330        4.6666666666666661       0.49958517153995979     
   5.3333333333333330        5.0000000000000000       0.50090284730835499     
   5.3333333333333330        5.3333333333333330       0.49238240327510729     
   5.3333333333333330        5.6666666666666661       0.39770760542167355     
   5.3333333333333330        6.0000000000000000       0.37702984244538368     
   5.3333333333333330        6.3333333333333330       0.34257344637587783     
   5.3333333333333330        6.6666666666666661       0.28895797393984535     
   5.3333333333333330        7.0000000000000000       0.22744580179962134     
   5.3333333333333330        7.3333333333333330       0.18671287049564586     
   5.3333333333333330        7.6666666666666661       0.15029959848381025     
   5.3333333333333330        8.0000000000000000       0.12276069592654699     
   5.3333333333333330        8.3333333333333321        8.4026679911889141E-002
   5.3333333333333330        8.6666666666666661        6.4364797681423003E-002
   5.3333333333333330        9.0000000000000000        4.3911443051667727E-002
   5.3333333333333330        9.3333333333333321        2.4504708481540838E-002
   5.3333333333333330        9.6666666666666661        1.1468942582646637E-002
   5.3333333333333330        10.000000000000000        0.0000000000000000     
 
   5.6666666666666661        0.0000000000000000        0.0000000000000000     
   5.6666666666666661       0.33333333333333331        6.0542593932344417E-003
   5.6666666666666661       0.66666666666666663        1.4722007014373017E-002
   5.6666666666666661        1.0000000000000000        4.5788253460702748E-002
   5.6666666666666661        1.3333333333333333        6.5987752076642675E-002
   5.6666666666666661        1.6666666666666665        8.7556776098903027E-002
   5.6666666666666661        2.0000000000000000       0.11371178126325289     
   5.6666666666666661        2.3333333333333330       0.15272771975779975     
   5.6666666666666661        2.6666666666666665       0.22154378177837558     
   5.6666666666666661        3.0000000000000000       0.30283911134495090     
   5.6666666666666661        3.3333333333333330       0.40375647345284366     
   5.6666666666666661        3.6666666666666665       0.44090075285735730     
   5.6666666666666661        4.0000000000000000       0.46238079211665650     
   5.6666666666666661        4.3333333333333330       0.47665475509641253     
   5.6666666666666661        4.6666666666666661       0.48394595563237791     
   5.6666666666666661        5.0000000000000000       0.48403553256100584     
   5.6666666666666661        5.3333333333333330       0.45366779365576315     
   5.6666666666666661        5.6666666666666661       0.40929432256756165     
   5.6666666666666661        6.0000000000000000       0.32034078348535422     
   5.6666666666666661        6.3333333333333330       0.31764561192206220     
   5.6666666666666661        6.6666666666666661       0.23305688130713476     
   5.6666666666666661        7.0000000000000000       0.18189360358897289     
   5.6666666666666661        7.3333333333333330       0.14017490493169010     
   5.6666666666666661        7.6666666666666661       0.13684642315835396     
   5.6666666666666661        8.0000000000000000        8.5028290026697637E-002
   5.6666666666666661        8.3333333333333321        7.8742003808838279E-002
   5.6666666666666661        8.6666666666666661        6.9749083511249171E-002
   5.6666666666666661        9.0000000000000000        1.5804603865275626E-002
   5.6666666666666661        9.3333333333333321        1.6467104251685665E-002
   5.6666666666666661        9.6666666666666661        9.0522129952914487E-003
   5.6666666666666661        10.000000000000000        0.0000000000000000     
 
   6.0000000000000000        0.0000000000000000        0.0000000000000000     
   6.0000000000000000       0.33333333333333331        6.9257935207791381E-003
   6.0000000000000000       0.66666666666666663        1.5274656171663813E-002
   6.0000000000000000        1.0000000000000000        2.6654351196757124E-002
   6.0000000000000000        1.3333333333333333        0.0000000000000000     
   6.0000000000000000        1.6666666666666665       0.10863447386593196     
   6.0000000000000000        2.0000000000000000       0.11057467178962671     
   6.0000000000000000        2.3333333333333330       0.15649240339105516     
   6.0000000000000000        2.6666666666666665       0.17751326583908886     
   6.0000000000000000        3.0000000000000000       0.44116434317412884     
   6.0000000000000000        3.3333333333333330       0.43107906354008330     
   6.0000000000000000        3.6666666666666665       0.43849658937750630     
   6.0000000000000000        4.0000000000000000       0.44954227537917407     
   6.0000000000000000        4.3333333333333330       0.45856287788574868     
   6.0000000000000000        4.6666666666666661       0.46224827742574942     
   6.0000000000000000        5.0000000000000000       0.42022549330859704     
   6.0000000000000000        5.3333333333333330       0.41688168912247225     
   6.0000000000000000        5.6666666666666661       0.36674761945133594     
   6.0000000000000000        6.0000000000000000       0.31766216876540804     
   6.0000000000000000        6.3333333333333330       0.28473709294453320     
   6.0000000000000000        6.6666666666666661       0.23130008232529672     
   6.0000000000000000        7.0000000000000000       0.18190302510569742     
   6.0000000000000000        7.3333333333333330       0.14466044475225676     
   6.0000000000000000        7.6666666666666661       0.12126984331496667     
   6.0000000000000000        8.0000000000000000        9.3186300526366700E-002
   6.0000000000000000        8.3333333333333321        7.7979035871064958E-002
   6.0000000000000000        8.6666666666666661        6.7914287068312693E-002
   6.0000000000000000        9.0000000000000000        2.4701054350945512E-002
   6.0000000000000000        9.3333333333333321        1.7132101589095942E-002
   6.0000000000000000        9.6666666666666661        8.6196479961674830E-003
   6.0000000000000000        10.000000000000000        0.0000000000000000     
 
   6.3333333333333330        0.0000000000000000        0.0000000000000000     
   6.3333333333333330       0.33333333333333331        6.6209582768747876E-003
   6.3333333333333330       0.66666666666666663        1.3316753573723214E-002
   6.3333333333333330        1.0000000000000000        1.9662759688389032E-002
   6.3333333333333330        1.3333333333333333        5.9169865743380901E-002
   6.3333333333333330        1.6666666666666665        9.6153302777953906E-002
   6.3333333333333330        2.0000000000000000       0.11110808189644168     
   6.3333333333333330        2.3333333333333330       0.13641984178438749     
   6.3333333333333330        2.6666666666666665       0.15466339174704630     
   6.3333333333333330        3.0000000000000000       0.17394105643816768     
   6.3333333333333330        3.3333333333333330       0.43142452354391603     
   6.3333333333333330        3.6666666666666665       0.42236150601081146     
   6.3333333333333330        4.0000000000000000       0.42800391861354048     
   6.3333333333333330        4.3333333333333330       0.43447811346635123     
   6.3333333333333330        4.6666666666666661       0.43255968531832634     
   6.3333333333333330        5.0000000000000000       0.41375018719375417     
   6.3333333333333330        5.3333333333333330       0.31350804370263624     
   6.3333333333333330        5.6666666666666661       0.31549504874296713     
   6.3333333333333330        6.0000000000000000       0.29347244351350915     
   6.3333333333333330        6.3333333333333330       0.26838308461169896     
   6.3333333333333330        6.6666666666666661       0.22364098362414178     
   6.3333333333333330        7.0000000000000000       0.16958950770512948     
   6.3333333333333330        7.3333333333333330       0.13619357791701542     
   6.3333333333333330        7.6666666666666661       0.11177499084382270     
   6.3333333333333330        8.0000000000000000        9.0221049021392885E-002
   6.3333333333333330        8.3333333333333321        7.3899003027506599E-002
   6.3333333333333330        8.6666666666666661        5.7802738536029526E-002
   6.3333333333333330        9.0000000000000000        3.3211629916276131E-002
   6.3333333333333330        9.3333333333333321        1.9414917365338163E-002
   6.3333333333333330        9.6666666666666661        8.6434713321675207E-003
   6.3333333333333330        10.000000000000000        0.0000000000000000     
 
   6.6666666666666661        0.0000000000000000        0.0000000000000000     
   6.6666666666666661       0.33333333333333331        6.4956821585005478E-003
   6.6666666666666661       0.66666666666666663        1.2194672119292718E-002
   6.6666666666666661        1.0000000000000000        4.7947914576693069E-002
   6.6666666666666661        1.3333333333333333        6.1320646595941934E-002
   6.6666666666666661        1.6666666666666665        8.3336830590315908E-002
   6.6666666666666661        2.0000000000000000       0.10320679746718434     
   6.6666666666666661        2.3333333333333330       0.12493698034703410     
   6.6666666666666661        2.6666666666666665       0.15118358985859315     
   6.6666666666666661        3.0000000000000000       0.17542085284493789     
   6.6666666666666661        3.3333333333333330       0.32228075002646311     
   6.6666666666666661        3.6666666666666665       0.38262919686172314     
   6.6666666666666661        4.0000000000000000       0.39633618260214876     
   6.6666666666666661        4.3333333333333330       0.40899761814728874     
   6.6666666666666661        4.6666666666666661       0.40982834849302335     
   6.6666666666666661        5.0000000000000000       0.37923566537196129     
   6.6666666666666661        5.3333333333333330       0.30651726917714511     
   6.6666666666666661        5.6666666666666661       0.28302840024598824     
   6.6666666666666661        6.0000000000000000       0.26805608920850726     
   6.6666666666666661        6.3333333333333330       0.16477454483945383     
   6.6666666666666661        6.6666666666666661       0.13620074895349332     
   6.6666666666666661        7.0000000000000000       0.13674370118263698     
   6.6666666666666661        7.3333333333333330       0.11978122758875477     
   6.6666666666666661        7.6666666666666661       0.10091960861544606     
   6.6666666666666661        8.0000000000000000        8.3773082660683104E-002
   6.6666666666666661        8.3333333333333321        7.1376898327524821E-002
   6.6666666666666661        8.6666666666666661        3.5269226925981459E-002
   6.6666666666666661        9.0000000000000000        3.2081864583943187E-002
   6.6666666666666661        9.3333333333333321        1.2355610442098942E-002
   6.6666666666666661        9.6666666666666661        6.8952906443012904E-003
   6.6666666666666661        10.000000000000000        0.0000000000000000     
 
   7.0000000000000000        0.0000000000000000        0.0000000000000000     
   7.0000000000000000       0.33333333333333331        7.4375822957456050E-003
   7.0000000000000000       0.66666666666666663        1.7266596015277517E-002
   7.0000000000000000        1.0000000000000000        3.6318151848495531E-002
   7.0000000000000000        1.3333333333333333        5.6852619997352201E-002
   7.0000000000000000        1.6666666666666665        7.4831174869330414E-002
   7.0000000000000000        2.0000000000000000        9.5539368672252364E-002
   7.0000000000000000        2.3333333333333330       0.11080443806051593     
   7.0000000000000000        2.6666666666666665       0.17629625249150183     
   7.0000000000000000        3.0000000000000000       0.20230374412290902     
   7.0000000000000000        3.3333333333333330       0.25769933556825297     
   7.0000000000000000        3.6666666666666665       0.32187348326331472     
   7.0000000000000000        4.0000000000000000       0.35817490924269130     
   7.0000000000000000        4.3333333333333330       0.38706130060098337     
   7.0000000000000000        4.6666666666666661       0.15250435788029126     
   7.0000000000000000        5.0000000000000000       0.22170182530756616     
   7.0000000000000000        5.3333333333333330       0.24559519020240497     
   7.0000000000000000        5.6666666666666661       0.23821599319281442     
   7.0000000000000000        6.0000000000000000       0.22442000850918314     
   7.0000000000000000        6.3333333333333330       0.16536112407544495     
   7.0000000000000000        6.6666666666666661       0.13693086772950433     
   7.0000000000000000        7.0000000000000000       0.12252743476247994     
   7.0000000000000000        7.3333333333333330       0.10668782251510726     
   7.0000000000000000        7.6666666666666661        9.0013892406536192E-002
   7.0000000000000000        8.0000000000000000        7.4361809501315490E-002
   7.0000000000000000        8.3333333333333321        5.8251438885115768E-002
   7.0000000000000000        8.6666666666666661        3.9818119619552596E-002
   7.0000000000000000        9.0000000000000000        2.9007900795663590E-002
   7.0000000000000000        9.3333333333333321        1.8385391756340453E-002
   7.0000000000000000        9.6666666666666661        2.5790909225293156E-003
   7.0000000000000000        10.000000000000000        0.0000000000000000     
 
   7.3333333333333330        0.0000000000000000        0.0000000000000000     
   7.3333333333333330       0.33333333333333331        6.3067819043077979E-003
   7.3333333333333330       0.66666666666666663        1.3818572157842749E-002
   7.3333333333333330        1.0000000000000000        2.4565423735830212E-002
   7.3333333333333330        1.3333333333333333        5.9912584407032426E-002
   7.3333333333333330        1.6666666666666665        6.5829733709617200E-002
   7.3333333333333330        2.0000000000000000        9.7167929646501033E-002
   7.3333333333333330        2.3333333333333330       0.11409383555313647     
   7.3333333333333330        2.6666666666666665       0.15128768153325939     
   7.3333333333333330        3.0000000000000000       0.20006209948917189     
   7.3333333333333330        3.3333333333333330       0.24687065760189655     
   7.3333333333333330        3.6666666666666665       0.28168942674782549     
   7.3333333333333330        4.0000000000000000       0.32187348326331472     
   7.3333333333333330        4.3333333333333330       0.15250435788029126     
   7.3333333333333330        4.6666666666666661       0.15371064143550031     
   7.3333333333333330        5.0000000000000000       0.19649700770110520     
   7.3333333333333330        5.3333333333333330       0.21364309343789817     
   7.3333333333333330        5.6666666666666661       0.19769854464685582     
   7.3333333333333330        6.0000000000000000       0.12896357573761302     
   7.3333333333333330        6.3333333333333330       0.13572377040491040     
   7.3333333333333330        6.6666666666666661       0.12486367042949391     
   7.3333333333333330        7.0000000000000000       0.11124482872974618     
   7.3333333333333330        7.3333333333333330        9.6105351639931155E-002
   7.3333333333333330        7.6666666666666661        7.9860862943482089E-002
   7.3333333333333330        8.0000000000000000        6.7191563386124836E-002
   7.3333333333333330        8.3333333333333321        4.9113579331051989E-002
   7.3333333333333330        8.6666666666666661        3.8150482242040352E-002
   7.3333333333333330        9.0000000000000000        2.6892491684177539E-002
   7.3333333333333330        9.3333333333333321        1.4593915409919998E-002
   7.3333333333333330        9.6666666666666661        5.2876792758566717E-003
   7.3333333333333330        10.000000000000000        0.0000000000000000     
 
   7.6666666666666661        0.0000000000000000        0.0000000000000000     
   7.6666666666666661       0.33333333333333331        4.2573660867455849E-003
   7.6666666666666661       0.66666666666666663        7.7360521843916879E-003
   7.6666666666666661        1.0000000000000000        5.3927724305640648E-002
   7.6666666666666661        1.3333333333333333        5.6566525518338379E-002
   7.6666666666666661        1.6666666666666665        6.5229840468225747E-002
   7.6666666666666661        2.0000000000000000        8.2672862762012508E-002
   7.6666666666666661        2.3333333333333330        9.9285339077860454E-002
   7.6666666666666661        2.6666666666666665       0.11617333745174137     
   7.6666666666666661        3.0000000000000000       0.10842447875321833     
   7.6666666666666661        3.3333333333333330       0.18526063632501671     
   7.6666666666666661        3.6666666666666665       0.23379626829300329     
   7.6666666666666661        4.0000000000000000        5.3649279190914181E-002
   7.6666666666666661        4.3333333333333330        9.6920379350795588E-002
   7.6666666666666661        4.6666666666666661       0.11433346337258132     
   7.6666666666666661        5.0000000000000000        8.6164068766354726E-002
   7.6666666666666661        5.3333333333333330       0.13950749965861839     
   7.6666666666666661        5.6666666666666661       0.14044260368741843     
   7.6666666666666661        6.0000000000000000       0.12359829228015089     
   7.6666666666666661        6.3333333333333330       0.12497175674485321     
   7.6666666666666661        6.6666666666666661       0.11711021024268166     
   7.6666666666666661        7.0000000000000000       0.10325524233462935     
   7.6666666666666661        7.3333333333333330        8.8464034786525619E-002
   7.6666666666666661        7.6666666666666661        6.7943720850773270E-002
   7.6666666666666661        8.0000000000000000        3.0992493300880167E-002
   7.6666666666666661        8.3333333333333321        3.4420964999104638E-002
   7.6666666666666661        8.6666666666666661        1.5343432299280280E-002
   7.6666666666666661        9.0000000000000000        8.7976958671080654E-003
   7.6666666666666661        9.3333333333333321        8.4617170040094461E-003
   7.6666666666666661        9.6666666666666661        4.2322797527487464E-003
   7.6666666666666661        10.000000000000000        0.0000000000000000     
 
   8.0000000000000000        0.0000000000000000        0.0000000000000000     
   8.0000000000000000       0.33333333333333331        3.2002677977254388E-003
   8.0000000000000000       0.66666666666666663        5.5114153958551147E-003
   8.0000000000000000        1.0000000000000000        4.7307234320524853E-002
   8.0000000000000000        1.3333333333333333        4.9744828290316227E-002
   8.0000000000000000        1.6666666666666665        5.8373323598177956E-002
   8.0000000000000000        2.0000000000000000        7.1516264443760497E-002
   8.0000000000000000        2.3333333333333330        8.6612837950749269E-002
   8.0000000000000000        2.6666666666666665       0.10016563031485040     
   8.0000000000000000        3.0000000000000000       0.11121643485989390     
   8.0000000000000000        3.3333333333333330       0.13754445568392681     
   8.0000000000000000        3.6666666666666665        5.3649279190914181E-002
   8.0000000000000000        4.0000000000000000        5.5737687627145538E-002
   8.0000000000000000        4.3333333333333330        8.1568203231139808E-002
   8.0000000000000000        4.6666666666666661        9.4189298323495235E-002
   8.0000000000000000        5.0000000000000000        8.8895149793655065E-002
   8.0000000000000000        5.3333333333333330        8.6728159248163114E-002
   8.0000000000000000        5.6666666666666661       0.10172467283440170     
   8.0000000000000000        6.0000000000000000       0.10134909503549480     
   8.0000000000000000        6.3333333333333330        0.0000000000000000     
   8.0000000000000000        6.6666666666666661        9.5592182935785419E-002
   8.0000000000000000        7.0000000000000000        9.8214809780003604E-002
   8.0000000000000000        7.3333333333333330        2.8838995302559539E-002
   8.0000000000000000        7.6666666666666661        3.7228648486034251E-002
   8.0000000000000000        8.0000000000000000        2.8872619324811877E-002
   8.0000000000000000        8.3333333333333321        2.4501823538444659E-002
   8.0000000000000000        8.6666666666666661        1.6212254901212631E-002
   8.0000000000000000        9.0000000000000000        9.6425858842485498E-003
   8.0000000000000000        9.3333333333333321        6.6712568529687438E-003
   8.0000000000000000        9.6666666666666661        3.4075671877414723E-003
   8.0000000000000000        10.000000000000000        0.0000000000000000     
 
   8.3333333333333321        0.0000000000000000        0.0000000000000000     
   8.3333333333333321       0.33333333333333331        3.2135408999697627E-003
   8.3333333333333321       0.66666666666666663        5.9070452103199547E-003
   8.3333333333333321        1.0000000000000000        2.8933203540498872E-002
   8.3333333333333321        1.3333333333333333        3.9096096716379945E-002
   8.3333333333333321        1.6666666666666665        4.9433482254558077E-002
   8.3333333333333321        2.0000000000000000        6.0916219617673788E-002
   8.3333333333333321        2.3333333333333330        7.8048127507201207E-002
   8.3333333333333321        2.6666666666666665        8.9221700520719288E-002
   8.3333333333333321        3.0000000000000000       0.10130335164251675     
   8.3333333333333321        3.3333333333333330       0.11818819754153015     
   8.3333333333333321        3.6666666666666665        3.4448468483107182E-002
   8.3333333333333321        4.0000000000000000        3.6084480725193574E-002
   8.3333333333333321        4.3333333333333330        1.3956424435237978E-002
   8.3333333333333321        4.6666666666666661        1.2068057375340540E-002
   8.3333333333333321        5.0000000000000000        7.1530992487615741E-002
   8.3333333333333321        5.3333333333333330        7.3339280319394531E-002
   8.3333333333333321        5.6666666666666661        7.9776915473729074E-002
   8.3333333333333321        6.0000000000000000        8.0209663990890884E-002
   8.3333333333333321        6.3333333333333330        3.7789706465366349E-002
   8.3333333333333321        6.6666666666666661        0.0000000000000000     
   8.3333333333333321        7.0000000000000000        1.8341550083893127E-002
   8.3333333333333321        7.3333333333333330        2.1636581775619099E-002
   8.3333333333333321        7.6666666666666661        2.4575371036205090E-002
   8.3333333333333321        8.0000000000000000        2.3985702881997219E-002
   8.3333333333333321        8.3333333333333321        1.9605167531384519E-002
   8.3333333333333321        8.6666666666666661        7.6111397625517954E-003
   8.3333333333333321        9.0000000000000000        7.4483775842488359E-003
   8.3333333333333321        9.3333333333333321        5.5655210201989366E-003
   8.3333333333333321        9.6666666666666661        2.9291368853706966E-003
   8.3333333333333321        10.000000000000000        0.0000000000000000     
 
   8.6666666666666661        0.0000000000000000        0.0000000000000000     
   8.6666666666666661       0.33333333333333331        3.9443914635566143E-003
   8.6666666666666661       0.66666666666666663        9.3548762999181596E-003
   8.6666666666666661        1.0000000000000000        2.0342903895691971E-002
   8.6666666666666661        1.3333333333333333        3.0228021396736960E-002
   8.6666666666666661        1.6666666666666665        4.1571444975270544E-002
   8.6666666666666661        2.0000000000000000        4.7070556593805275E-002
   8.6666666666666661        2.3333333333333330        6.4477825762989396E-002
   8.6666666666666661        2.6666666666666665        8.0070020373062684E-002
   8.6666666666666661        3.0000000000000000        8.9277371660093238E-002
   8.6666666666666661        3.3333333333333330        0.0000000000000000     
   8.6666666666666661        3.6666666666666665        1.4393595920987177E-002
   8.6666666666666661        4.0000000000000000        1.9659659648894233E-002
   8.6666666666666661        4.3333333333333330        1.4948138704711855E-002
   8.6666666666666661        4.6666666666666661        1.3022599095114084E-002
   8.6666666666666661        5.0000000000000000        5.5341952987547398E-002
   8.6666666666666661        5.3333333333333330        5.6989054829095179E-002
   8.6666666666666661        5.6666666666666661        6.5419500802923095E-002
   8.6666666666666661        6.0000000000000000        6.1065500517234160E-002
   8.6666666666666661        6.3333333333333330        3.9043540610662897E-002
   8.6666666666666661        6.6666666666666661        1.4656283003897042E-002
   8.6666666666666661        7.0000000000000000        1.5985595463037221E-002
   8.6666666666666661        7.3333333333333330        1.5801226321672267E-002
   8.6666666666666661        7.6666666666666661        1.6521952600601738E-002
   8.6666666666666661        8.0000000000000000        9.4526204308825312E-003
   8.6666666666666661        8.3333333333333321        1.1289223465631576E-002
   8.6666666666666661        8.6666666666666661        8.2793617248842367E-003
   8.6666666666666661        9.0000000000000000        2.8625771972495173E-003
   8.6666666666666661        9.3333333333333321        1.7345750409839128E-003
   8.6666666666666661        9.6666666666666661        0.0000000000000000     
   8.6666666666666661        10.000000000000000        0.0000000000000000     
 
   9.0000000000000000        0.0000000000000000        0.0000000000000000     
   9.0000000000000000       0.33333333333333331        3.4556346944111106E-003
   9.0000000000000000       0.66666666666666663        7.7875594645805003E-003
   9.0000000000000000        1.0000000000000000        1.4004353409425158E-002
   9.0000000000000000        1.3333333333333333        2.1500893556644682E-002
   9.0000000000000000        1.6666666666666665        2.6066185708069563E-002
   9.0000000000000000        2.0000000000000000        4.0886450130997849E-002
   9.0000000000000000        2.3333333333333330        5.1506955801089334E-002
   9.0000000000000000        2.6666666666666665        1.0584597864761684E-003
   9.0000000000000000        3.0000000000000000        1.7833981729645470E-003
   9.0000000000000000        3.3333333333333330        6.6921910072898459E-003
   9.0000000000000000        3.6666666666666665        1.0000241701778262E-002
   9.0000000000000000        4.0000000000000000        1.4305636133485150E-002
   9.0000000000000000        4.3333333333333330        1.4153554014205054E-002
   9.0000000000000000        4.6666666666666661        1.1504374326100507E-003
   9.0000000000000000        5.0000000000000000        3.4181702110431179E-002
   9.0000000000000000        5.3333333333333330        3.5389675615076714E-002
   9.0000000000000000        5.6666666666666661        1.2181132819173312E-002
   9.0000000000000000        6.0000000000000000        1.4673661889928077E-002
   9.0000000000000000        6.3333333333333330        1.9454700815049478E-002
   9.0000000000000000        6.6666666666666661        1.4080376949785495E-002
   9.0000000000000000        7.0000000000000000        7.9603335313520682E-003
   9.0000000000000000        7.3333333333333330        9.8739925879836789E-003
   9.0000000000000000        7.6666666666666661        1.0013218239611427E-002
   9.0000000000000000        8.0000000000000000        8.2010811788793860E-003
   9.0000000000000000        8.3333333333333321        8.4757192424256972E-003
   9.0000000000000000        8.6666666666666661        6.4708312230013932E-003
   9.0000000000000000        9.0000000000000000        3.0907276491564739E-003
   9.0000000000000000        9.3333333333333321        1.8850243862081322E-003
   9.0000000000000000        9.6666666666666661        1.5508321822283445E-004
   9.0000000000000000        10.000000000000000        0.0000000000000000     
 
   9.3333333333333321        0.0000000000000000        0.0000000000000000     
   9.3333333333333321       0.33333333333333331        2.3124225066462807E-003
   9.3333333333333321       0.66666666666666663        4.8199795868519388E-003
   9.3333333333333321        1.0000000000000000        7.2200554170551061E-003
   9.3333333333333321        1.3333333333333333        8.0092632330969783E-003
   9.3333333333333321        1.6666666666666665        1.2615335957532581E-002
   9.3333333333333321        2.0000000000000000        1.5877787837771248E-003
   9.3333333333333321        2.3333333333333330        9.5506441607614602E-004
   9.3333333333333321        2.6666666666666665        1.1512112365970157E-003
   9.3333333333333321        3.0000000000000000        1.9307952371925815E-003
   9.3333333333333321        3.3333333333333330        3.8448593674196550E-003
   9.3333333333333321        3.6666666666666665        5.2575154755973141E-003
   9.3333333333333321        4.0000000000000000        0.0000000000000000     
   9.3333333333333321        4.3333333333333330        9.4178956369780301E-004
   9.3333333333333321        4.6666666666666661        1.2152995595659422E-003
   9.3333333333333321        5.0000000000000000        1.0169142696761418E-002
   9.3333333333333321        5.3333333333333330        1.6135418496526555E-002
   9.3333333333333321        5.6666666666666661        1.2755639767833948E-002
   9.3333333333333321        6.0000000000000000        1.0502592792515900E-002
   9.3333333333333321        6.3333333333333330        1.0754328461407055E-002
   9.3333333333333321        6.6666666666666661        8.7742710575269348E-003
   9.3333333333333321        7.0000000000000000        6.5096404429733634E-003
   9.3333333333333321        7.3333333333333330        6.2760230953689041E-003
   9.3333333333333321        7.6666666666666661        6.0206135851286202E-003
   9.3333333333333321        8.0000000000000000        5.3700301194121551E-003
   9.3333333333333321        8.3333333333333321        8.3571757199822887E-004
   9.3333333333333321        8.6666666666666661        9.4724287491163126E-004
   9.3333333333333321        9.0000000000000000        1.3751609949373344E-003
   9.3333333333333321        9.3333333333333321        9.8319594835001621E-004
   9.3333333333333321        9.6666666666666661        3.2380448290616137E-004
   9.3333333333333321        10.000000000000000        0.0000000000000000     
 
   9.6666666666666661        0.0000000000000000        0.0000000000000000     
   9.6666666666666661       0.33333333333333331        1.1270438144388283E-003
   9.6666666666666661       0.66666666666666663        2.2718758390378249E-003
   9.6666666666666661        1.0000000000000000        3.2911605377191331E-003
   9.6666666666666661        1.3333333333333333        3.8854348968183935E-003
   9.6666666666666661        1.6666666666666665        4.4830892855716150E-003
   9.6666666666666661        2.0000000000000000        1.6992647152066914E-003
   9.6666666666666661        2.3333333333333330        8.3688725183439104E-004
   9.6666666666666661        2.6666666666666665        7.5541301122637001E-004
   9.6666666666666661        3.0000000000000000        1.0938756504541461E-003
   9.6666666666666661        3.3333333333333330        1.7743265676152054E-003
   9.6666666666666661        3.6666666666666665        2.2893352682077216E-003
   9.6666666666666661        4.0000000000000000        3.5015494775641998E-004
   9.6666666666666661        4.3333333333333330        7.1832389724313318E-004
   9.6666666666666661        4.6666666666666661        1.6167704292265870E-003
   9.6666666666666661        5.0000000000000000        4.6057872662413945E-003
   9.6666666666666661        5.3333333333333330        6.8249438295787746E-003
   9.6666666666666661        5.6666666666666661        2.0934651066660879E-003
   9.6666666666666661        6.0000000000000000        4.2871673167791738E-003
   9.6666666666666661        6.3333333333333330        4.7495280402631533E-003
   9.6666666666666661        6.6666666666666661        4.1762005720804591E-003
   9.6666666666666661        7.0000000000000000        3.3907839198908055E-003
   9.6666666666666661        7.3333333333333330        3.0672707929976007E-003
   9.6666666666666661        7.6666666666666661        2.7856098533556983E-003
   9.6666666666666661        8.0000000000000000        2.2276118048091043E-003
   9.6666666666666661        8.3333333333333321        8.9912963714913155E-004
   9.6666666666666661        8.6666666666666661        5.9692988394908489E-004
   9.6666666666666661        9.0000000000000000        5.8854680185716347E-004
   9.6666666666666661        9.3333333333333321        4.3003311021309404E-004
   9.6666666666666661        9.6666666666666661        1.8449835550631819E-004
   9.6666666666666661        10.000000000000000        0.0000000000000000     
 
   10.000000000000000        0.0000000000000000        0.0000000000000000     
   10.000000000000000       0.33333333333333331        0.0000000000000000     
   10.000000000000000       0.66666666666666663        0.0000000000000000     
   10.000000000000000        1.0000000000000000        0.0000000000000000     
   10.000000000000000        1.3333333333333333        0.0000000000000000     
   10.000000000000000        1.6666666666666665        0.0000000000000000     
   10.000000000000000        2.0000000000000000        0.0000000000000000     
   10.000000000000000        2.3333333333333330        0.0000000000000000     
   10.000000000000000        2.6666666666666665        0.0000000000000000     
   10.000000000000000        3.0000000000000000        0.0000000000000000     
   10.000000000000000        3.3333333333333330        0.0000000000000000     
   10.000000000000000        3.6666666666666665        0.0000000000000000     
   10.000000000000000        4.0000000000000000        0.0000000000000000     
   10.000000000000000        4.3333333333333330        0.0000000000000000     
   10.000000000000000        4.6666666666666661        0.0000000000000000     
   10.000000000000000        5.0000000000000000        0.0000000000000000     
   10.000000000000000        5.3333333333333330        0.0000000000000000     
   10.000000000000000        5.6666666666666661        0.0000000000000000     
   10.000000000000000        6.0000000000000000        0.0000000000000000     
   10.000000000000000        6.3333333333333330        0.0000000000000000     
   10.000000000000000        6.6666666666666661        0.0000000000000000     
   10.000000000000000        7.0000000000000000        0.0000000000000000     
   10.000000000000000        7.3333333333333330        0.0000000000000000     
   10.000000000000000        7.6666666666666661        0.0000000000000000     
   10.000000000000000        8.0000000000000000        0.0000000000000000     
   10.000000000000000        8.3333333333333321        0.0000000000000000     
   10.000000000000000        8.6666666666666661        0.0000000000000000     
   10.000000000000000        9.0000000000000000        0.0000000000000000     
   10.000000000000000        9.3333333333333321        0.0000000000000000     
   10.000000000000000        9.6666666666666661        0.0000000000000000     
   10.000000000000000        10.000000000000000        0.0000000000000000     
 
