   0.0000000000000000        0.0000000000000000        0.0000000000000000     
   0.0000000000000000       0.33333333333333331        0.0000000000000000     
   0.0000000000000000       0.66666666666666663        0.0000000000000000     
   0.0000000000000000        1.0000000000000000        0.0000000000000000     
   0.0000000000000000        1.3333333333333333        0.0000000000000000     
   0.0000000000000000        1.6666666666666665        0.0000000000000000     
   0.0000000000000000        2.0000000000000000        0.0000000000000000     
   0.0000000000000000        2.3333333333333330        0.0000000000000000     
   0.0000000000000000        2.6666666666666665        0.0000000000000000     
   0.0000000000000000        3.0000000000000000        0.0000000000000000     
   0.0000000000000000        3.3333333333333330        0.0000000000000000     
   0.0000000000000000        3.6666666666666665        0.0000000000000000     
   0.0000000000000000        4.0000000000000000        0.0000000000000000     
   0.0000000000000000        4.3333333333333330        0.0000000000000000     
   0.0000000000000000        4.6666666666666661        0.0000000000000000     
   0.0000000000000000        5.0000000000000000        0.0000000000000000     
   0.0000000000000000        5.3333333333333330        0.0000000000000000     
   0.0000000000000000        5.6666666666666661        0.0000000000000000     
   0.0000000000000000        6.0000000000000000        0.0000000000000000     
   0.0000000000000000        6.3333333333333330        0.0000000000000000     
   0.0000000000000000        6.6666666666666661        0.0000000000000000     
   0.0000000000000000        7.0000000000000000        0.0000000000000000     
   0.0000000000000000        7.3333333333333330        0.0000000000000000     
   0.0000000000000000        7.6666666666666661        0.0000000000000000     
   0.0000000000000000        8.0000000000000000        0.0000000000000000     
   0.0000000000000000        8.3333333333333321        0.0000000000000000     
   0.0000000000000000        8.6666666666666661        0.0000000000000000     
   0.0000000000000000        9.0000000000000000        0.0000000000000000     
   0.0000000000000000        9.3333333333333321        0.0000000000000000     
   0.0000000000000000        9.6666666666666661        0.0000000000000000     
   0.0000000000000000        10.000000000000000        0.0000000000000000     
 
  0.33333333333333331        0.0000000000000000        0.0000000000000000     
  0.33333333333333331       0.33333333333333331        9.3371930385728032E-006
  0.33333333333333331       0.66666666666666663        1.5338861144561358E-005
  0.33333333333333331        1.0000000000000000        1.3818803802121438E-005
  0.33333333333333331        1.3333333333333333        3.0727527074221886E-005
  0.33333333333333331        1.6666666666666665        4.9775717982771466E-005
  0.33333333333333331        2.0000000000000000        8.7088299319315336E-005
  0.33333333333333331        2.3333333333333330        1.2205131890410722E-004
  0.33333333333333331        2.6666666666666665        1.2066744488269649E-004
  0.33333333333333331        3.0000000000000000        2.7497390274829953E-004
  0.33333333333333331        3.3333333333333330        3.1383918332711515E-004
  0.33333333333333331        3.6666666666666665        2.8645199925726934E-004
  0.33333333333333331        4.0000000000000000        2.8243934825861481E-004
  0.33333333333333331        4.3333333333333330        2.9698940073785132E-004
  0.33333333333333331        4.6666666666666661        2.1149072169026373E-004
  0.33333333333333331        5.0000000000000000        3.9638990021901882E-004
  0.33333333333333331        5.3333333333333330        1.0817421363569337E-003
  0.33333333333333331        5.6666666666666661        1.4907951346134478E-003
  0.33333333333333331        6.0000000000000000        1.8535957647910965E-003
  0.33333333333333331        6.3333333333333330        2.1248656912992102E-003
  0.33333333333333331        6.6666666666666661        1.3940436935509404E-003
  0.33333333333333331        7.0000000000000000        2.3855353191443536E-003
  0.33333333333333331        7.3333333333333330        9.5750867032061676E-004
  0.33333333333333331        7.6666666666666661        7.2074877030932924E-004
  0.33333333333333331        8.0000000000000000        4.8639400117155002E-004
  0.33333333333333331        8.3333333333333321        2.8236012361693727E-004
  0.33333333333333331        8.6666666666666661        1.8817932923171469E-004
  0.33333333333333331        9.0000000000000000        1.2434337340192089E-004
  0.33333333333333331        9.3333333333333321        6.2197128915353274E-005
  0.33333333333333331        9.6666666666666661        2.5234636620366493E-005
  0.33333333333333331        10.000000000000000        0.0000000000000000     
 
  0.66666666666666663        0.0000000000000000        0.0000000000000000     
  0.66666666666666663       0.33333333333333331        2.4991920943647435E-005
  0.66666666666666663       0.66666666666666663        4.3123763590054827E-005
  0.66666666666666663        1.0000000000000000        8.6151508937790385E-005
  0.66666666666666663        1.3333333333333333        6.9441234790941438E-005
  0.66666666666666663        1.6666666666666665        9.7274996130018360E-005
  0.66666666666666663        2.0000000000000000        2.0348558980045538E-004
  0.66666666666666663        2.3333333333333330        3.1697316069563878E-004
  0.66666666666666663        2.6666666666666665        7.9687574607330454E-004
  0.66666666666666663        3.0000000000000000        7.4142316519733862E-004
  0.66666666666666663        3.3333333333333330        7.7970401982692503E-004
  0.66666666666666663        3.6666666666666665        6.3013622442048816E-004
  0.66666666666666663        4.0000000000000000        6.2721818592896236E-004
  0.66666666666666663        4.3333333333333330        7.7825478187627112E-004
  0.66666666666666663        4.6666666666666661        0.0000000000000000     
  0.66666666666666663        5.0000000000000000        2.4595663655683029E-003
  0.66666666666666663        5.3333333333333330        2.7112967430349220E-003
  0.66666666666666663        5.6666666666666661        3.3885103137137893E-003
  0.66666666666666663        6.0000000000000000        4.2326311052987954E-003
  0.66666666666666663        6.3333333333333330        5.7329978207670334E-003
  0.66666666666666663        6.6666666666666661        9.6358947878975951E-003
  0.66666666666666663        7.0000000000000000        7.7384670469976572E-003
  0.66666666666666663        7.3333333333333330        1.2765567972281857E-003
  0.66666666666666663        7.6666666666666661        1.6266777085434786E-003
  0.66666666666666663        8.0000000000000000        1.0750661595286923E-003
  0.66666666666666663        8.3333333333333321        5.3599451490340087E-004
  0.66666666666666663        8.6666666666666661        4.0252167349078482E-004
  0.66666666666666663        9.0000000000000000        2.8547577750799992E-004
  0.66666666666666663        9.3333333333333321        1.1904648507913635E-004
  0.66666666666666663        9.6666666666666661        4.6956116994320308E-005
  0.66666666666666663        10.000000000000000        0.0000000000000000     
 
   1.0000000000000000        0.0000000000000000        0.0000000000000000     
   1.0000000000000000       0.33333333333333331        5.5245145540305424E-005
   1.0000000000000000       0.66666666666666663        1.0237073095553552E-004
   1.0000000000000000        1.0000000000000000        1.3030956262621445E-004
   1.0000000000000000        1.3333333333333333        8.6151508937790385E-005
   1.0000000000000000        1.6666666666666665        3.1267916223120992E-004
   1.0000000000000000        2.0000000000000000        3.7432243664859013E-004
   1.0000000000000000        2.3333333333333330        7.1769693296256200E-004
   1.0000000000000000        2.6666666666666665        1.0718729418658533E-003
   1.0000000000000000        3.0000000000000000        1.3124756915326001E-003
   1.0000000000000000        3.3333333333333330        1.6364945498157141E-003
   1.0000000000000000        3.6666666666666665        9.9928176067238432E-004
   1.0000000000000000        4.0000000000000000        9.9365787788578512E-004
   1.0000000000000000        4.3333333333333330        1.6248645655925385E-003
   1.0000000000000000        4.6666666666666661        2.2369026587200570E-003
   1.0000000000000000        5.0000000000000000        2.8490802579124062E-003
   1.0000000000000000        5.3333333333333330        4.5802717773057947E-003
   1.0000000000000000        5.6666666666666661        5.9097788273314985E-003
   1.0000000000000000        6.0000000000000000        6.9081025074254490E-003
   1.0000000000000000        6.3333333333333330        1.2064177034386782E-002
   1.0000000000000000        6.6666666666666661        1.3632750567420157E-002
   1.0000000000000000        7.0000000000000000        1.2892778477816599E-002
   1.0000000000000000        7.3333333333333330        8.8922504382739805E-003
   1.0000000000000000        7.6666666666666661        3.8499586949571310E-003
   1.0000000000000000        8.0000000000000000        1.9374112856386590E-003
   1.0000000000000000        8.3333333333333321        9.3510295957646944E-004
   1.0000000000000000        8.6666666666666661        7.1934182963336350E-004
   1.0000000000000000        9.0000000000000000        5.8250364140117518E-004
   1.0000000000000000        9.3333333333333321        4.4037279112155831E-005
   1.0000000000000000        9.6666666666666661        5.8635815516972295E-005
   1.0000000000000000        10.000000000000000        0.0000000000000000     
 
   1.3333333333333333        0.0000000000000000        0.0000000000000000     
   1.3333333333333333       0.33333333333333331        1.1007204321904313E-004
   1.3333333333333333       0.66666666666666663        2.1125345488760776E-004
   1.3333333333333333        1.0000000000000000        2.8570488261893287E-004
   1.3333333333333333        1.3333333333333333        4.8950255266404176E-004
   1.3333333333333333        1.6666666666666665        3.4801790998806304E-004
   1.3333333333333333        2.0000000000000000        1.3060046977941373E-003
   1.3333333333333333        2.3333333333333330        1.3061745131495038E-003
   1.3333333333333333        2.6666666666666665        1.7440855579320671E-003
   1.3333333333333333        3.0000000000000000        2.1317763934259044E-003
   1.3333333333333333        3.3333333333333330        3.8469040630170880E-003
   1.3333333333333333        3.6666666666666665        7.5173868466297524E-003
   1.3333333333333333        4.0000000000000000        4.1979882303533845E-003
   1.3333333333333333        4.3333333333333330        3.5275542693677178E-003
   1.3333333333333333        4.6666666666666661        7.1090443814577509E-003
   1.3333333333333333        5.0000000000000000        7.6514893568237286E-003
   1.3333333333333333        5.3333333333333330        7.9101490672415318E-003
   1.3333333333333333        5.6666666666666661        1.0054576901151285E-002
   1.3333333333333333        6.0000000000000000        2.8332061986960314E-002
   1.3333333333333333        6.3333333333333330        2.4349207161663305E-002
   1.3333333333333333        6.6666666666666661        2.2671948156251273E-002
   1.3333333333333333        7.0000000000000000        1.9948469258429181E-002
   1.3333333333333333        7.3333333333333330        1.5866305839108096E-002
   1.3333333333333333        7.6666666666666661        1.0723462829013127E-003
   1.3333333333333333        8.0000000000000000        1.3826228829318542E-003
   1.3333333333333333        8.3333333333333321        1.4143253214257557E-003
   1.3333333333333333        8.6666666666666661        1.1634705054150525E-003
   1.3333333333333333        9.0000000000000000        9.1331998464763817E-004
   1.3333333333333333        9.3333333333333321        3.7564472885383889E-004
   1.3333333333333333        9.6666666666666661        1.6194638596680008E-004
   1.3333333333333333        10.000000000000000        0.0000000000000000     
 
   1.6666666666666665        0.0000000000000000        0.0000000000000000     
   1.6666666666666665       0.33333333333333331        2.0503670824914531E-004
   1.6666666666666665       0.66666666666666663        4.0643466829729175E-004
   1.6666666666666665        1.0000000000000000        5.9557214472014033E-004
   1.6666666666666665        1.3333333333333333        7.7091577590913756E-004
   1.6666666666666665        1.6666666666666665        1.9813056235024355E-003
   1.6666666666666665        2.0000000000000000        1.6605171011568752E-003
   1.6666666666666665        2.3333333333333330        1.8034302549238227E-003
   1.6666666666666665        2.6666666666666665        2.9031049738569023E-003
   1.6666666666666665        3.0000000000000000        8.9562840676897394E-003
   1.6666666666666665        3.3333333333333330        8.6048640519541340E-003
   1.6666666666666665        3.6666666666666665        9.1354988031741476E-003
   1.6666666666666665        4.0000000000000000        5.8812655257782787E-003
   1.6666666666666665        4.3333333333333330        5.6254632607129632E-003
   1.6666666666666665        4.6666666666666661        8.7636359215869878E-003
   1.6666666666666665        5.0000000000000000        9.1142705641766610E-003
   1.6666666666666665        5.3333333333333330        1.1050576936122389E-002
   1.6666666666666665        5.6666666666666661        1.8336496944540936E-002
   1.6666666666666665        6.0000000000000000        3.7082800606840764E-002
   1.6666666666666665        6.3333333333333330        3.8555691708422657E-002
   1.6666666666666665        6.6666666666666661        3.6829161026054880E-002
   1.6666666666666665        7.0000000000000000        3.2102778599393318E-002
   1.6666666666666665        7.3333333333333330        2.1928355412993931E-002
   1.6666666666666665        7.6666666666666661        9.0185273370196764E-004
   1.6666666666666665        8.0000000000000000        1.4812589890615020E-003
   1.6666666666666665        8.3333333333333321        2.5493431306032360E-003
   1.6666666666666665        8.6666666666666661        1.9211695405519898E-003
   1.6666666666666665        9.0000000000000000        1.2494072149669972E-003
   1.6666666666666665        9.3333333333333321        6.9900706090330884E-004
   1.6666666666666665        9.6666666666666661        2.6178407638210511E-004
   1.6666666666666665        10.000000000000000        0.0000000000000000     
 
   2.0000000000000000        0.0000000000000000        0.0000000000000000     
   2.0000000000000000       0.33333333333333331        3.5891454438472854E-004
   2.0000000000000000       0.66666666666666663        7.2236960073190210E-004
   2.0000000000000000        1.0000000000000000        1.0764973246331268E-003
   2.0000000000000000        1.3333333333333333        1.4305917080178953E-003
   2.0000000000000000        1.6666666666666665        2.7923757634626184E-003
   2.0000000000000000        2.0000000000000000        1.9813056235024355E-003
   2.0000000000000000        2.3333333333333330        4.7485421739153688E-003
   2.0000000000000000        2.6666666666666665        5.8417451780921423E-003
   2.0000000000000000        3.0000000000000000        1.1115232476106874E-002
   2.0000000000000000        3.3333333333333330        1.4178484157210409E-002
   2.0000000000000000        3.6666666666666665        1.6348476772848779E-002
   2.0000000000000000        4.0000000000000000        2.7539237148957361E-002
   2.0000000000000000        4.3333333333333330        2.8418675391063634E-002
   2.0000000000000000        4.6666666666666661        1.5093855917349134E-002
   2.0000000000000000        5.0000000000000000        1.0959795986091665E-002
   2.0000000000000000        5.3333333333333330        0.0000000000000000     
   2.0000000000000000        5.6666666666666661       0.11524538523877094     
   2.0000000000000000        6.0000000000000000        6.8628780240101508E-002
   2.0000000000000000        6.3333333333333330        6.1882682866166265E-002
   2.0000000000000000        6.6666666666666661        5.9815789040459207E-002
   2.0000000000000000        7.0000000000000000        5.5044275159938906E-002
   2.0000000000000000        7.3333333333333330        4.3776202036830114E-004
   2.0000000000000000        7.6666666666666661        5.8028169294889193E-004
   2.0000000000000000        8.0000000000000000        1.1473819593484483E-002
   2.0000000000000000        8.3333333333333321        5.9871956057769207E-003
   2.0000000000000000        8.6666666666666661        3.2027443964563751E-003
   2.0000000000000000        9.0000000000000000        1.7956302482630125E-003
   2.0000000000000000        9.3333333333333321        1.1033624709905624E-003
   2.0000000000000000        9.6666666666666661        1.8594865831066704E-004
   2.0000000000000000        10.000000000000000        0.0000000000000000     
 
   2.3333333333333330        0.0000000000000000        0.0000000000000000     
   2.3333333333333330       0.33333333333333331        5.9975421011773124E-004
   2.3333333333333330       0.66666666666666663        1.2291272507598927E-003
   2.3333333333333330        1.0000000000000000        1.8231952986096998E-003
   2.3333333333333330        1.3333333333333333        5.9159220039123354E-003
   2.3333333333333330        1.6666666666666665        6.4053077246572819E-003
   2.3333333333333330        2.0000000000000000        1.5626317123475755E-002
   2.3333333333333330        2.3333333333333330        2.1117323988843487E-002
   2.3333333333333330        2.6666666666666665        2.1469457093133106E-002
   2.3333333333333330        3.0000000000000000        1.7578630188824759E-002
   2.3333333333333330        3.3333333333333330        2.3146981331562948E-002
   2.3333333333333330        3.6666666666666665        2.8518738619167820E-002
   2.3333333333333330        4.0000000000000000        3.2422580137360914E-002
   2.3333333333333330        4.3333333333333330        4.6394967621205464E-002
   2.3333333333333330        4.6666666666666661       0.11181140773817973     
   2.3333333333333330        5.0000000000000000       0.16299283015520449     
   2.3333333333333330        5.3333333333333330       0.19291473145764981     
   2.3333333333333330        5.6666666666666661       0.17285319000775701     
   2.3333333333333330        6.0000000000000000       0.12120273506449419     
   2.3333333333333330        6.3333333333333330        8.8765196607774599E-002
   2.3333333333333330        6.6666666666666661        9.3654700813745009E-002
   2.3333333333333330        7.0000000000000000        8.1098120069100277E-002
   2.3333333333333330        7.3333333333333330        7.7994732396940228E-002
   2.3333333333333330        7.6666666666666661        4.1565827051396588E-002
   2.3333333333333330        8.0000000000000000        1.9209014430905197E-002
   2.3333333333333330        8.3333333333333321        7.9923075958376125E-003
   2.3333333333333330        8.6666666666666661        3.8518620398870270E-003
   2.3333333333333330        9.0000000000000000        2.0821456560443413E-003
   2.3333333333333330        9.3333333333333321        1.1129238403367440E-003
   2.3333333333333330        9.6666666666666661        4.2541390357357049E-004
   2.3333333333333330        10.000000000000000        0.0000000000000000     
 
   2.6666666666666665        0.0000000000000000        0.0000000000000000     
   2.6666666666666665       0.33333333333333331        9.5522009976116331E-004
   2.6666666666666665       0.66666666666666663        2.0605327009655160E-003
   2.6666666666666665        1.0000000000000000        3.5816323642782117E-003
   2.6666666666666665        1.3333333333333333        6.6545985642380671E-003
   2.6666666666666665        1.6666666666666665        1.1777967717760986E-002
   2.6666666666666665        2.0000000000000000        1.8456772021326742E-002
   2.6666666666666665        2.3333333333333330        2.4675518513194633E-002
   2.6666666666666665        2.6666666666666665        2.8823606356121759E-002
   2.6666666666666665        3.0000000000000000        4.2978186891635628E-002
   2.6666666666666665        3.3333333333333330        3.5905143159798210E-002
   2.6666666666666665        3.6666666666666665        4.6374524041738127E-002
   2.6666666666666665        4.0000000000000000        7.4741051689693611E-002
   2.6666666666666665        4.3333333333333330        8.5008334713938538E-002
   2.6666666666666665        4.6666666666666661       0.12460916210963276     
   2.6666666666666665        5.0000000000000000       0.17748974165604922     
   2.6666666666666665        5.3333333333333330       0.22655318710277919     
   2.6666666666666665        5.6666666666666661       0.22322183285493616     
   2.6666666666666665        6.0000000000000000       0.16574665391046989     
   2.6666666666666665        6.3333333333333330       0.20047230700104479     
   2.6666666666666665        6.6666666666666661       0.15551499582570263     
   2.6666666666666665        7.0000000000000000       0.10476762058388471     
   2.6666666666666665        7.3333333333333330        8.9444374653935052E-002
   2.6666666666666665        7.6666666666666661        7.0454303727279385E-002
   2.6666666666666665        8.0000000000000000        3.6325127187519885E-003
   2.6666666666666665        8.3333333333333321        4.5311342432287202E-003
   2.6666666666666665        8.6666666666666661        3.0049890894170575E-003
   2.6666666666666665        9.0000000000000000        2.0889119011570814E-003
   2.6666666666666665        9.3333333333333321        1.1383257261545596E-003
   2.6666666666666665        9.6666666666666661        5.2079407566107115E-004
   2.6666666666666665        10.000000000000000        0.0000000000000000     
 
   3.0000000000000000        0.0000000000000000        0.0000000000000000     
   3.0000000000000000       0.33333333333333331        1.3776026057100339E-003
   3.0000000000000000       0.66666666666666663        2.9302697658845052E-003
   3.0000000000000000        1.0000000000000000        4.5411051044429293E-003
   3.0000000000000000        1.3333333333333333        1.4955805397373741E-002
   3.0000000000000000        1.6666666666666665        1.7666914572884249E-002
   3.0000000000000000        2.0000000000000000        2.4761351397024109E-002
   3.0000000000000000        2.3333333333333330        3.4030996895620225E-002
   3.0000000000000000        2.6666666666666665        4.4397946485734120E-002
   3.0000000000000000        3.0000000000000000        5.5393087968733531E-002
   3.0000000000000000        3.3333333333333330        8.9280027201629947E-002
   3.0000000000000000        3.6666666666666665        8.0119946863785568E-002
   3.0000000000000000        4.0000000000000000        9.2734344936277233E-002
   3.0000000000000000        4.3333333333333330       0.10456204090221032     
   3.0000000000000000        4.6666666666666661       0.13644431073607888     
   3.0000000000000000        5.0000000000000000       0.20900064239167360     
   3.0000000000000000        5.3333333333333330       0.32509329055047792     
   3.0000000000000000        5.6666666666666661       0.34006038912047160     
   3.0000000000000000        6.0000000000000000       0.35771196116815246     
   3.0000000000000000        6.3333333333333330       0.26009231168186719     
   3.0000000000000000        6.6666666666666661       0.23618550803785088     
   3.0000000000000000        7.0000000000000000       0.14963401329383630     
   3.0000000000000000        7.3333333333333330       0.11601411410780957     
   3.0000000000000000        7.6666666666666661        9.0134786954138124E-002
   3.0000000000000000        8.0000000000000000        5.0924571948509169E-002
   3.0000000000000000        8.3333333333333321        1.7804006818920826E-003
   3.0000000000000000        8.6666666666666661        2.2833916613816362E-003
   3.0000000000000000        9.0000000000000000        2.6684320483004445E-003
   3.0000000000000000        9.3333333333333321        1.3068921956630073E-003
   3.0000000000000000        9.6666666666666661        6.6313290811653811E-004
   3.0000000000000000        10.000000000000000        0.0000000000000000     
 
   3.3333333333333330        0.0000000000000000        0.0000000000000000     
   3.3333333333333330       0.33333333333333331        1.9220826864379680E-003
   3.3333333333333330       0.66666666666666663        4.3529741158804978E-003
   3.3333333333333330        1.0000000000000000        8.0194998674412710E-003
   3.3333333333333330        1.3333333333333333        1.4796529230926435E-002
   3.3333333333333330        1.6666666666666665        2.1990130052659453E-002
   3.3333333333333330        2.0000000000000000        3.2448685007423622E-002
   3.3333333333333330        2.3333333333333330        4.6650015811915850E-002
   3.3333333333333330        2.6666666666666665        6.4426878337965732E-002
   3.3333333333333330        3.0000000000000000        8.4616948035539583E-002
   3.3333333333333330        3.3333333333333330       0.10614200473103418     
   3.3333333333333330        3.6666666666666665       0.11185174749160974     
   3.3333333333333330        4.0000000000000000       0.12504166144908468     
   3.3333333333333330        4.3333333333333330       0.11570102252989033     
   3.3333333333333330        4.6666666666666661       0.11989965022752272     
   3.3333333333333330        5.0000000000000000       0.62119760044594374     
   3.3333333333333330        5.3333333333333330       0.53362176835691877     
   3.3333333333333330        5.6666666666666661       0.48083221563878153     
   3.3333333333333330        6.0000000000000000       0.46636650637303068     
   3.3333333333333330        6.3333333333333330       0.39389725077710436     
   3.3333333333333330        6.6666666666666661       0.30656673077895685     
   3.3333333333333330        7.0000000000000000       0.19677790008746776     
   3.3333333333333330        7.3333333333333330       0.14737046158209130     
   3.3333333333333330        7.6666666666666661        9.5202040925982140E-002
   3.3333333333333330        8.0000000000000000        5.9240937454406221E-002
   3.3333333333333330        8.3333333333333321        1.8077383639757343E-002
   3.3333333333333330        8.6666666666666661        6.8579978643965936E-003
   3.3333333333333330        9.0000000000000000        4.3128446808306528E-003
   3.3333333333333330        9.3333333333333321        2.2907009002276321E-003
   3.3333333333333330        9.6666666666666661        1.0013483642810389E-003
   3.3333333333333330        10.000000000000000        0.0000000000000000     
 
   3.6666666666666665        0.0000000000000000        0.0000000000000000     
   3.6666666666666665       0.33333333333333331        2.3513722838362249E-003
   3.6666666666666665       0.66666666666666663        5.3880432714474282E-003
   3.6666666666666665        1.0000000000000000        9.8315169415603733E-003
   3.6666666666666665        1.3333333333333333        1.6635114926134516E-002
   3.6666666666666665        1.6666666666666665        2.6242884241957466E-002
   3.6666666666666665        2.0000000000000000        4.0490087559787814E-002
   3.6666666666666665        2.3333333333333330        6.0741668623460400E-002
   3.6666666666666665        2.6666666666666665        8.7987104094702201E-002
   3.6666666666666665        3.0000000000000000       0.11926510987847497     
   3.6666666666666665        3.3333333333333330       0.14641923848350344     
   3.6666666666666665        3.6666666666666665       0.15708488125705436     
   3.6666666666666665        4.0000000000000000       0.14555643972203119     
   3.6666666666666665        4.3333333333333330       0.12504166144908468     
   3.6666666666666665        4.6666666666666661       0.79011808374840975     
   3.6666666666666665        5.0000000000000000       0.70798801399917199     
   3.6666666666666665        5.3333333333333330       0.70655160737240907     
   3.6666666666666665        5.6666666666666661       0.58590461597310350     
   3.6666666666666665        6.0000000000000000       0.56471695703886349     
   3.6666666666666665        6.3333333333333330       0.48919043948628782     
   3.6666666666666665        6.6666666666666661       0.41052257860944136     
   3.6666666666666665        7.0000000000000000       0.25612043327516981     
   3.6666666666666665        7.3333333333333330       0.19460429083284572     
   3.6666666666666665        7.6666666666666661        3.4139150417799830E-002
   3.6666666666666665        8.0000000000000000        4.0186486591448405E-002
   3.6666666666666665        8.3333333333333321        2.1732201698456077E-002
   3.6666666666666665        8.6666666666666661        1.0932199333885699E-002
   3.6666666666666665        9.0000000000000000        6.4444961644788508E-003
   3.6666666666666665        9.3333333333333321        3.1036474402433871E-003
   3.6666666666666665        9.6666666666666661        1.3053768543806763E-003
   3.6666666666666665        10.000000000000000        0.0000000000000000     
 
   4.0000000000000000        0.0000000000000000        0.0000000000000000     
   4.0000000000000000       0.33333333333333331        2.5628247986609148E-003
   4.0000000000000000       0.66666666666666663        6.0313389865575074E-003
   4.0000000000000000        1.0000000000000000        1.0984399674833126E-002
   4.0000000000000000        1.3333333333333333        1.8238897926250872E-002
   4.0000000000000000        1.6666666666666665        2.9363280406809553E-002
   4.0000000000000000        2.0000000000000000        4.7074024642262603E-002
   4.0000000000000000        2.3333333333333330        7.3434953527920205E-002
   4.0000000000000000        2.6666666666666665       0.11400713639275231     
   4.0000000000000000        3.0000000000000000       0.16510668487871299     
   4.0000000000000000        3.3333333333333330       0.21050978235405954     
   4.0000000000000000        3.6666666666666665       0.23229498014589575     
   4.0000000000000000        4.0000000000000000       0.18487411046192539     
   4.0000000000000000        4.3333333333333330       0.93236243698001720     
   4.0000000000000000        4.6666666666666661       0.86702424647825171     
   4.0000000000000000        5.0000000000000000        1.1059522122940602     
   4.0000000000000000        5.3333333333333330       0.98107333795667828     
   4.0000000000000000        5.6666666666666661       0.85631299759150459     
   4.0000000000000000        6.0000000000000000       0.71223696202351872     
   4.0000000000000000        6.3333333333333330       0.58846727693019596     
   4.0000000000000000        6.6666666666666661       0.44221219434594272     
   4.0000000000000000        7.0000000000000000       0.33099896413293917     
   4.0000000000000000        7.3333333333333330       0.14987693968374213     
   4.0000000000000000        7.6666666666666661        6.6883895392615661E-002
   4.0000000000000000        8.0000000000000000        5.2025124228323796E-002
   4.0000000000000000        8.3333333333333321        2.8079557668892575E-002
   4.0000000000000000        8.6666666666666661        1.2025413698536592E-002
   4.0000000000000000        9.0000000000000000        8.8402534711818099E-003
   4.0000000000000000        9.3333333333333321        2.7743328305318998E-003
   4.0000000000000000        9.6666666666666661        1.4347049130690292E-003
   4.0000000000000000        10.000000000000000        0.0000000000000000     
 
   4.3333333333333330        0.0000000000000000        0.0000000000000000     
   4.3333333333333330       0.33333333333333331        2.3714541870614998E-003
   4.3333333333333330       0.66666666666666663        6.3112703775565398E-003
   4.3333333333333330        1.0000000000000000        1.1708063773431102E-002
   4.3333333333333330        1.3333333333333333        1.8709765487685281E-002
   4.3333333333333330        1.6666666666666665        2.9623027731058727E-002
   4.3333333333333330        2.0000000000000000        4.9854142080077220E-002
   4.3333333333333330        2.3333333333333330        7.7838601212287015E-002
   4.3333333333333330        2.6666666666666665       0.13618698842922317     
   4.3333333333333330        3.0000000000000000       0.22337924163458983     
   4.3333333333333330        3.3333333333333330       0.30391454527165790     
   4.3333333333333330        3.6666666666666665       0.38175324925084075     
   4.3333333333333330        4.0000000000000000       0.94047987489937501     
   4.3333333333333330        4.3333333333333330       0.97307883973089870     
   4.3333333333333330        4.6666666666666661        1.1871464689314226     
   4.3333333333333330        5.0000000000000000        1.1517950720678747     
   4.3333333333333330        5.3333333333333330        1.0711494549514484     
   4.3333333333333330        5.6666666666666661       0.95842551190022374     
   4.3333333333333330        6.0000000000000000       0.81612164390748165     
   4.3333333333333330        6.3333333333333330       0.70065710354058985     
   4.3333333333333330        6.6666666666666661       0.42856745834563675     
   4.3333333333333330        7.0000000000000000       0.30420917578116474     
   4.3333333333333330        7.3333333333333330       0.16154011121092604     
   4.3333333333333330        7.6666666666666661        8.9760964718572978E-002
   4.3333333333333330        8.0000000000000000        5.6149980843868394E-002
   4.3333333333333330        8.3333333333333321        3.2815954491387966E-002
   4.3333333333333330        8.6666666666666661        1.7558197442835127E-002
   4.3333333333333330        9.0000000000000000        9.8850446029120735E-003
   4.3333333333333330        9.3333333333333321        4.7446132558300385E-003
   4.3333333333333330        9.6666666666666661        1.9962815106401429E-003
   4.3333333333333330        10.000000000000000        0.0000000000000000     
 
   4.6666666666666661        0.0000000000000000        0.0000000000000000     
   4.6666666666666661       0.33333333333333331        1.0777129495651589E-003
   4.6666666666666661       0.66666666666666663        1.0713820682412743E-002
   4.6666666666666661        1.0000000000000000        1.2858286477354559E-002
   4.6666666666666661        1.3333333333333333        1.8124776305738600E-002
   4.6666666666666661        1.6666666666666665        2.4355325196082765E-002
   4.6666666666666661        2.0000000000000000        4.7803208035609022E-002
   4.6666666666666661        2.3333333333333330        5.7921204267965903E-002
   4.6666666666666661        2.6666666666666665       0.28435753341356751     
   4.6666666666666661        3.0000000000000000       0.29444806255873557     
   4.6666666666666661        3.3333333333333330       0.40219043539806476     
   4.6666666666666661        3.6666666666666665       0.60618327824380280     
   4.6666666666666661        4.0000000000000000       0.86660061589020998     
   4.6666666666666661        4.3333333333333330        1.0049644559786508     
   4.6666666666666661        4.6666666666666661        1.1299038089079234     
   4.6666666666666661        5.0000000000000000        1.1554548053496030     
   4.6666666666666661        5.3333333333333330        1.1181723760245730     
   4.6666666666666661        5.6666666666666661        1.0320850337181617     
   4.6666666666666661        6.0000000000000000       0.85591041451412342     
   4.6666666666666661        6.3333333333333330       0.67559967684922073     
   4.6666666666666661        6.6666666666666661       0.55554177405439031     
   4.6666666666666661        7.0000000000000000       0.10142460952313227     
   4.6666666666666661        7.3333333333333330       0.11251044490829087     
   4.6666666666666661        7.6666666666666661        8.3173447499678713E-002
   4.6666666666666661        8.0000000000000000        5.7047367997012030E-002
   4.6666666666666661        8.3333333333333321        3.4438090535506179E-002
   4.6666666666666661        8.6666666666666661        1.8573810738941186E-002
   4.6666666666666661        9.0000000000000000        1.0331452189049687E-002
   4.6666666666666661        9.3333333333333321        5.3281321963970212E-003
   4.6666666666666661        9.6666666666666661        2.2523294908812679E-003
   4.6666666666666661        10.000000000000000        0.0000000000000000     
 
   5.0000000000000000        0.0000000000000000        0.0000000000000000     
   5.0000000000000000       0.33333333333333331        1.0860207098660898E-003
   5.0000000000000000       0.66666666666666663        9.6371886581721432E-003
   5.0000000000000000        1.0000000000000000        1.3226772355369976E-002
   5.0000000000000000        1.3333333333333333        1.9530653312206894E-002
   5.0000000000000000        1.6666666666666665        2.8916441995372535E-002
   5.0000000000000000        2.0000000000000000        4.3506175551757391E-002
   5.0000000000000000        2.3333333333333330        5.4197902534030590E-002
   5.0000000000000000        2.6666666666666665       0.25978702030578782     
   5.0000000000000000        3.0000000000000000       0.27509796283941285     
   5.0000000000000000        3.3333333333333330       0.77937472494476134     
   5.0000000000000000        3.6666666666666665       0.75692842621704459     
   5.0000000000000000        4.0000000000000000       0.87507540152749153     
   5.0000000000000000        4.3333333333333330       0.99301108228842683     
   5.0000000000000000        4.6666666666666661        1.0894656763698674     
   5.0000000000000000        5.0000000000000000        1.1324855163980698     
   5.0000000000000000        5.3333333333333330        1.1292836884177937     
   5.0000000000000000        5.6666666666666661        1.1246016194283344     
   5.0000000000000000        6.0000000000000000       0.56834895162203081     
   5.0000000000000000        6.3333333333333330       0.57068651536599269     
   5.0000000000000000        6.6666666666666661       0.30316264415195182     
   5.0000000000000000        7.0000000000000000       0.14775555879037833     
   5.0000000000000000        7.3333333333333330       0.11434473167921616     
   5.0000000000000000        7.6666666666666661        8.2388976776573281E-002
   5.0000000000000000        8.0000000000000000        6.1721175345313822E-002
   5.0000000000000000        8.3333333333333321        1.9151522782595458E-002
   5.0000000000000000        8.6666666666666661        1.5178832666137022E-002
   5.0000000000000000        9.0000000000000000        9.5406817758247591E-003
   5.0000000000000000        9.3333333333333321        5.1038768952931116E-003
   5.0000000000000000        9.6666666666666661        2.1837715269293566E-003
   5.0000000000000000        10.000000000000000        0.0000000000000000     
 
   5.3333333333333330        0.0000000000000000        0.0000000000000000     
   5.3333333333333330       0.33333333333333331        2.4099385168974683E-003
   5.3333333333333330       0.66666666666666663        7.9294663469587218E-003
   5.3333333333333330        1.0000000000000000        1.3272207832733798E-002
   5.3333333333333330        1.3333333333333333        2.1008377981288531E-002
   5.3333333333333330        1.6666666666666665        3.2402397335409339E-002
   5.3333333333333330        2.0000000000000000        4.8542300888152520E-002
   5.3333333333333330        2.3333333333333330        6.7260117953343163E-002
   5.3333333333333330        2.6666666666666665       0.23606489941145958     
   5.3333333333333330        3.0000000000000000       0.28335454657916809     
   5.3333333333333330        3.3333333333333330       0.66306504326060978     
   5.3333333333333330        3.6666666666666665       0.74214805545559492     
   5.3333333333333330        4.0000000000000000       0.84332559820795727     
   5.3333333333333330        4.3333333333333330       0.94362493954451299     
   5.3333333333333330        4.6666666666666661        1.0246684708098850     
   5.3333333333333330        5.0000000000000000        1.0678056359387846     
   5.3333333333333330        5.3333333333333330        1.0527885114140076     
   5.3333333333333330        5.6666666666666661       0.64523450504690549     
   5.3333333333333330        6.0000000000000000       0.56068471744030968     
   5.3333333333333330        6.3333333333333330       0.46105661114770718     
   5.3333333333333330        6.6666666666666661       0.31592124841432595     
   5.3333333333333330        7.0000000000000000       0.19267234635778904     
   5.3333333333333330        7.3333333333333330       0.12534478124892659     
   5.3333333333333330        7.6666666666666661        7.9482514060044404E-002
   5.3333333333333330        8.0000000000000000        5.3594969015792929E-002
   5.3333333333333330        8.3333333333333321        2.6556726355202603E-002
   5.3333333333333330        8.6666666666666661        1.6283092761667471E-002
   5.3333333333333330        9.0000000000000000        9.4605545463992951E-003
   5.3333333333333330        9.3333333333333321        4.4546116061929776E-003
   5.3333333333333330        9.6666666666666661        1.8680369917656720E-003
   5.3333333333333330        10.000000000000000        0.0000000000000000     
 
   5.6666666666666661        0.0000000000000000        0.0000000000000000     
   5.6666666666666661       0.33333333333333331        1.1126981054221186E-003
   5.6666666666666661       0.66666666666666663        2.2950659038002913E-003
   5.6666666666666661        1.0000000000000000        1.3050050436628281E-002
   5.6666666666666661        1.3333333333333333        2.2095498134566533E-002
   5.6666666666666661        1.6666666666666665        3.5523437847748592E-002
   5.6666666666666661        2.0000000000000000        5.6609179734421151E-002
   5.6666666666666661        2.3333333333333330       0.10559240757313527     
   5.6666666666666661        2.6666666666666665       0.20048041409336109     
   5.6666666666666661        3.0000000000000000       0.35034645450058771     
   5.6666666666666661        3.3333333333333330       0.57457995249327676     
   5.6666666666666661        3.6666666666666665       0.68516698486988803     
   5.6666666666666661        4.0000000000000000       0.77731607494316046     
   5.6666666666666661        4.3333333333333330       0.86109493876014354     
   5.6666666666666661        4.6666666666666661       0.92901437350172356     
   5.6666666666666661        5.0000000000000000       0.98178555384191923     
   5.6666666666666661        5.3333333333333330       0.88159041218441248     
   5.6666666666666661        5.6666666666666661       0.70971879297672769     
   5.6666666666666661        6.0000000000000000       0.40484966009530954     
   5.6666666666666661        6.3333333333333330       0.39738262875155012     
   5.6666666666666661        6.6666666666666661       0.20633909450956803     
   5.6666666666666661        7.0000000000000000       0.12327524196631726     
   5.6666666666666661        7.3333333333333330        6.9261464010982432E-002
   5.6666666666666661        7.6666666666666661        6.5313823304821009E-002
   5.6666666666666661        8.0000000000000000        2.4541131707693616E-002
   5.6666666666666661        8.3333333333333321        2.1444478814966961E-002
   5.6666666666666661        8.6666666666666661        1.6923843117608271E-002
   5.6666666666666661        9.0000000000000000        1.8720668529563734E-003
   5.6666666666666661        9.3333333333333321        2.3518573682188865E-003
   5.6666666666666661        9.6666666666666661        1.2598922168979597E-003
   5.6666666666666661        10.000000000000000        0.0000000000000000     
 
   6.0000000000000000        0.0000000000000000        0.0000000000000000     
   6.0000000000000000       0.33333333333333331        1.1673266934022137E-003
   6.0000000000000000       0.66666666666666663        2.8133654701150853E-003
   6.0000000000000000        1.0000000000000000        6.1723694354190268E-003
   6.0000000000000000        1.3333333333333333        0.0000000000000000     
   6.0000000000000000        1.6666666666666665        3.7114126398983704E-002
   6.0000000000000000        2.0000000000000000        4.2694870886750592E-002
   6.0000000000000000        2.3333333333333330        8.6346794352078676E-002
   6.0000000000000000        2.6666666666666665       0.11932630226047418     
   6.0000000000000000        3.0000000000000000       0.58804669467753135     
   6.0000000000000000        3.3333333333333330       0.59796178577905912     
   6.0000000000000000        3.6666666666666665       0.63456097356376451     
   6.0000000000000000        4.0000000000000000       0.69444102129906859     
   6.0000000000000000        4.3333333333333330       0.75452061945275906     
   6.0000000000000000        4.6666666666666661       0.79462684721533383     
   6.0000000000000000        5.0000000000000000       0.69386402259342039     
   6.0000000000000000        5.3333333333333330       0.72647812427072656     
   6.0000000000000000        5.6666666666666661       0.56994172515873087     
   6.0000000000000000        6.0000000000000000       0.41493786456387011     
   6.0000000000000000        6.3333333333333330       0.32998342146267445     
   6.0000000000000000        6.6666666666666661       0.21727947112626186     
   6.0000000000000000        7.0000000000000000       0.13330810595037731     
   6.0000000000000000        7.3333333333333330        8.1142084283680999E-002
   6.0000000000000000        7.6666666666666661        5.5014486738199198E-002
   6.0000000000000000        8.0000000000000000        3.1751469575159307E-002
   6.0000000000000000        8.3333333333333321        2.1506680805081477E-002
   6.0000000000000000        8.6666666666666661        1.6225554916485932E-002
   6.0000000000000000        9.0000000000000000        3.7050361829504093E-003
   6.0000000000000000        9.3333333333333321        2.3803533789760749E-003
   6.0000000000000000        9.6666666666666661        1.1239810917570748E-003
   6.0000000000000000        10.000000000000000        0.0000000000000000     
 
   6.3333333333333330        0.0000000000000000        0.0000000000000000     
   6.3333333333333330       0.33333333333333331        9.9888113582895970E-004
   6.3333333333333330       0.66666666666666663        2.2038606178172880E-003
   6.3333333333333330        1.0000000000000000        3.8003465550101641E-003
   6.3333333333333330        1.3333333333333333        9.8178580526886959E-003
   6.3333333333333330        1.6666666666666665        2.8545505303349889E-002
   6.3333333333333330        2.0000000000000000        4.0080653075791124E-002
   6.3333333333333330        2.3333333333333330        6.1837097502866735E-002
   6.3333333333333330        2.6666666666666665        8.0236725718954696E-002
   6.3333333333333330        3.0000000000000000        7.3859063294552912E-002
   6.3333333333333330        3.3333333333333330       0.54658842890706383     
   6.3333333333333330        3.6666666666666665       0.55732871953701424     
   6.3333333333333330        4.0000000000000000       0.59816956729414528     
   6.3333333333333330        4.3333333333333330       0.64414605365318200     
   6.3333333333333330        4.6666666666666661       0.66857628192718244     
   6.3333333333333330        5.0000000000000000       0.63649130407229770     
   6.3333333333333330        5.3333333333333330       0.39093533490684645     
   6.3333333333333330        5.6666666666666661       0.41093828413620498     
   6.3333333333333330        6.0000000000000000       0.35354075899168125     
   6.3333333333333330        6.3333333333333330       0.29523693426425091     
   6.3333333333333330        6.6666666666666661       0.20824618157554450     
   6.3333333333333330        7.0000000000000000       0.12048188156948909     
   6.3333333333333330        7.3333333333333330        7.4739743155054425E-002
   6.3333333333333330        7.6666666666666661        4.8414454906264504E-002
   6.3333333333333330        8.0000000000000000        3.0626269737287548E-002
   6.3333333333333330        8.3333333333333321        2.0284719085880840E-002
   6.3333333333333330        8.6666666666666661        1.3292855210614591E-002
   6.3333333333333330        9.0000000000000000        5.8811040610040931E-003
   6.3333333333333330        9.3333333333333321        2.9086209673872382E-003
   6.3333333333333330        9.6666666666666661        1.1319673854701157E-003
   6.3333333333333330        10.000000000000000        0.0000000000000000     
 
   6.6666666666666661        0.0000000000000000        0.0000000000000000     
   6.6666666666666661       0.33333333333333331        8.5312822731878379E-004
   6.6666666666666661       0.66666666666666663        1.6856543081000687E-003
   6.6666666666666661        1.0000000000000000        8.0292396174800086E-003
   6.6666666666666661        1.3333333333333333        1.1977842816644903E-002
   6.6666666666666661        1.6666666666666665        2.1649143220372546E-002
   6.6666666666666661        2.0000000000000000        3.2937938273078941E-002
   6.6666666666666661        2.3333333333333330        4.8045775923054687E-002
   6.6666666666666661        2.6666666666666665        6.8007029331037416E-002
   6.6666666666666661        3.0000000000000000        8.4302053208285002E-002
   6.6666666666666661        3.3333333333333330       0.32230957296843327     
   6.6666666666666661        3.6666666666666665       0.45490187326924841     
   6.6666666666666661        4.0000000000000000       0.49474874511484745     
   6.6666666666666661        4.3333333333333330       0.54590594283041260     
   6.6666666666666661        4.6666666666666661       0.58412566453003656     
   6.6666666666666661        5.0000000000000000       0.53269632324865301     
   6.6666666666666661        5.3333333333333330       0.37289670699910671     
   6.6666666666666661        5.6666666666666661       0.32754944487261389     
   6.6666666666666661        6.0000000000000000       0.29571808708180103     
   6.6666666666666661        6.3333333333333330       0.10356503491419014     
   6.6666666666666661        6.6666666666666661        6.9124364911491890E-002
   6.6666666666666661        7.0000000000000000        7.3734489589456637E-002
   6.6666666666666661        7.3333333333333330        5.6021032406146587E-002
   6.6666666666666661        7.6666666666666661        3.9130614571585419E-002
   6.6666666666666661        8.0000000000000000        2.6542351248128180E-002
   6.6666666666666661        8.3333333333333321        1.9157663521875021E-002
   6.6666666666666661        8.6666666666666661        5.4517711501038757E-003
   6.6666666666666661        9.0000000000000000        4.8673001060048106E-003
   6.6666666666666661        9.3333333333333321        1.3774661225644184E-003
   6.6666666666666661        9.6666666666666661        7.7039159377156907E-004
   6.6666666666666661        10.000000000000000        0.0000000000000000     
 
   7.0000000000000000        0.0000000000000000        0.0000000000000000     
   7.0000000000000000       0.33333333333333331        9.3509347320452755E-004
   7.0000000000000000       0.66666666666666663        2.4000520855343042E-003
   7.0000000000000000        1.0000000000000000        5.8353067272213163E-003
   7.0000000000000000        1.3333333333333333        1.0836978689365789E-002
   7.0000000000000000        1.6666666666666665        1.6923396797782063E-002
   7.0000000000000000        2.0000000000000000        2.7116092646753725E-002
   7.0000000000000000        2.3333333333333330        3.6069398944479338E-002
   7.0000000000000000        2.6666666666666665        9.0440268197530455E-002
   7.0000000000000000        3.0000000000000000       0.12145207461151512     
   7.0000000000000000        3.3333333333333330       0.20323399320802560     
   7.0000000000000000        3.6666666666666665       0.30088698098271788     
   7.0000000000000000        4.0000000000000000       0.38636885288474188     
   7.0000000000000000        4.3333333333333330       0.46165874614080843     
   7.0000000000000000        4.6666666666666661        7.6040597018305622E-002
   7.0000000000000000        5.0000000000000000       0.19169366183355163     
   7.0000000000000000        5.3333333333333330       0.24354209255015380     
   7.0000000000000000        5.6666666666666661       0.23492829541756652     
   7.0000000000000000        6.0000000000000000       0.21173455129501761     
   7.0000000000000000        6.3333333333333330       0.11229986831100955     
   7.0000000000000000        6.6666666666666661        7.1832948368881683E-002
   7.0000000000000000        7.0000000000000000        5.6446281784295824E-002
   7.0000000000000000        7.3333333333333330        4.2758388166094542E-002
   7.0000000000000000        7.6666666666666661        3.0717154664064522E-002
   7.0000000000000000        8.0000000000000000        2.1333718761703209E-002
   7.0000000000000000        8.3333333333333321        1.3935421328867773E-002
   7.0000000000000000        8.6666666666666661        7.2633466260610810E-003
   7.0000000000000000        9.0000000000000000        4.3762871484109272E-003
   7.0000000000000000        9.3333333333333321        2.3376532526905437E-003
   7.0000000000000000        9.6666666666666661        2.5598474419829544E-004
   7.0000000000000000        10.000000000000000        0.0000000000000000     
 
   7.3333333333333330        0.0000000000000000        0.0000000000000000     
   7.3333333333333330       0.33333333333333331        7.1781148390934711E-004
   7.3333333333333330       0.66666666666666663        1.7118193108668857E-003
   7.3333333333333330        1.0000000000000000        3.3722584622881070E-003
   7.3333333333333330        1.3333333333333333        8.3253279487921997E-003
   7.3333333333333330        1.6666666666666665        1.1276779386513112E-002
   7.3333333333333330        2.0000000000000000        2.6522072677144314E-002
   7.3333333333333330        2.3333333333333330        3.8696296400441116E-002
   7.3333333333333330        2.6666666666666665        6.9954361970780907E-002
   7.3333333333333330        3.0000000000000000       0.11977983939021070     
   7.3333333333333330        3.3333333333333330       0.17992678091344413     
   7.3333333333333330        3.6666666666666665       0.23124851566194754     
   7.3333333333333330        4.0000000000000000       0.30088698098271788     
   7.3333333333333330        4.3333333333333330        7.6040597018305622E-002
   7.3333333333333330        4.6666666666666661        8.5020455570677389E-002
   7.3333333333333330        5.0000000000000000       0.14988612980573413     
   7.3333333333333330        5.3333333333333330       0.18284179538006687     
   7.3333333333333330        5.6666666666666661       0.16465297254665684     
   7.3333333333333330        6.0000000000000000        6.1350146217410424E-002
   7.3333333333333330        6.3333333333333330        6.9980165746604275E-002
   7.3333333333333330        6.6666666666666661        5.6624959281644106E-002
   7.3333333333333330        7.0000000000000000        4.3903626163462890E-002
   7.3333333333333330        7.3333333333333330        3.3371683997558570E-002
   7.3333333333333330        7.6666666666666661        2.4135398855786968E-002
   7.3333333333333330        8.0000000000000000        1.7641121094830868E-002
   7.3333333333333330        8.3333333333333321        1.0520612433246184E-002
   7.3333333333333330        8.6666666666666661        6.7946449011670245E-003
   7.3333333333333330        9.0000000000000000        4.0277530907051971E-003
   7.3333333333333330        9.3333333333333321        1.8264019406007135E-003
   7.3333333333333330        9.6666666666666661        5.7964031333876864E-004
   7.3333333333333330        10.000000000000000        0.0000000000000000     
 
   7.6666666666666661        0.0000000000000000        0.0000000000000000     
   7.6666666666666661       0.33333333333333331        4.0769169095704788E-004
   7.6666666666666661       0.66666666666666663        7.8061512951320823E-004
   7.6666666666666661        1.0000000000000000        5.8196605830775870E-003
   7.6666666666666661        1.3333333333333333        7.3084964424314581E-003
   7.6666666666666661        1.6666666666666665        1.0979502289813510E-002
   7.6666666666666661        2.0000000000000000        1.8933242572831598E-002
   7.6666666666666661        2.3333333333333330        2.8110116590763550E-002
   7.6666666666666661        2.6666666666666665        3.9550192997894570E-002
   7.6666666666666661        3.0000000000000000        2.6793885314445817E-002
   7.6666666666666661        3.3333333333333330       0.10090490806295731     
   7.6666666666666661        3.6666666666666665       0.15899288710995965     
   7.6666666666666661        4.0000000000000000        9.1781862721223555E-003
   7.6666666666666661        4.3333333333333330        3.2352070030391901E-002
   7.6666666666666661        4.6666666666666661        4.6717777337605793E-002
   7.6666666666666661        5.0000000000000000        1.7757983035973476E-002
   7.6666666666666661        5.3333333333333330        7.7133472676061229E-002
   7.6666666666666661        5.6666666666666661        8.4912435666172625E-002
   7.6666666666666661        6.0000000000000000        5.9744427252501321E-002
   7.6666666666666661        6.3333333333333330        5.6798878043467713E-002
   7.6666666666666661        6.6666666666666661        4.7395099950076944E-002
   7.6666666666666661        7.0000000000000000        3.4950241170338563E-002
   7.6666666666666661        7.3333333333333330        2.7545218421951075E-002
   7.6666666666666661        7.6666666666666661        1.8668925442644251E-002
   7.6666666666666661        8.0000000000000000        4.5564700701813217E-003
   7.6666666666666661        8.3333333333333321        5.7319033631443262E-003
   7.6666666666666661        8.6666666666666661        1.3212636368575812E-003
   7.6666666666666661        9.0000000000000000        7.0064723455514288E-004
   7.6666666666666661        9.3333333333333321        8.0390041424415165E-004
   7.6666666666666661        9.6666666666666661        3.8356976002983719E-004
   7.6666666666666661        10.000000000000000        0.0000000000000000     
 
   8.0000000000000000        0.0000000000000000        0.0000000000000000     
   8.0000000000000000       0.33333333333333331        2.4209969526680229E-004
   8.0000000000000000       0.66666666666666663        4.2854972330346532E-004
   8.0000000000000000        1.0000000000000000        4.6260775221135123E-003
   8.0000000000000000        1.3333333333333333        5.8478903578705844E-003
   8.0000000000000000        1.6666666666666665        8.7435209601102147E-003
   8.0000000000000000        2.0000000000000000        1.3665529916062272E-002
   8.0000000000000000        2.3333333333333330        1.9990843676025358E-002
   8.0000000000000000        2.6666666666666665        2.6558766701157303E-002
   8.0000000000000000        3.0000000000000000        3.1830340070016047E-002
   8.0000000000000000        3.3333333333333330        5.3975600619389281E-002
   8.0000000000000000        3.6666666666666665        9.1781862721223555E-003
   8.0000000000000000        4.0000000000000000        1.1133567227535623E-002
   8.0000000000000000        4.3333333333333330        2.2829543032462089E-002
   8.0000000000000000        4.6666666666666661        2.8786835839384718E-002
   8.0000000000000000        5.0000000000000000        2.1323217226980679E-002
   8.0000000000000000        5.3333333333333330        3.1661661681456552E-002
   8.0000000000000000        5.6666666666666661        4.5378391407250314E-002
   8.0000000000000000        6.0000000000000000        4.2568338081003292E-002
   8.0000000000000000        6.3333333333333330        0.0000000000000000     
   8.0000000000000000        6.6666666666666661        2.1924980336217016E-002
   8.0000000000000000        7.0000000000000000        2.6151131534859654E-002
   8.0000000000000000        7.3333333333333330        4.6703653388164438E-003
   8.0000000000000000        7.6666666666666661        7.4936222975203783E-003
   8.0000000000000000        8.0000000000000000        4.4123907605979635E-003
   8.0000000000000000        8.3333333333333321        3.3454948765403252E-003
   8.0000000000000000        8.6666666666666661        1.6782932704381926E-003
   8.0000000000000000        9.0000000000000000        7.9219406008393552E-004
   8.0000000000000000        9.3333333333333321        5.1689315711660893E-004
   8.0000000000000000        9.6666666666666661        2.5380854245504931E-004
   8.0000000000000000        10.000000000000000        0.0000000000000000     
 
   8.3333333333333321        0.0000000000000000        0.0000000000000000     
   8.3333333333333321       0.33333333333333331        2.0179801921006875E-004
   8.3333333333333321       0.66666666666666663        3.8502540088854024E-004
   8.3333333333333321        1.0000000000000000        2.5478448493062461E-003
   8.3333333333333321        1.3333333333333333        4.1529431218975885E-003
   8.3333333333333321        1.6666666666666665        6.4432819174903306E-003
   8.3333333333333321        2.0000000000000000        9.7797588794393178E-003
   8.3333333333333321        2.3333333333333330        1.5387586045494471E-002
   8.3333333333333321        2.6666666666666665        1.9530161139919764E-002
   8.3333333333333321        3.0000000000000000        2.5390524665131985E-002
   8.3333333333333321        3.3333333333333330        3.6699970140718477E-002
   8.3333333333333321        3.6666666666666665        4.4723995864896391E-003
   8.3333333333333321        4.0000000000000000        5.5225748311299432E-003
   8.3333333333333321        4.3333333333333330        8.7657086990532704E-004
   8.3333333333333321        4.6666666666666661        5.6537504540866057E-004
   8.3333333333333321        5.0000000000000000        1.8991917688626261E-002
   8.3333333333333321        5.3333333333333330        2.2321954641490664E-002
   8.3333333333333321        5.6666666666666661        2.7640438012135553E-002
   8.3333333333333321        6.0000000000000000        2.7930068921669132E-002
   8.3333333333333321        6.3333333333333330        7.4333948961607362E-003
   8.3333333333333321        6.6666666666666661        0.0000000000000000     
   8.3333333333333321        7.0000000000000000        1.9789227711750059E-003
   8.3333333333333321        7.3333333333333330        2.8455265421486941E-003
   8.3333333333333321        7.6666666666666661        3.6759665604264411E-003
   8.3333333333333321        8.0000000000000000        3.2239875567002282E-003
   8.3333333333333321        8.3333333333333321        2.3291773655052914E-003
   8.3333333333333321        8.6666666666666661        4.5553875917283529E-004
   8.3333333333333321        9.0000000000000000        4.8905914793948653E-004
   8.3333333333333321        9.3333333333333321        3.6210340895646701E-004
   8.3333333333333321        9.6666666666666661        1.8682432686640963E-004
   8.3333333333333321        10.000000000000000        0.0000000000000000     
 
   8.6666666666666661        0.0000000000000000        0.0000000000000000     
   8.6666666666666661       0.33333333333333331        2.4123344260671269E-004
   8.6666666666666661       0.66666666666666663        6.4010099448239823E-004
   8.6666666666666661        1.0000000000000000        1.6369051280637112E-003
   8.6666666666666661        1.3333333333333333        2.8333135289091991E-003
   8.6666666666666661        1.6666666666666665        4.6272570836560951E-003
   8.6666666666666661        2.0000000000000000        5.7737999819302017E-003
   8.6666666666666661        2.3333333333333330        9.2171004982880642E-003
   8.6666666666666661        2.6666666666666665        1.4592377474744480E-002
   8.6666666666666661        3.0000000000000000        1.8141863643680981E-002
   8.6666666666666661        3.3333333333333330        0.0000000000000000     
   8.6666666666666661        3.6666666666666665        1.2989096916880361E-003
   8.6666666666666661        4.0000000000000000        2.1610022117994252E-003
   8.6666666666666661        4.3333333333333330        1.1260037533113428E-003
   8.6666666666666661        4.6666666666666661        7.3860434858926186E-004
   8.6666666666666661        5.0000000000000000        1.2157140696542961E-002
   8.6666666666666661        5.3333333333333330        1.4519847439742791E-002
   8.6666666666666661        5.6666666666666661        1.8898028183558836E-002
   8.6666666666666661        6.0000000000000000        1.7628667974211303E-002
   8.6666666666666661        6.3333333333333330        8.9513240181228401E-003
   8.6666666666666661        6.6666666666666661        1.5456524860791498E-003
   8.6666666666666661        7.0000000000000000        1.6086121355958281E-003
   8.6666666666666661        7.3333333333333330        1.7158234861110297E-003
   8.6666666666666661        7.6666666666666661        1.9469564033970420E-003
   8.6666666666666661        8.0000000000000000        6.9498998585671161E-004
   8.6666666666666661        8.3333333333333321        9.8146106797602248E-004
   8.6666666666666661        8.6666666666666661        5.5809632565708128E-004
   8.6666666666666661        9.0000000000000000        1.1025585298325255E-004
   8.6666666666666661        9.3333333333333321        5.1911119723466850E-005
   8.6666666666666661        9.6666666666666661        0.0000000000000000     
   8.6666666666666661        10.000000000000000        0.0000000000000000     
 
   9.0000000000000000        0.0000000000000000        0.0000000000000000     
   9.0000000000000000       0.33333333333333331        1.9653301772020601E-004
   9.0000000000000000       0.66666666666666663        4.8574057339962620E-004
   9.0000000000000000        1.0000000000000000        9.8522085899741874E-004
   9.0000000000000000        1.3333333333333333        1.6722709112642824E-003
   9.0000000000000000        1.6666666666666665        2.3173107482413677E-003
   9.0000000000000000        2.0000000000000000        4.3246350035248994E-003
   9.0000000000000000        2.3333333333333330        6.0092315386280288E-003
   9.0000000000000000        2.6666666666666665        3.1332854779453705E-005
   9.0000000000000000        3.0000000000000000        6.6676070286293858E-005
   9.0000000000000000        3.3333333333333330        4.3537394328161224E-004
   9.0000000000000000        3.6666666666666665        7.7100337749183741E-004
   9.0000000000000000        4.0000000000000000        1.2147676175730054E-003
   9.0000000000000000        4.3333333333333330        1.0294563776179280E-003
   9.0000000000000000        4.6666666666666661        8.6846165110811350E-005
   9.0000000000000000        5.0000000000000000        5.9780996778832215E-003
   9.0000000000000000        5.3333333333333330        7.2664068758789280E-003
   9.0000000000000000        5.6666666666666661        1.3529684233229715E-003
   9.0000000000000000        6.0000000000000000        2.1857743886297466E-003
   9.0000000000000000        6.3333333333333330        3.4588340622554725E-003
   9.0000000000000000        6.6666666666666661        1.8742621302149482E-003
   9.0000000000000000        7.0000000000000000        6.4978747230174348E-004
   9.0000000000000000        7.3333333333333330        8.8907922823049253E-004
   9.0000000000000000        7.6666666666666661        9.1643121500513544E-004
   9.0000000000000000        8.0000000000000000        6.0366355840718708E-004
   9.0000000000000000        8.3333333333333321        6.0392367765106137E-004
   9.0000000000000000        8.6666666666666661        3.9721372510743362E-004
   9.0000000000000000        9.0000000000000000        1.4649995845772868E-004
   9.0000000000000000        9.3333333333333321        6.9872764441770787E-005
   9.0000000000000000        9.6666666666666661        4.3166802909857473E-006
   9.0000000000000000        10.000000000000000        0.0000000000000000     
 
   9.3333333333333321        0.0000000000000000        0.0000000000000000     
   9.3333333333333321       0.33333333333333331        1.2026732357234611E-004
   9.3333333333333321       0.66666666666666663        2.6811909457645581E-004
   9.3333333333333321        1.0000000000000000        4.3376975249670332E-004
   9.3333333333333321        1.3333333333333333        5.1155939431880566E-004
   9.3333333333333321        1.6666666666666665        9.4967342463795474E-004
   9.3333333333333321        2.0000000000000000        6.9908997497823458E-005
   9.3333333333333321        2.3333333333333330        3.3459936231129433E-005
   9.3333333333333321        2.6666666666666665        4.2217582450844560E-005
   9.3333333333333321        3.0000000000000000        8.8601359629079596E-005
   9.3333333333333321        3.3333333333333330        2.2394669599100036E-004
   9.3333333333333321        3.6666666666666665        3.4335306568481280E-004
   9.3333333333333321        4.0000000000000000        0.0000000000000000     
   9.3333333333333321        4.3333333333333330        8.1146149619723903E-005
   9.3333333333333321        4.6666666666666661        1.1182316709473985E-004
   9.3333333333333321        5.0000000000000000        1.5220016958000838E-003
   9.3333333333333321        5.3333333333333330        2.7372509698461887E-003
   9.3333333333333321        5.6666666666666661        1.6976268303069784E-003
   9.3333333333333321        6.0000000000000000        1.4047504556580625E-003
   9.3333333333333321        6.3333333333333330        1.5404382219546472E-003
   9.3333333333333321        6.6666666666666661        1.0520719877080296E-003
   9.3333333333333321        7.0000000000000000        5.8904302073944155E-004
   9.3333333333333321        7.3333333333333330        5.0980469791465357E-004
   9.3333333333333321        7.6666666666666661        4.6564399450644856E-004
   9.3333333333333321        8.0000000000000000        3.6861337722344633E-004
   9.3333333333333321        8.3333333333333321        3.5209584856273621E-005
   9.3333333333333321        8.6666666666666661        3.3274808748244495E-005
   9.3333333333333321        9.0000000000000000        5.4368294644348977E-005
   9.3333333333333321        9.3333333333333321        3.4240541872459850E-005
   9.3333333333333321        9.6666666666666661        1.0158243681867567E-005
   9.3333333333333321        10.000000000000000        0.0000000000000000     
 
   9.6666666666666661        0.0000000000000000        0.0000000000000000     
   9.6666666666666661       0.33333333333333331        5.4755539385343715E-005
   9.6666666666666661       0.66666666666666663        1.1654879271959519E-004
   9.6666666666666661        1.0000000000000000        1.8065031302526050E-004
   9.6666666666666661        1.3333333333333333        2.2917506029000248E-004
   9.6666666666666661        1.6666666666666665        2.9572603005411285E-004
   9.6666666666666661        2.0000000000000000        9.3106166018497126E-005
   9.6666666666666661        2.3333333333333330        3.6050203349235835E-005
   9.6666666666666661        2.6666666666666665        2.9449705787463645E-005
   9.6666666666666661        3.0000000000000000        4.9225488857157870E-005
   9.6666666666666661        3.3333333333333330        9.4371027945300230E-005
   9.6666666666666661        3.6666666666666665        1.3283917525316549E-004
   9.6666666666666661        4.0000000000000000        3.2097793087118833E-005
   9.6666666666666661        4.3333333333333330        7.2940047425874523E-005
   9.6666666666666661        4.6666666666666661        1.9765157249320556E-004
   9.6666666666666661        5.0000000000000000        6.5454195741319031E-004
   9.6666666666666661        5.3333333333333330        1.0515809936015598E-003
   9.6666666666666661        5.6666666666666661        2.3351231059547131E-004
   9.6666666666666661        6.0000000000000000        5.2635527044109134E-004
   9.6666666666666661        6.3333333333333330        5.9559145872007833E-004
   9.6666666666666661        6.6666666666666661        4.5840512576183920E-004
   9.6666666666666661        7.0000000000000000        3.0058804816012678E-004
   9.6666666666666661        7.3333333333333330        2.3533462868065568E-004
   9.6666666666666661        7.6666666666666661        1.9680909885919090E-004
   9.6666666666666661        8.0000000000000000        1.4254937461349518E-004
   9.6666666666666661        8.3333333333333321        4.6678709865492881E-005
   9.6666666666666661        8.6666666666666661        2.3365853281640204E-005
   9.6666666666666661        9.0000000000000000        2.1177601843318377E-005
   9.6666666666666661        9.3333333333333321        1.4048465544473834E-005
   9.6666666666666661        9.6666666666666661        5.5681181872631351E-006
   9.6666666666666661        10.000000000000000        0.0000000000000000     
 
   10.000000000000000        0.0000000000000000        0.0000000000000000     
   10.000000000000000       0.33333333333333331        0.0000000000000000     
   10.000000000000000       0.66666666666666663        0.0000000000000000     
   10.000000000000000        1.0000000000000000        0.0000000000000000     
   10.000000000000000        1.3333333333333333        0.0000000000000000     
   10.000000000000000        1.6666666666666665        0.0000000000000000     
   10.000000000000000        2.0000000000000000        0.0000000000000000     
   10.000000000000000        2.3333333333333330        0.0000000000000000     
   10.000000000000000        2.6666666666666665        0.0000000000000000     
   10.000000000000000        3.0000000000000000        0.0000000000000000     
   10.000000000000000        3.3333333333333330        0.0000000000000000     
   10.000000000000000        3.6666666666666665        0.0000000000000000     
   10.000000000000000        4.0000000000000000        0.0000000000000000     
   10.000000000000000        4.3333333333333330        0.0000000000000000     
   10.000000000000000        4.6666666666666661        0.0000000000000000     
   10.000000000000000        5.0000000000000000        0.0000000000000000     
   10.000000000000000        5.3333333333333330        0.0000000000000000     
   10.000000000000000        5.6666666666666661        0.0000000000000000     
   10.000000000000000        6.0000000000000000        0.0000000000000000     
   10.000000000000000        6.3333333333333330        0.0000000000000000     
   10.000000000000000        6.6666666666666661        0.0000000000000000     
   10.000000000000000        7.0000000000000000        0.0000000000000000     
   10.000000000000000        7.3333333333333330        0.0000000000000000     
   10.000000000000000        7.6666666666666661        0.0000000000000000     
   10.000000000000000        8.0000000000000000        0.0000000000000000     
   10.000000000000000        8.3333333333333321        0.0000000000000000     
   10.000000000000000        8.6666666666666661        0.0000000000000000     
   10.000000000000000        9.0000000000000000        0.0000000000000000     
   10.000000000000000        9.3333333333333321        0.0000000000000000     
   10.000000000000000        9.6666666666666661        0.0000000000000000     
   10.000000000000000        10.000000000000000        0.0000000000000000     
 
