   0.0000000000000000        0.0000000000000000        0.0000000000000000     
   0.0000000000000000       0.33333333333333331        0.0000000000000000     
   0.0000000000000000       0.66666666666666663        0.0000000000000000     
   0.0000000000000000        1.0000000000000000        0.0000000000000000     
   0.0000000000000000        1.3333333333333333        0.0000000000000000     
   0.0000000000000000        1.6666666666666665        0.0000000000000000     
   0.0000000000000000        2.0000000000000000        0.0000000000000000     
   0.0000000000000000        2.3333333333333330        0.0000000000000000     
   0.0000000000000000        2.6666666666666665        0.0000000000000000     
   0.0000000000000000        3.0000000000000000        0.0000000000000000     
   0.0000000000000000        3.3333333333333330        0.0000000000000000     
   0.0000000000000000        3.6666666666666665        0.0000000000000000     
   0.0000000000000000        4.0000000000000000        0.0000000000000000     
   0.0000000000000000        4.3333333333333330        0.0000000000000000     
   0.0000000000000000        4.6666666666666661        0.0000000000000000     
   0.0000000000000000        5.0000000000000000        0.0000000000000000     
   0.0000000000000000        5.3333333333333330        0.0000000000000000     
   0.0000000000000000        5.6666666666666661        0.0000000000000000     
   0.0000000000000000        6.0000000000000000        0.0000000000000000     
   0.0000000000000000        6.3333333333333330        0.0000000000000000     
   0.0000000000000000        6.6666666666666661        0.0000000000000000     
   0.0000000000000000        7.0000000000000000        0.0000000000000000     
   0.0000000000000000        7.3333333333333330        0.0000000000000000     
   0.0000000000000000        7.6666666666666661        0.0000000000000000     
   0.0000000000000000        8.0000000000000000        0.0000000000000000     
   0.0000000000000000        8.3333333333333321        0.0000000000000000     
   0.0000000000000000        8.6666666666666661        0.0000000000000000     
   0.0000000000000000        9.0000000000000000        0.0000000000000000     
   0.0000000000000000        9.3333333333333321        0.0000000000000000     
   0.0000000000000000        9.6666666666666661        0.0000000000000000     
   0.0000000000000000        10.000000000000000        0.0000000000000000     
 
  0.33333333333333331        0.0000000000000000        0.0000000000000000     
  0.33333333333333331       0.33333333333333331        4.0384860958997663E-005
  0.33333333333333331       0.66666666666666663        6.7217503949252720E-005
  0.33333333333333331        1.0000000000000000        6.5497321101234306E-005
  0.33333333333333331        1.3333333333333333        1.4275400626527761E-004
  0.33333333333333331        1.6666666666666665        2.2104603506523668E-004
  0.33333333333333331        2.0000000000000000        3.6214322558074505E-004
  0.33333333333333331        2.3333333333333330        4.7867462749326552E-004
  0.33333333333333331        2.6666666666666665        4.5030632505051150E-004
  0.33333333333333331        3.0000000000000000        9.5188674432710059E-004
  0.33333333333333331        3.3333333333333330        1.0695637588807327E-003
  0.33333333333333331        3.6666666666666665        1.0157931674066030E-003
  0.33333333333333331        4.0000000000000000        1.0240356773158971E-003
  0.33333333333333331        4.3333333333333330        1.0571595286347597E-003
  0.33333333333333331        4.6666666666666661        7.2536472311859391E-004
  0.33333333333333331        5.0000000000000000        1.2378092829266045E-003
  0.33333333333333331        5.3333333333333330        3.1749118578304060E-003
  0.33333333333333331        5.6666666666666661        4.1480374035681488E-003
  0.33333333333333331        6.0000000000000000        4.9188731181530887E-003
  0.33333333333333331        6.3333333333333330        5.4050306410635268E-003
  0.33333333333333331        6.6666666666666661        3.6800849696771334E-003
  0.33333333333333331        7.0000000000000000        6.0991581390179130E-003
  0.33333333333333331        7.3333333333333330        2.6439237733918812E-003
  0.33333333333333331        7.6666666666666661        2.1816284852016793E-003
  0.33333333333333331        8.0000000000000000        1.5783741986586622E-003
  0.33333333333333331        8.3333333333333321        9.9662660015339510E-004
  0.33333333333333331        8.6666666666666661        7.1670281611696898E-004
  0.33333333333333331        9.0000000000000000        4.9956500011446128E-004
  0.33333333333333331        9.3333333333333321        2.6376447122173008E-004
  0.33333333333333331        9.6666666666666661        1.1113465233832607E-004
  0.33333333333333331        10.000000000000000        0.0000000000000000     
 
  0.66666666666666663        0.0000000000000000        0.0000000000000000     
  0.66666666666666663       0.33333333333333331        1.0214394259892552E-004
  0.66666666666666663       0.66666666666666663        1.7613979762667374E-004
  0.66666666666666663        1.0000000000000000        3.7554061360069797E-004
  0.66666666666666663        1.3333333333333333        3.1355273215782881E-004
  0.66666666666666663        1.6666666666666665        4.2315675157634337E-004
  0.66666666666666663        2.0000000000000000        8.1781483712010201E-004
  0.66666666666666663        2.3333333333333330        1.1898906196319619E-003
  0.66666666666666663        2.6666666666666665        2.7358329704083003E-003
  0.66666666666666663        3.0000000000000000        2.4469758289825077E-003
  0.66666666666666663        3.3333333333333330        2.4875515813417345E-003
  0.66666666666666663        3.6666666666666665        2.1422978449989931E-003
  0.66666666666666663        4.0000000000000000        2.1995984640201640E-003
  0.66666666666666663        4.3333333333333330        2.6585357464262720E-003
  0.66666666666666663        4.6666666666666661        0.0000000000000000     
  0.66666666666666663        5.0000000000000000        7.6583015235811109E-003
  0.66666666666666663        5.3333333333333330        7.7670580396467116E-003
  0.66666666666666663        5.6666666666666661        9.0589649080364074E-003
  0.66666666666666663        6.0000000000000000        1.0752861991028749E-002
  0.66666666666666663        6.3333333333333330        1.3681370683897581E-002
  0.66666666666666663        6.6666666666666661        2.3262810772818623E-002
  0.66666666666666663        7.0000000000000000        1.8814049050365315E-002
  0.66666666666666663        7.3333333333333330        4.1736396369827606E-003
  0.66666666666666663        7.6666666666666661        4.8201003942832639E-003
  0.66666666666666663        8.0000000000000000        3.3786191186706968E-003
  0.66666666666666663        8.3333333333333321        1.8562567871625529E-003
  0.66666666666666663        8.6666666666666661        1.4963874900357883E-003
  0.66666666666666663        9.0000000000000000        1.1089067519628323E-003
  0.66666666666666663        9.3333333333333321        4.9424238064115574E-004
  0.66666666666666663        9.6666666666666661        2.0230858311189628E-004
  0.66666666666666663        10.000000000000000        0.0000000000000000     
 
   1.0000000000000000        0.0000000000000000        0.0000000000000000     
   1.0000000000000000       0.33333333333333331        2.1110678444035197E-004
   1.0000000000000000       0.66666666666666663        3.9194334317230374E-004
   1.0000000000000000        1.0000000000000000        5.1106754452951656E-004
   1.0000000000000000        1.3333333333333333        3.7554061360069797E-004
   1.0000000000000000        1.6666666666666665        1.3060893748984546E-003
   1.0000000000000000        2.0000000000000000        1.4484361898709859E-003
   1.0000000000000000        2.3333333333333330        2.4845987887553351E-003
   1.0000000000000000        2.6666666666666665        3.4790096063133497E-003
   1.0000000000000000        3.0000000000000000        4.0074651527076668E-003
   1.0000000000000000        3.3333333333333330        4.6827224956479778E-003
   1.0000000000000000        3.6666666666666665        3.2196008801908750E-003
   1.0000000000000000        4.0000000000000000        3.3435568238799314E-003
   1.0000000000000000        4.3333333333333330        5.1567465293945606E-003
   1.0000000000000000        4.6666666666666661        7.4993670065690689E-003
   1.0000000000000000        5.0000000000000000        8.7073604807269677E-003
   1.0000000000000000        5.3333333333333330        1.2264848706373444E-002
   1.0000000000000000        5.6666666666666661        1.4748888347902549E-002
   1.0000000000000000        6.0000000000000000        1.6671072082033965E-002
   1.0000000000000000        6.3333333333333330        2.6445071953851075E-002
   1.0000000000000000        6.6666666666666661        3.0367137177105947E-002
   1.0000000000000000        7.0000000000000000        2.9243285197842674E-002
   1.0000000000000000        7.3333333333333330        2.1419239369660753E-002
   1.0000000000000000        7.6666666666666661        1.0233032860493449E-002
   1.0000000000000000        8.0000000000000000        5.7676048516087201E-003
   1.0000000000000000        8.3333333333333321        3.2470542354427140E-003
   1.0000000000000000        8.6666666666666661        2.5622029599856361E-003
   1.0000000000000000        9.0000000000000000        2.1432931068942388E-003
   1.0000000000000000        9.3333333333333321        2.0219549582193718E-004
   1.0000000000000000        9.6666666666666661        2.4254615647941745E-004
   1.0000000000000000        10.000000000000000        0.0000000000000000     
 
   1.3333333333333333        0.0000000000000000        0.0000000000000000     
   1.3333333333333333       0.33333333333333331        3.8792995836064206E-004
   1.3333333333333333       0.66666666666666663        7.3950494191115843E-004
   1.3333333333333333        1.0000000000000000        9.9450367204004611E-004
   1.3333333333333333        1.3333333333333333        1.7858155663732669E-003
   1.3333333333333333        1.6666666666666665        1.4133229728499185E-003
   1.3333333333333333        2.0000000000000000        4.3611605383929225E-003
   1.3333333333333333        2.3333333333333330        4.2368098047288099E-003
   1.3333333333333333        2.6666666666666665        5.2417329109195211E-003
   1.3333333333333333        3.0000000000000000        6.0281663937977303E-003
   1.3333333333333333        3.3333333333333330        9.6872723132184202E-003
   1.3333333333333333        3.6666666666666665        1.8694217609228583E-002
   1.3333333333333333        4.0000000000000000        1.1974577278059029E-002
   1.3333333333333333        4.3333333333333330        1.0269310277085705E-002
   1.3333333333333333        4.6666666666666661        1.9270279288494764E-002
   1.3333333333333333        5.0000000000000000        1.9780696323145799E-002
   1.3333333333333333        5.3333333333333330        1.9452976524502334E-002
   1.3333333333333333        5.6666666666666661        2.2797452358042286E-002
   1.3333333333333333        6.0000000000000000        5.4276956924948293E-002
   1.3333333333333333        6.3333333333333330        4.7771151997688943E-002
   1.3333333333333333        6.6666666666666661        4.5676048145089361E-002
   1.3333333333333333        7.0000000000000000        4.1651430907004107E-002
   1.3333333333333333        7.3333333333333330        3.5048819781816079E-002
   1.3333333333333333        7.6666666666666661        3.8651525781106559E-003
   1.3333333333333333        8.0000000000000000        4.5190727593679330E-003
   1.3333333333333333        8.3333333333333321        4.4673618209963521E-003
   1.3333333333333333        8.6666666666666661        3.7923972337878570E-003
   1.3333333333333333        9.0000000000000000        3.1271531976697418E-003
   1.3333333333333333        9.3333333333333321        1.3695823726302715E-003
   1.3333333333333333        9.6666666666666661        6.1091797282650012E-004
   1.3333333333333333        10.000000000000000        0.0000000000000000     
 
   1.6666666666666665        0.0000000000000000        0.0000000000000000     
   1.6666666666666665       0.33333333333333331        6.6607211712603855E-004
   1.6666666666666665       0.66666666666666663        1.3071099751145044E-003
   1.6666666666666665        1.0000000000000000        1.8987334952157659E-003
   1.6666666666666665        1.3333333333333333        2.4693825924301362E-003
   1.6666666666666665        1.6666666666666665        5.8351159227272445E-003
   1.6666666666666665        2.0000000000000000        5.1914718685123285E-003
   1.6666666666666665        2.3333333333333330        5.5317590288017481E-003
   1.6666666666666665        2.6666666666666665        8.0044729442306957E-003
   1.6666666666666665        3.0000000000000000        2.0669062159573058E-002
   1.6666666666666665        3.3333333333333330        1.9568600867284153E-002
   1.6666666666666665        3.6666666666666665        2.0995917548548512E-002
   1.6666666666666665        4.0000000000000000        1.5373890662718760E-002
   1.6666666666666665        4.3333333333333330        1.5155414854233955E-002
   1.6666666666666665        4.6666666666666661        2.1851219090490526E-002
   1.6666666666666665        5.0000000000000000        2.2619552583134823E-002
   1.6666666666666665        5.3333333333333330        2.5315353049506148E-002
   1.6666666666666665        5.6666666666666661        3.6691425872703951E-002
   1.6666666666666665        6.0000000000000000        6.5349742735056254E-002
   1.6666666666666665        6.3333333333333330        6.8854643863381082E-002
   1.6666666666666665        6.6666666666666661        6.7053321611801095E-002
   1.6666666666666665        7.0000000000000000        6.0603266764751411E-002
   1.6666666666666665        7.3333333333333330        4.5666579372677887E-002
   1.6666666666666665        7.6666666666666661        3.2627652079796638E-003
   1.6666666666666665        8.0000000000000000        4.6852546254247014E-003
   1.6666666666666665        8.3333333333333321        6.9944194076721538E-003
   1.6666666666666665        8.6666666666666661        5.6076833437147863E-003
   1.6666666666666665        9.0000000000000000        3.9550845466558224E-003
   1.6666666666666665        9.3333333333333321        2.3615353287351789E-003
   1.6666666666666665        9.6666666666666661        9.3821726879348994E-004
   1.6666666666666665        10.000000000000000        0.0000000000000000     
 
   2.0000000000000000        0.0000000000000000        0.0000000000000000     
   2.0000000000000000       0.33333333333333331        1.0735789927241205E-003
   2.0000000000000000       0.66666666666666663        2.1277352219660241E-003
   2.0000000000000000        1.0000000000000000        3.1188564380554618E-003
   2.0000000000000000        1.3333333333333333        4.1109550934178424E-003
   2.0000000000000000        1.6666666666666665        7.3301441530331740E-003
   2.0000000000000000        2.0000000000000000        5.8351159227272445E-003
   2.0000000000000000        2.3333333333333330        1.2669075760770539E-002
   2.0000000000000000        2.6666666666666665        1.4341491395519764E-002
   2.0000000000000000        3.0000000000000000        2.4095583834433689E-002
   2.0000000000000000        3.3333333333333330        2.9099928739009170E-002
   2.0000000000000000        3.6666666666666665        3.2724485113652085E-002
   2.0000000000000000        4.0000000000000000        5.5667084157822060E-002
   2.0000000000000000        4.3333333333333330        5.4520477340485131E-002
   2.0000000000000000        4.6666666666666661        3.3054720689462198E-002
   2.0000000000000000        5.0000000000000000        2.6290638525989139E-002
   2.0000000000000000        5.3333333333333330        0.0000000000000000     
   2.0000000000000000        5.6666666666666661       0.15928288257437395     
   2.0000000000000000        6.0000000000000000       0.10637461761874122     
   2.0000000000000000        6.3333333333333330       0.10036601153632906     
   2.0000000000000000        6.6666666666666661        9.8225812857519620E-002
   2.0000000000000000        7.0000000000000000        9.2984708948793557E-002
   2.0000000000000000        7.3333333333333330        1.9984511280957662E-003
   2.0000000000000000        7.6666666666666661        2.4023659062251891E-003
   2.0000000000000000        8.0000000000000000        2.4781950401700698E-002
   2.0000000000000000        8.3333333333333321        1.4157200902865881E-002
   2.0000000000000000        8.6666666666666661        8.4868096045604934E-003
   2.0000000000000000        9.0000000000000000        5.3280044740817954E-003
   2.0000000000000000        9.3333333333333321        3.5630162804828579E-003
   2.0000000000000000        9.6666666666666661        6.5969222977309457E-004
   2.0000000000000000        10.000000000000000        0.0000000000000000     
 
   2.3333333333333330        0.0000000000000000        0.0000000000000000     
   2.3333333333333330       0.33333333333333331        1.6566937000084740E-003
   2.3333333333333330       0.66666666666666663        3.3175545985883281E-003
   2.3333333333333330        1.0000000000000000        4.7821805184911212E-003
   2.3333333333333330        1.3333333333333333        1.3904185204835691E-002
   2.3333333333333330        1.6666666666666665        1.4498235331034649E-002
   2.3333333333333330        2.0000000000000000        3.2120161087300612E-002
   2.3333333333333330        2.3333333333333330        4.0929107698237162E-002
   2.3333333333333330        2.6666666666666665        4.0611473630815145E-002
   2.3333333333333330        3.0000000000000000        3.4787965941581074E-002
   2.3333333333333330        3.3333333333333330        4.2841318784699177E-002
   2.3333333333333330        3.6666666666666665        5.1157327784963715E-002
   2.3333333333333330        4.0000000000000000        6.0827017541854010E-002
   2.3333333333333330        4.3333333333333330        8.0724655572817619E-002
   2.3333333333333330        4.6666666666666661       0.16813297758687581     
   2.3333333333333330        5.0000000000000000       0.21883286075618719     
   2.3333333333333330        5.3333333333333330       0.23957389163067502     
   2.3333333333333330        5.6666666666666661       0.21840213789163601     
   2.3333333333333330        6.0000000000000000       0.17012346518180727     
   2.3333333333333330        6.3333333333333330       0.13410803286822867     
   2.3333333333333330        6.6666666666666661       0.13861955368965254     
   2.3333333333333330        7.0000000000000000       0.12625073458642808     
   2.3333333333333330        7.3333333333333330       0.13192894680618666     
   2.3333333333333330        7.6666666666666661        7.4141678212410730E-002
   2.3333333333333330        8.0000000000000000        3.7867590911852024E-002
   2.3333333333333330        8.3333333333333321        1.7962727437378086E-002
   2.3333333333333330        8.6666666666666661        9.9489125917222952E-003
   2.3333333333333330        9.0000000000000000        6.0751517018597049E-003
   2.3333333333333330        9.3333333333333321        3.5514436511763377E-003
   2.3333333333333330        9.6666666666666661        1.4290989514071527E-003
   2.3333333333333330        10.000000000000000        0.0000000000000000     
 
   2.6666666666666665        0.0000000000000000        0.0000000000000000     
   2.6666666666666665       0.33333333333333331        2.4586407865562656E-003
   2.6666666666666665       0.66666666666666663        5.1411718050509278E-003
   2.6666666666666665        1.0000000000000000        8.5246793151032597E-003
   2.6666666666666665        1.3333333333333333        1.4892756756451740E-002
   2.6666666666666665        1.6666666666666665        2.3849920698929689E-002
   2.6666666666666665        2.0000000000000000        3.5177304251880689E-002
   2.6666666666666665        2.3333333333333330        4.4503842051391532E-002
   2.6666666666666665        2.6666666666666665        4.9890827568294875E-002
   2.6666666666666665        3.0000000000000000        6.8576274923478051E-002
   2.6666666666666665        3.3333333333333330        5.9866475344358606E-002
   2.6666666666666665        3.6666666666666665        7.2256021929656050E-002
   2.6666666666666665        4.0000000000000000       0.12457989302409277     
   2.6666666666666665        4.3333333333333330       0.13270751048649113     
   2.6666666666666665        4.6666666666666661       0.17667725206199286     
   2.6666666666666665        5.0000000000000000       0.22641279312502965     
   2.6666666666666665        5.3333333333333330       0.26640761601462798     
   2.6666666666666665        5.6666666666666661       0.26208225001065877     
   2.6666666666666665        6.0000000000000000       0.21304583723308410     
   2.6666666666666665        6.3333333333333330       0.24779909504374123     
   2.6666666666666665        6.6666666666666661       0.20251997561327648     
   2.6666666666666665        7.0000000000000000       0.15400931316669206     
   2.6666666666666665        7.3333333333333330       0.14040183898301564     
   2.6666666666666665        7.6666666666666661       0.11577557383339011     
   2.6666666666666665        8.0000000000000000        1.0354511102719814E-002
   2.6666666666666665        8.3333333333333321        1.1783206965946591E-002
   2.6666666666666665        8.6666666666666661        8.5221571654612097E-003
   2.6666666666666665        9.0000000000000000        6.3347752887017283E-003
   2.6666666666666665        9.3333333333333321        3.6830406974241378E-003
   2.6666666666666665        9.6666666666666661        1.7333376807966113E-003
   2.6666666666666665        10.000000000000000        0.0000000000000000     
 
   3.0000000000000000        0.0000000000000000        0.0000000000000000     
   3.0000000000000000       0.33333333333333331        3.3440939570897324E-003
   3.0000000000000000       0.66666666666666663        6.8871170299526227E-003
   3.0000000000000000        1.0000000000000000        1.0266076374900224E-002
   3.0000000000000000        1.3333333333333333        2.9306993980284368E-002
   3.0000000000000000        1.6666666666666665        3.3079215146309314E-002
   3.0000000000000000        2.0000000000000000        4.3254756128755047E-002
   3.0000000000000000        2.3333333333333330        5.5510496813860180E-002
   3.0000000000000000        2.6666666666666665        6.8210572212186737E-002
   3.0000000000000000        3.0000000000000000        8.1507387104916090E-002
   3.0000000000000000        3.3333333333333330       0.12043194452088379     
   3.0000000000000000        3.6666666666666665       0.11001575502227882     
   3.0000000000000000        4.0000000000000000       0.14772553329587551     
   3.0000000000000000        4.3333333333333330       0.15641722858638193     
   3.0000000000000000        4.6666666666666661       0.18714663275048557     
   3.0000000000000000        5.0000000000000000       0.25017781207930728     
   3.0000000000000000        5.3333333333333330       0.34199616777502118     
   3.0000000000000000        5.6666666666666661       0.35473454989688241     
   3.0000000000000000        6.0000000000000000       0.37496309603425865     
   3.0000000000000000        6.3333333333333330       0.29837354334072935     
   3.0000000000000000        6.6666666666666661       0.27564273386059235     
   3.0000000000000000        7.0000000000000000       0.20078168580106615     
   3.0000000000000000        7.3333333333333330       0.16761215113749670     
   3.0000000000000000        7.6666666666666661       0.13985754093710157     
   3.0000000000000000        8.0000000000000000        9.4317958887374251E-002
   3.0000000000000000        8.3333333333333321        6.1837138100570063E-003
   3.0000000000000000        8.6666666666666661        7.1997894406661015E-003
   3.0000000000000000        9.0000000000000000        7.9885400687018087E-003
   3.0000000000000000        9.3333333333333321        4.0049434652275305E-003
   3.0000000000000000        9.6666666666666661        2.0954689610219535E-003
   3.0000000000000000        10.000000000000000        0.0000000000000000     
 
   3.3333333333333330        0.0000000000000000        0.0000000000000000     
   3.3333333333333330       0.33333333333333331        4.4223663745607154E-003
   3.3333333333333330       0.66666666666666663        9.5766413899409496E-003
   3.3333333333333330        1.0000000000000000        1.6498703148488326E-002
   3.3333333333333330        1.3333333333333333        2.8143013290437700E-002
   3.3333333333333330        1.6666666666666665        3.8666295222504393E-002
   3.3333333333333330        2.0000000000000000        5.2466316520372626E-002
   3.3333333333333330        2.3333333333333330        6.9683657383377354E-002
   3.3333333333333330        2.6666666666666665        8.9808761625869038E-002
   3.3333333333333330        3.0000000000000000       0.11186006018654446     
   3.3333333333333330        3.3333333333333330       0.13538186128352131     
   3.3333333333333330        3.6666666666666665       0.14183764788235478     
   3.3333333333333330        4.0000000000000000       0.17136404983054257     
   3.3333333333333330        4.3333333333333330       0.16606631978396724     
   3.3333333333333330        4.6666666666666661       0.17267114315590124     
   3.3333333333333330        5.0000000000000000       0.57070788668396077     
   3.3333333333333330        5.3333333333333330       0.49692351976983601     
   3.3333333333333330        5.6666666666666661       0.45978371825967496     
   3.3333333333333330        6.0000000000000000       0.45092211228412449     
   3.3333333333333330        6.3333333333333330       0.39689598070399440     
   3.3333333333333330        6.6666666666666661       0.32985385925332789     
   3.3333333333333330        7.0000000000000000       0.24076096862191865     
   3.3333333333333330        7.3333333333333330       0.19679413308804988     
   3.3333333333333330        7.6666666666666661       0.14369195713536426     
   3.3333333333333330        8.0000000000000000       0.10170599808518824     
   3.3333333333333330        8.3333333333333321        4.0939651132995684E-002
   3.3333333333333330        8.6666666666666661        1.7377547781433470E-002
   3.3333333333333330        9.0000000000000000        1.1591017333428029E-002
   3.3333333333333330        9.3333333333333321        6.5054496975897646E-003
   3.3333333333333330        9.6666666666666661        2.9609831770724582E-003
   3.3333333333333330        10.000000000000000        0.0000000000000000     
 
   3.6666666666666665        0.0000000000000000        0.0000000000000000     
   3.6666666666666665       0.33333333333333331        5.2553784650377390E-003
   3.6666666666666665       0.66666666666666663        1.1498742831842055E-002
   3.6666666666666665        1.0000000000000000        1.9590787860554560E-002
   3.6666666666666665        1.3333333333333333        3.0503735517575285E-002
   3.6666666666666665        1.6666666666666665        4.3881761761862599E-002
   3.6666666666666665        2.0000000000000000        6.1608167668618957E-002
   3.6666666666666665        2.3333333333333330        8.4630418933864471E-002
   3.6666666666666665        2.6666666666666665       0.11334939694504233     
   3.6666666666666665        3.0000000000000000       0.14471036566613169     
   3.6666666666666665        3.3333333333333330       0.17148718023572151     
   3.6666666666666665        3.6666666666666665       0.18430913230454812     
   3.6666666666666665        4.0000000000000000       0.18345145210593869     
   3.6666666666666665        4.3333333333333330       0.17136404983054257     
   3.6666666666666665        4.6666666666666661       0.70258233984020058     
   3.6666666666666665        5.0000000000000000       0.63201918498245280     
   3.6666666666666665        5.3333333333333330       0.60614351863496441     
   3.6666666666666665        5.6666666666666661       0.52998335683942954     
   3.6666666666666665        6.0000000000000000       0.51220439050954991     
   3.6666666666666665        6.3333333333333330       0.46116815044255216     
   3.6666666666666665        6.6666666666666661       0.40702482720963357     
   3.6666666666666665        7.0000000000000000       0.29201604731655945     
   3.6666666666666665        7.3333333333333330       0.24168617263353304     
   3.6666666666666665        7.6666666666666661        6.8041666919033100E-002
   3.6666666666666665        8.0000000000000000        7.4109881854173318E-002
   3.6666666666666665        8.3333333333333321        4.5323926229937965E-002
   3.6666666666666665        8.6666666666666661        2.5301256593795986E-002
   3.6666666666666665        9.0000000000000000        1.6009937887004382E-002
   3.6666666666666665        9.3333333333333321        8.3620099815038210E-003
   3.6666666666666665        9.6666666666666661        3.6662557202996339E-003
   3.6666666666666665        10.000000000000000        0.0000000000000000     
 
   4.0000000000000000        0.0000000000000000        0.0000000000000000     
   4.0000000000000000       0.33333333333333331        5.6582904387642279E-003
   4.0000000000000000       0.66666666666666663        1.2726665391431134E-002
   4.0000000000000000        1.0000000000000000        2.1657660108356739E-002
   4.0000000000000000        1.3333333333333333        3.2863277762776436E-002
   4.0000000000000000        1.6666666666666665        4.7752346630155401E-002
   4.0000000000000000        2.0000000000000000        6.8869776242913711E-002
   4.0000000000000000        2.3333333333333330        9.7520803076537793E-002
   4.0000000000000000        2.6666666666666665       0.13785123264716581     
   4.0000000000000000        3.0000000000000000       0.18550174063181823     
   4.0000000000000000        3.3333333333333330       0.22468776852837313     
   4.0000000000000000        3.6666666666666665       0.24393814246587836     
   4.0000000000000000        4.0000000000000000       0.21203764786746274     
   4.0000000000000000        4.3333333333333330       0.78030948045848336     
   4.0000000000000000        4.6666666666666661       0.75331578991043802     
   4.0000000000000000        5.0000000000000000       0.81152667750900698     
   4.0000000000000000        5.3333333333333330       0.74760982125407194     
   4.0000000000000000        5.6666666666666661       0.67669941282975998     
   4.0000000000000000        6.0000000000000000       0.59564351915097224     
   4.0000000000000000        6.3333333333333330       0.52106665621656811     
   4.0000000000000000        6.6666666666666661       0.42633367833784058     
   4.0000000000000000        7.0000000000000000       0.34539833220832089     
   4.0000000000000000        7.3333333333333330       0.19090962673349571     
   4.0000000000000000        7.6666666666666661       0.10392257539970996     
   4.0000000000000000        8.0000000000000000        8.7251514205326688E-002
   4.0000000000000000        8.3333333333333321        5.4161322153171806E-002
   4.0000000000000000        8.6666666666666661        2.6567858613425834E-002
   4.0000000000000000        9.0000000000000000        2.0713421909161797E-002
   4.0000000000000000        9.3333333333333321        7.1484099225131385E-003
   4.0000000000000000        9.6666666666666661        3.8412025232212586E-003
   4.0000000000000000        10.000000000000000        0.0000000000000000     
 
   4.3333333333333330        0.0000000000000000        0.0000000000000000     
   4.3333333333333330       0.33333333333333331        5.2424618078939673E-003
   4.3333333333333330       0.66666666666666663        1.3350469675719808E-002
   4.3333333333333330        1.0000000000000000        2.3405805307477781E-002
   4.3333333333333330        1.3333333333333333        3.4121763253569970E-002
   4.3333333333333330        1.6666666666666665        4.8488779185796735E-002
   4.3333333333333330        2.0000000000000000        7.2045321171503057E-002
   4.3333333333333330        2.3333333333333330       0.10226622132183982     
   4.3333333333333330        2.6666666666666665       0.15814825160722107     
   4.3333333333333330        3.0000000000000000       0.23695737511984299     
   4.3333333333333330        3.3333333333333330       0.29889818575224325     
   4.3333333333333330        3.6666666666666665       0.35543076265601697     
   4.3333333333333330        4.0000000000000000       0.75141913999621990     
   4.3333333333333330        4.3333333333333330       0.77932157223146137     
   4.3333333333333330        4.6666666666666661       0.85403188797898444     
   4.3333333333333330        5.0000000000000000       0.83395405438913628     
   4.3333333333333330        5.3333333333333330       0.79099296869061131     
   4.3333333333333330        5.6666666666666661       0.73015733357382906     
   4.3333333333333330        6.0000000000000000       0.65308345503371157     
   4.3333333333333330        6.3333333333333330       0.58819552697968669     
   4.3333333333333330        6.6666666666666661       0.40980057909156209     
   4.3333333333333330        7.0000000000000000       0.31723173778933678     
   4.3333333333333330        7.3333333333333330       0.19604378612300075     
   4.3333333333333330        7.6666666666666661       0.12646528728893389     
   4.3333333333333330        8.0000000000000000        8.9556808682509162E-002
   4.3333333333333330        8.3333333333333321        5.8795641721306982E-002
   4.3333333333333330        8.6666666666666661        3.5206530907787775E-002
   4.3333333333333330        9.0000000000000000        2.1893137423576632E-002
   4.3333333333333330        9.3333333333333321        1.1346500540580612E-002
   4.3333333333333330        9.6666666666666661        5.0479709079797163E-003
   4.3333333333333330        10.000000000000000        0.0000000000000000     
 
   4.6666666666666661        0.0000000000000000        0.0000000000000000     
   4.6666666666666661       0.33333333333333331        2.5095749704814093E-003
   4.6666666666666661       0.66666666666666663        2.4080211529447164E-002
   4.6666666666666661        1.0000000000000000        2.6647524764592874E-002
   4.6666666666666661        1.3333333333333333        3.4464739396870211E-002
   4.6666666666666661        1.6666666666666665        4.3224879192216147E-002
   4.6666666666666661        2.0000000000000000        7.4913697909225196E-002
   4.6666666666666661        2.3333333333333330        8.4910518270423271E-002
   4.6666666666666661        2.6666666666666665       0.30528898510324154     
   4.6666666666666661        3.0000000000000000       0.30596352276174671     
   4.6666666666666661        3.3333333333333330       0.37621852470993167     
   4.6666666666666661        3.6666666666666665       0.51793718729232896     
   4.6666666666666661        4.0000000000000000       0.69307328358585862     
   4.6666666666666661        4.3333333333333330       0.77462348181991425     
   4.6666666666666661        4.6666666666666661       0.82813774098176840     
   4.6666666666666661        5.0000000000000000       0.83514816100028799     
   4.6666666666666661        5.3333333333333330       0.81264451664878723     
   4.6666666666666661        5.6666666666666661       0.76645447494353802     
   4.6666666666666661        6.0000000000000000       0.67289888333106773     
   4.6666666666666661        6.3333333333333330       0.57135476251377526     
   4.6666666666666661        6.6666666666666661       0.49651822070691415     
   4.6666666666666661        7.0000000000000000       0.14718132424788460     
   4.6666666666666661        7.3333333333333330       0.15374659517581904     
   4.6666666666666661        7.6666666666666661       0.12178438995869664     
   4.6666666666666661        8.0000000000000000        9.1108750468495994E-002
   4.6666666666666661        8.3333333333333321        6.0742795313878793E-002
   4.6666666666666661        8.6666666666666661        3.6805417548395163E-002
   4.6666666666666661        9.0000000000000000        2.2608044365658022E-002
   4.6666666666666661        9.3333333333333321        1.2602030562676395E-002
   4.6666666666666661        9.6666666666666661        5.6207095280409718E-003
   4.6666666666666661        10.000000000000000        0.0000000000000000     
 
   5.0000000000000000        0.0000000000000000        0.0000000000000000     
   5.0000000000000000       0.33333333333333331        2.5648500223537669E-003
   5.0000000000000000       0.66666666666666663        2.1129324381014475E-002
   5.0000000000000000        1.0000000000000000        2.7208702715816425E-002
   5.0000000000000000        1.3333333333333333        3.6800991149447737E-002
   5.0000000000000000        1.6666666666666665        5.0005416718515355E-002
   5.0000000000000000        2.0000000000000000        6.9263176851428368E-002
   5.0000000000000000        2.3333333333333330        8.1748007915060705E-002
   5.0000000000000000        2.6666666666666665       0.30150774714788386     
   5.0000000000000000        3.0000000000000000       0.30495156541596163     
   5.0000000000000000        3.3333333333333330       0.65387818760560168     
   5.0000000000000000        3.6666666666666665       0.63192309179168582     
   5.0000000000000000        4.0000000000000000       0.70100101291890515     
   5.0000000000000000        4.3333333333333330       0.76343813020284490     
   5.0000000000000000        4.6666666666666661       0.80644848183359563     
   5.0000000000000000        5.0000000000000000       0.82168104701610301     
   5.0000000000000000        5.3333333333333330       0.81565850770796300     
   5.0000000000000000        5.6666666666666661       0.81248298443679112     
   5.0000000000000000        6.0000000000000000       0.51189808039321805     
   5.0000000000000000        6.3333333333333330       0.50984867578818038     
   5.0000000000000000        6.6666666666666661       0.32931527189200305     
   5.0000000000000000        7.0000000000000000       0.18859505093083584     
   5.0000000000000000        7.3333333333333330       0.15572102402560661     
   5.0000000000000000        7.6666666666666661       0.12157995708216349     
   5.0000000000000000        8.0000000000000000        9.7778295679306709E-002
   5.0000000000000000        8.3333333333333321        3.8918362688315715E-002
   5.0000000000000000        8.6666666666666661        3.1978073522998939E-002
   5.0000000000000000        9.0000000000000000        2.1466909009363683E-002
   5.0000000000000000        9.3333333333333321        1.2261797597249538E-002
   5.0000000000000000        9.6666666666666661        5.5084767770929941E-003
   5.0000000000000000        10.000000000000000        0.0000000000000000     
 
   5.3333333333333330        0.0000000000000000        0.0000000000000000     
   5.3333333333333330       0.33333333333333331        5.4738988583746036E-003
   5.3333333333333330       0.66666666666666663        1.7230557632985380E-002
   5.3333333333333330        1.0000000000000000        2.6848668183248887E-002
   5.3333333333333330        1.3333333333333333        3.8607242496326244E-002
   5.3333333333333330        1.6666666666666665        5.4336533298790943E-002
   5.3333333333333330        2.0000000000000000        7.4568597683469143E-002
   5.3333333333333330        2.3333333333333330        9.5400467628446090E-002
   5.3333333333333330        2.6666666666666665       0.26710832468809959     
   5.3333333333333330        3.0000000000000000       0.30925260457088743     
   5.3333333333333330        3.3333333333333330       0.59039881987194309     
   5.3333333333333330        3.6666666666666665       0.63378198888183646     
   5.3333333333333330        4.0000000000000000       0.68833819172611399     
   5.3333333333333330        4.3333333333333330       0.73786648858961335     
   5.3333333333333330        4.6666666666666661       0.77281079450678702     
   5.3333333333333330        5.0000000000000000       0.78680363628712990     
   5.3333333333333330        5.3333333333333330       0.77295965480858131     
   5.3333333333333330        5.6666666666666661       0.54855527905068613     
   5.3333333333333330        6.0000000000000000       0.50205314904437948     
   5.3333333333333330        6.3333333333333330       0.43400406043537793     
   5.3333333333333330        6.6666666666666661       0.33014825968785749     
   5.3333333333333330        7.0000000000000000       0.22659472450561399     
   5.3333333333333330        7.3333333333333330       0.16464865186070385     
   5.3333333333333330        7.6666666666666661       0.11686407368168614     
   5.3333333333333330        8.0000000000000000        8.6298653060997890E-002
   5.3333333333333330        8.3333333333333321        4.9477919791055862E-002
   5.3333333333333330        8.6666666666666661        3.3851490758832210E-002
   5.3333333333333330        9.0000000000000000        2.1308302506306359E-002
   5.3333333333333330        9.3333333333333321        1.0882571439716942E-002
   5.3333333333333330        9.6666666666666661        4.8205673051769900E-003
   5.3333333333333330        10.000000000000000        0.0000000000000000     
 
   5.6666666666666661        0.0000000000000000        0.0000000000000000     
   5.6666666666666661       0.33333333333333331        2.6904904989329872E-003
   5.6666666666666661       0.66666666666666663        5.9332430611368069E-003
   5.6666666666666661        1.0000000000000000        2.5240702252727672E-002
   5.6666666666666661        1.3333333333333333        3.9552951327464558E-002
   5.6666666666666661        1.6666666666666665        5.7867223196653238E-002
   5.6666666666666661        2.0000000000000000        8.3447542266338590E-002
   5.6666666666666661        2.3333333333333330       0.13414925510773845     
   5.6666666666666661        2.6666666666666665       0.22748384346961548     
   5.6666666666666661        3.0000000000000000       0.35698758084953458     
   5.6666666666666661        3.3333333333333330       0.53246894939470135     
   5.6666666666666661        3.6666666666666665       0.60539127497865719     
   5.6666666666666661        4.0000000000000000       0.65597632702208208     
   5.6666666666666661        4.3333333333333330       0.69628181090879104     
   5.6666666666666661        4.6666666666666661       0.72443875968248694     
   5.6666666666666661        5.0000000000000000       0.74100974402381825     
   5.6666666666666661        5.3333333333333330       0.67804742436193277     
   5.6666666666666661        5.6666666666666661       0.57887200674632733     
   5.6666666666666661        6.0000000000000000       0.39135136734474835     
   5.6666666666666661        6.3333333333333330       0.38688218395300777     
   5.6666666666666661        6.6666666666666661       0.23768367921649761     
   5.6666666666666661        7.0000000000000000       0.16046477167455567     
   5.6666666666666661        7.3333333333333330       0.10453452344352616     
   5.6666666666666661        7.6666666666666661       0.10051370791165951     
   5.6666666666666661        8.0000000000000000        4.7573968199912636E-002
   5.6666666666666661        8.3333333333333321        4.2882468498758340E-002
   5.6666666666666661        8.6666666666666661        3.5901754920485321E-002
   5.6666666666666661        9.0000000000000000        5.6094364722020229E-003
   5.6666666666666661        9.3333333333333321        6.4201533279823241E-003
   5.6666666666666661        9.6666666666666661        3.4923280185769402E-003
   5.6666666666666661        10.000000000000000        0.0000000000000000     
 
   6.0000000000000000        0.0000000000000000        0.0000000000000000     
   6.0000000000000000       0.33333333333333331        2.9107364562876502E-003
   6.0000000000000000       0.66666666666666663        6.6833802607070419E-003
   6.0000000000000000        1.0000000000000000        1.3143286160329313E-002
   6.0000000000000000        1.3333333333333333        0.0000000000000000     
   6.0000000000000000        1.6666666666666665        6.6379716923881033E-002
   6.0000000000000000        2.0000000000000000        7.1450476919666939E-002
   6.0000000000000000        2.3333333333333330       0.12257606734441277     
   6.0000000000000000        2.6666666666666665       0.15427653891454210     
   6.0000000000000000        3.0000000000000000       0.57485535168459412     
   6.0000000000000000        3.3333333333333330       0.56695666493714514     
   6.0000000000000000        3.6666666666666665       0.58400147311069961     
   6.0000000000000000        4.0000000000000000       0.61347917238869365     
   6.0000000000000000        4.3333333333333330       0.64140893412615940     
   6.0000000000000000        4.6666666666666661       0.65780548722431131     
   6.0000000000000000        5.0000000000000000       0.58272046262856991     
   6.0000000000000000        5.3333333333333330       0.59045890847408999     
   6.0000000000000000        5.6666666666666661       0.49011220245930925     
   6.0000000000000000        6.0000000000000000       0.39115827424478566     
   6.0000000000000000        6.3333333333333330       0.33094145173666339     
   6.0000000000000000        6.6666666666666661       0.24068996403136964     
   6.0000000000000000        7.0000000000000000       0.16538365188782342     
   6.0000000000000000        7.3333333333333330       0.11398952716128449     
   6.0000000000000000        7.6666666666666661        8.5609854948405978E-002
   6.0000000000000000        8.0000000000000000        5.6423284712378785E-002
   6.0000000000000000        8.3333333333333321        4.2491250704501535E-002
   6.0000000000000000        8.6666666666666661        3.4522422866260699E-002
   6.0000000000000000        9.0000000000000000        9.7788822083468077E-003
   6.0000000000000000        9.3333333333333321        6.5481920344418014E-003
   6.0000000000000000        9.6666666666666661        3.1978780932430278E-003
   6.0000000000000000        10.000000000000000        0.0000000000000000     
 
   6.3333333333333330        0.0000000000000000        0.0000000000000000     
   6.3333333333333330       0.33333333333333331        2.6227817710716425E-003
   6.3333333333333330       0.66666666666666663        5.5197023699343518E-003
   6.3333333333333330        1.0000000000000000        8.8339250892456901E-003
   6.3333333333333330        1.3333333333333333        2.4626131255114456E-002
   6.3333333333333330        1.6666666666666665        5.4227163450816754E-002
   6.3333333333333330        2.0000000000000000        6.9387645703555961E-002
   6.3333333333333330        2.3333333333333330        9.6329514339095618E-002
   6.3333333333333330        2.6666666666666665       0.11758675003001240     
   6.3333333333333330        3.0000000000000000       0.12327861774142641     
   6.3333333333333330        3.3333333333333330       0.54409023354863750     
   6.3333333333333330        3.6666666666666665       0.53849203094897691     
   6.3333333333333330        4.0000000000000000       0.55727332126090090     
   6.3333333333333330        4.3333333333333330       0.57906969246962225     
   6.3333333333333330        4.6666666666666661       0.58587547480339397     
   6.3333333333333330        5.0000000000000000       0.55712994513463188     
   6.3333333333333330        5.3333333333333330       0.37805597342645419     
   6.3333333333333330        5.6666666666666661       0.38691241117964037     
   6.3333333333333330        6.0000000000000000       0.34661974187783468     
   6.3333333333333330        6.3333333333333330       0.30302643230287685     
   6.3333333333333330        6.6666666666666661       0.23074569268508907     
   6.3333333333333330        7.0000000000000000       0.15052934651469416     
   6.3333333333333330        7.3333333333333330       0.10533894637292132     
   6.3333333333333330        7.6666666666666661        7.6418157250591742E-002
   6.3333333333333330        8.0000000000000000        5.4318297394775165E-002
   6.3333333333333330        8.3333333333333321        3.9971595195970280E-002
   6.3333333333333330        8.6666666666666661        2.8616706350059539E-002
   6.3333333333333330        9.0000000000000000        1.4271908239054595E-002
   6.3333333333333330        9.3333333333333321        7.6739892355090853E-003
   6.3333333333333330        9.6666666666666661        3.1928565196272657E-003
   6.3333333333333330        10.000000000000000        0.0000000000000000     
 
   6.6666666666666661        0.0000000000000000        0.0000000000000000     
   6.6666666666666661       0.33333333333333331        2.3975109173757507E-003
   6.6666666666666661       0.66666666666666663        4.6149581486541382E-003
   6.6666666666666661        1.0000000000000000        2.0014742477262256E-002
   6.6666666666666661        1.3333333333333333        2.7639676869997729E-002
   6.6666666666666661        1.6666666666666665        4.3683525928947198E-002
   6.6666666666666661        2.0000000000000000        6.0574729778017859E-002
   6.6666666666666661        2.3333333333333330        8.1317259388912710E-002
   6.6666666666666661        2.6666666666666665       0.10789753568245943     
   6.6666666666666661        3.0000000000000000       0.13112970076950275     
   6.6666666666666661        3.3333333333333330       0.35459095632821230     
   6.6666666666666661        3.6666666666666665       0.46138999628405064     
   6.6666666666666661        4.0000000000000000       0.48821627993043681     
   6.6666666666666661        4.3333333333333330       0.51893559488160801     
   6.6666666666666661        4.6666666666666661       0.53465089324926407     
   6.6666666666666661        5.0000000000000000       0.48868100017610727     
   6.6666666666666661        5.3333333333333330       0.36500322816076858     
   6.6666666666666661        5.6666666666666661       0.32736098867192137     
   6.6666666666666661        6.0000000000000000       0.30233178432308228     
   6.6666666666666661        6.3333333333333330       0.13782157103669715     
   6.6666666666666661        6.6666666666666661       0.10147791643825139     
   6.6666666666666661        7.0000000000000000       0.10468418586377974     
   6.6666666666666661        7.3333333333333330        8.5075418698072530E-002
   6.6666666666666661        7.6666666666666661        6.4995366520425479E-002
   6.6666666666666661        8.0000000000000000        4.8601409532437516E-002
   6.6666666666666661        8.3333333333333321        3.8069120908914920E-002
   6.6666666666666661        8.6666666666666661        1.4076347148686099E-002
   6.6666666666666661        9.0000000000000000        1.2707591534954219E-002
   6.6666666666666661        9.3333333333333321        4.1680904069144719E-003
   6.6666666666666661        9.6666666666666661        2.3389267758840808E-003
   6.6666666666666661        10.000000000000000        0.0000000000000000     
 
   7.0000000000000000        0.0000000000000000        0.0000000000000000     
   7.0000000000000000       0.33333333333333331        2.6809475691056484E-003
   7.0000000000000000       0.66666666666666663        6.5453418303979627E-003
   7.0000000000000000        1.0000000000000000        1.4825406627906873E-002
   7.0000000000000000        1.3333333333333333        2.5325164461374710E-002
   7.0000000000000000        1.6666666666666665        3.6379526584026212E-002
   7.0000000000000000        2.0000000000000000        5.2784740883447506E-002
   7.0000000000000000        2.3333333333333330        6.6042530619776676E-002
   7.0000000000000000        2.6666666666666665       0.13595395405819949     
   7.0000000000000000        3.0000000000000000       0.16942087638009184     
   7.0000000000000000        3.3333333333333330       0.24977236217151014     
   7.0000000000000000        3.6666666666666665       0.34397741634316015     
   7.0000000000000000        4.0000000000000000       0.41054380983481176     
   7.0000000000000000        4.3333333333333330       0.46624883649442234     
   7.0000000000000000        4.6666666666666661       0.11506946751970187     
   7.0000000000000000        5.0000000000000000       0.22135633619234399     
   7.0000000000000000        5.3333333333333330       0.26249164631558153     
   7.0000000000000000        5.6666666666666661       0.25320064471211612     
   7.0000000000000000        6.0000000000000000       0.23214473032124852     
   7.0000000000000000        6.3333333333333330       0.14265226766429753     
   7.0000000000000000        6.6666666666666661       0.10328497750609632     
   7.0000000000000000        7.0000000000000000        8.6392051696378286E-002
   7.0000000000000000        7.3333333333333330        6.9943365361894522E-002
   7.0000000000000000        7.6666666666666661        5.4257295871387203E-002
   7.0000000000000000        8.0000000000000000        4.0939742590064075E-002
   7.0000000000000000        8.3333333333333321        2.9116970913272776E-002
   7.0000000000000000        8.6666666666666661        1.7226816843061901E-002
   7.0000000000000000        9.0000000000000000        1.1399697777812858E-002
   7.0000000000000000        9.3333333333333321        6.6098897415872012E-003
   7.0000000000000000        9.6666666666666661        8.1102593038685181E-004
   7.0000000000000000        10.000000000000000        0.0000000000000000     
 
   7.3333333333333330        0.0000000000000000        0.0000000000000000     
   7.3333333333333330       0.33333333333333331        2.1554665327279516E-003
   7.3333333333333330       0.66666666666666663        4.9331261567894732E-003
   7.3333333333333330        1.0000000000000000        9.2581747937172786E-003
   7.3333333333333330        1.3333333333333333        2.2369429340902202E-002
   7.3333333333333330        1.6666666666666665        2.7442208328935670E-002
   7.3333333333333330        2.0000000000000000        5.2442146493373129E-002
   7.3333333333333330        2.3333333333333330        6.9256174289353406E-002
   7.3333333333333330        2.6666666666666665       0.10930280943379804     
   7.3333333333333330        3.0000000000000000       0.16758213037603228     
   7.3333333333333330        3.3333333333333330       0.23071304211495955     
   7.3333333333333330        3.6666666666666665       0.28103357803842516     
   7.3333333333333330        4.0000000000000000       0.34397741634316015     
   7.3333333333333330        4.3333333333333330       0.11506946751970187     
   7.3333333333333330        4.6666666666666661       0.12095810662397422     
   7.3333333333333330        5.0000000000000000       0.18327444318118405     
   7.3333333333333330        5.3333333333333330       0.21157230982438197     
   7.3333333333333330        5.6666666666666661       0.19199259705618765     
   7.3333333333333330        6.0000000000000000        9.3144652768013189E-002
   7.3333333333333330        6.3333333333333330       0.10158133836697224     
   7.3333333333333330        6.6666666666666661        8.7478538784280011E-002
   7.3333333333333330        7.0000000000000000        7.2472457545285765E-002
   7.3333333333333330        7.3333333333333330        5.8594844396588887E-002
   7.3333333333333330        7.6666666666666661        4.5251403843476277E-002
   7.3333333333333330        8.0000000000000000        3.5341038533189054E-002
   7.3333333333333330        8.3333333333333321        2.3102450852107808E-002
   7.3333333333333330        8.6666666666666661        1.6309994164002941E-002
   7.3333333333333330        9.0000000000000000        1.0513170997619361E-002
   7.3333333333333330        9.3333333333333321        5.1780432060982299E-003
   7.3333333333333330        9.6666666666666661        1.7464837363431204E-003
   7.3333333333333330        10.000000000000000        0.0000000000000000     
 
   7.6666666666666661        0.0000000000000000        0.0000000000000000     
   7.6666666666666661       0.33333333333333331        1.3219408405609628E-003
   7.6666666666666661       0.66666666666666663        2.4666564942303127E-003
   7.6666666666666661        1.0000000000000000        1.7645802108055407E-002
   7.6666666666666661        1.3333333333333333        2.0256469568692852E-002
   7.6666666666666661        1.6666666666666665        2.6851225561907756E-002
   7.6666666666666661        2.0000000000000000        4.0346781007551812E-002
   7.6666666666666661        2.3333333333333330        5.4513535380780229E-002
   7.6666666666666661        2.6666666666666665        7.0581820672722964E-002
   7.6666666666666661        3.0000000000000000        5.6377194806137239E-002
   7.6666666666666661        3.3333333333333330       0.14737975222472779     
   7.6666666666666661        3.6666666666666665       0.21087101457263313     
   7.6666666666666661        4.0000000000000000        2.2297402171818737E-002
   7.6666666666666661        4.3333333333333330        5.7670691917150255E-002
   7.6666666666666661        4.6666666666666661        7.5718918707624691E-002
   7.6666666666666661        5.0000000000000000        4.0225328788452634E-002
   7.6666666666666661        5.3333333333333330       0.10950278079848602     
   7.6666666666666661        5.6666666666666661       0.11427845301431365     
   7.6666666666666661        6.0000000000000000        8.9711018138946538E-002
   7.6666666666666661        6.3333333333333330        8.7950510471568308E-002
   7.6666666666666661        6.6666666666666661        7.7547728407697539E-002
   7.6666666666666661        7.0000000000000000        6.2212038153406854E-002
   7.6666666666666661        7.3333333333333330        5.1075592561990575E-002
   7.6666666666666661        7.6666666666666661        3.6588862411453843E-002
   7.6666666666666661        8.0000000000000000        1.1876262078936885E-002
   7.6666666666666661        8.3333333333333321        1.4076334969972780E-002
   7.6666666666666661        8.6666666666666661        4.3775816025154622E-003
   7.6666666666666661        9.0000000000000000        2.4184888717597879E-003
   7.6666666666666661        9.3333333333333321        2.5636573642394901E-003
   7.6666666666666661        9.6666666666666661        1.2540228622927375E-003
   7.6666666666666661        10.000000000000000        0.0000000000000000     
 
   8.0000000000000000        0.0000000000000000        0.0000000000000000     
   8.0000000000000000       0.33333333333333331        8.7190056127073453E-004
   8.0000000000000000       0.66666666666666663        1.5218533994313360E-003
   8.0000000000000000        1.0000000000000000        1.4670849847907157E-002
   8.0000000000000000        1.3333333333333333        1.6928066926545984E-002
   8.0000000000000000        1.6666666666666665        2.2584612406530775E-002
   8.0000000000000000        2.0000000000000000        3.1648978327841006E-002
   8.0000000000000000        2.3333333333333330        4.2643045437834176E-002
   8.0000000000000000        2.6666666666666665        5.3282960980187880E-002
   8.0000000000000000        3.0000000000000000        6.1856027532275655E-002
   8.0000000000000000        3.3333333333333330        9.0647603100374133E-002
   8.0000000000000000        3.6666666666666665        2.2297402171818737E-002
   8.0000000000000000        4.0000000000000000        2.4946105937149333E-002
   8.0000000000000000        4.3333333333333330        4.4025647217467177E-002
   8.0000000000000000        4.6666666666666661        5.3315367487507780E-002
   8.0000000000000000        5.0000000000000000        4.4580653218095123E-002
   8.0000000000000000        5.3333333333333330        5.3979496180623858E-002
   8.0000000000000000        5.6666666666666661        7.0174792616133672E-002
   8.0000000000000000        6.0000000000000000        6.8179705538229704E-002
   8.0000000000000000        6.3333333333333330        0.0000000000000000     
   8.0000000000000000        6.6666666666666661        4.7628220266958836E-002
   8.0000000000000000        7.0000000000000000        5.2497220265704490E-002
   8.0000000000000000        7.3333333333333330        1.1505703813145187E-002
   8.0000000000000000        7.6666666666666661        1.6710930897149014E-002
   8.0000000000000000        8.0000000000000000        1.1201635750289681E-002
   8.0000000000000000        8.3333333333333321        8.9501845351455337E-003
   8.0000000000000000        8.6666666666666661        5.0809433404953568E-003
   8.0000000000000000        9.0000000000000000        2.6740883410350073E-003
   8.0000000000000000        9.3333333333333321        1.8023839741853399E-003
   8.0000000000000000        9.6666666666666661        9.0449471494359667E-004
   8.0000000000000000        10.000000000000000        0.0000000000000000     
 
   8.3333333333333321        0.0000000000000000        0.0000000000000000     
   8.3333333333333321       0.33333333333333331        7.9195187729821633E-004
   8.3333333333333321       0.66666666666666663        1.4830218218571673E-003
   8.3333333333333321        1.0000000000000000        8.4665871662156968E-003
   8.3333333333333321        1.3333333333333333        1.2611191568878077E-002
   8.3333333333333321        1.6666666666666665        1.7786197135448847E-002
   8.3333333333333321        2.0000000000000000        2.4573839397466865E-002
   8.3333333333333321        2.3333333333333330        3.5416729071332198E-002
   8.3333333333333321        2.6666666666666665        4.2952415638371433E-002
   8.3333333333333321        3.0000000000000000        5.2516788820005822E-002
   8.3333333333333321        3.3333333333333330        6.8762337006525925E-002
   8.3333333333333321        3.6666666666666665        1.2223341043241409E-002
   8.3333333333333321        4.0000000000000000        1.3875815387801704E-002
   8.3333333333333321        4.3333333333333330        3.2177248099206348E-003
   8.3333333333333321        4.6666666666666661        2.3602889992990050E-003
   8.3333333333333321        5.0000000000000000        3.8101281628906886E-002
   8.3333333333333321        5.3333333333333330        4.1609474031473553E-002
   8.3333333333333321        5.6666666666666661        4.8297229183331312E-002
   8.3333333333333321        6.0000000000000000        4.8858457700628466E-002
   8.3333333333333321        6.3333333333333330        1.7150095439925978E-002
   8.3333333333333321        6.6666666666666661        0.0000000000000000     
   8.3333333333333321        7.0000000000000000        5.9007789250809309E-003
   8.3333333333333321        7.3333333333333330        7.7019799991150288E-003
   8.3333333333333321        7.6666666666666661        9.3577056277726368E-003
   8.3333333333333321        8.0000000000000000        8.6767495460864756E-003
   8.3333333333333321        8.3333333333333321        6.6287802521096352E-003
   8.3333333333333321        8.6666666666666661        1.7759147043078061E-003
   8.3333333333333321        9.0000000000000000        1.8316742217948277E-003
   8.3333333333333321        9.3333333333333321        1.3687314623678725E-003
   8.3333333333333321        9.6666666666666661        7.1511143809116018E-004
   8.3333333333333321        10.000000000000000        0.0000000000000000     
 
   8.6666666666666661        0.0000000000000000        0.0000000000000000     
   8.6666666666666661       0.33333333333333331        9.5605908526830965E-004
   8.6666666666666661       0.66666666666666663        2.4000022070094227E-003
   8.6666666666666661        1.0000000000000000        5.6772918863617367E-003
   8.6666666666666661        1.3333333333333333        9.1379405581352244E-003
   8.6666666666666661        1.6666666666666665        1.3794233074718327E-002
   8.6666666666666661        2.0000000000000000        1.6470533174069438E-002
   8.6666666666666661        2.3333333333333330        2.4808844279814571E-002
   8.6666666666666661        2.6666666666666665        3.5072826220191429E-002
   8.6666666666666661        3.0000000000000000        4.1526414786347179E-002
   8.6666666666666661        3.3333333333333330        0.0000000000000000     
   8.6666666666666661        3.6666666666666665        4.0764235694639422E-003
   8.6666666666666661        4.0000000000000000        6.1883653895520004E-003
   8.6666666666666661        4.3333333333333330        3.7856645314922263E-003
   8.6666666666666661        4.6666666666666661        2.8165181751538529E-003
   8.6666666666666661        5.0000000000000000        2.6721801879605024E-002
   8.6666666666666661        5.3333333333333330        2.9510321566072639E-002
   8.6666666666666661        5.6666666666666661        3.6134520826673192E-002
   8.6666666666666661        6.0000000000000000        3.3713378603575109E-002
   8.6666666666666661        6.3333333333333330        1.9053503789529101E-002
   8.6666666666666661        6.6666666666666661        4.6696873293927904E-003
   8.6666666666666661        7.0000000000000000        4.9665704803493601E-003
   8.6666666666666661        7.3333333333333330        5.0804929675524000E-003
   8.6666666666666661        7.6666666666666661        5.5260052703552396E-003
   8.6666666666666661        8.0000000000000000        2.4535610485635407E-003
   8.6666666666666661        8.3333333333333321        3.1934296677552077E-003
   8.6666666666666661        8.6666666666666661        2.0432607983870976E-003
   8.6666666666666661        9.0000000000000000        5.1719445602897414E-004
   8.6666666666666661        9.3333333333333321        2.7153694308795843E-004
   8.6666666666666661        9.6666666666666661        0.0000000000000000     
   8.6666666666666661        10.000000000000000        0.0000000000000000     
 
   9.0000000000000000        0.0000000000000000        0.0000000000000000     
   9.0000000000000000       0.33333333333333331        8.0643663228539798E-004
   9.0000000000000000       0.66666666666666663        1.9045108169097925E-003
   9.0000000000000000        1.0000000000000000        3.6444500708248152E-003
   9.0000000000000000        1.3333333333333333        5.8970210028997678E-003
   9.0000000000000000        1.6666666666666665        7.7751314376244855E-003
   9.0000000000000000        2.0000000000000000        1.3349698867869702E-002
   9.0000000000000000        2.3333333333333330        1.7799888609005162E-002
   9.0000000000000000        2.6666666666666665        1.6484705753291713E-004
   9.0000000000000000        3.0000000000000000        3.1379440853619115E-004
   9.0000000000000000        3.3333333333333330        1.5904337149313342E-003
   9.0000000000000000        3.6666666666666665        2.5984602558053009E-003
   9.0000000000000000        4.0000000000000000        3.9043995325431236E-003
   9.0000000000000000        4.3333333333333330        3.5470341037694558E-003
   9.0000000000000000        4.6666666666666661        3.1332950842220597E-004
   9.0000000000000000        5.0000000000000000        1.4626555996447459E-002
   9.0000000000000000        5.3333333333333330        1.6365414661783702E-002
   9.0000000000000000        5.6666666666666661        4.0751597629887235E-003
   9.0000000000000000        6.0000000000000000        5.6694511727571149E-003
   9.0000000000000000        6.3333333333333330        8.2200624850432991E-003
   9.0000000000000000        6.6666666666666661        5.0663400126118802E-003
   9.0000000000000000        7.0000000000000000        2.2059111879640628E-003
   9.0000000000000000        7.3333333333333330        2.8710562246825107E-003
   9.0000000000000000        7.6666666666666661        2.9200982630608798E-003
   9.0000000000000000        8.0000000000000000        2.1295450380883511E-003
   9.0000000000000000        8.3333333333333321        2.1569090347667639E-003
   9.0000000000000000        8.6666666666666661        1.5170589822621628E-003
   9.0000000000000000        9.0000000000000000        6.2391962784421511E-004
   9.0000000000000000        9.3333333333333321        3.3135469460938727E-004
   9.0000000000000000        9.6666666666666661        2.3477210547321293E-005
   9.0000000000000000        10.000000000000000        0.0000000000000000     
 
   9.3333333333333321        0.0000000000000000        0.0000000000000000     
   9.3333333333333321       0.33333333333333331        5.1553042114474488E-004
   9.3333333333333321       0.66666666666666663        1.1116703346785383E-003
   9.3333333333333321        1.0000000000000000        1.7318301087121473E-003
   9.3333333333333321        1.3333333333333333        2.0089616157390783E-003
   9.3333333333333321        1.6666666666666665        3.4462460919537411E-003
   9.3333333333333321        2.0000000000000000        3.2392029500046010E-004
   9.3333333333333321        2.3333333333333330        1.6549006015976775E-004
   9.3333333333333321        2.6666666666666665        2.0123227712438540E-004
   9.3333333333333321        3.0000000000000000        3.7878568540410199E-004
   9.3333333333333321        3.3333333333333330        8.6071331955062244E-004
   9.3333333333333321        3.6666666666666665        1.2509448273733338E-003
   9.3333333333333321        4.0000000000000000        0.0000000000000000     
   9.3333333333333321        4.3333333333333330        2.7547084630465330E-004
   9.3333333333333321        4.6666666666666661        3.6667281831651678E-004
   9.3333333333333321        5.0000000000000000        3.9914187525799316E-003
   9.3333333333333321        5.3333333333333330        6.7340979703238149E-003
   9.3333333333333321        5.6666666666666661        4.6733492823804101E-003
   9.3333333333333321        6.0000000000000000        3.8436848434849169E-003
   9.3333333333333321        6.3333333333333330        4.0490987704475340E-003
   9.3333333333333321        6.6666666666666661        2.9893786430866772E-003
   9.3333333333333321        7.0000000000000000        1.9020382197149582E-003
   9.3333333333333321        7.3333333333333330        1.7304766281779273E-003
   9.3333333333333321        7.6666666666666661        1.6107138059311141E-003
   9.3333333333333321        8.0000000000000000        1.3484760485911562E-003
   9.3333333333333321        8.3333333333333321        1.6069371187656190E-004
   9.3333333333333321        8.6666666666666661        1.6296426379060292E-004
   9.3333333333333321        9.0000000000000000        2.5137162561387214E-004
   9.3333333333333321        9.3333333333333321        1.6760752391264746E-004
   9.3333333333333321        9.6666666666666661        5.2226702047156186E-005
   9.3333333333333321        10.000000000000000        0.0000000000000000     
 
   9.6666666666666661        0.0000000000000000        0.0000000000000000     
   9.6666666666666661       0.33333333333333331        2.4287277800395099E-004
   9.6666666666666661       0.66666666666666663        5.0352359129536551E-004
   9.6666666666666661        1.0000000000000000        7.5654575665204079E-004
   9.6666666666666661        1.3333333333333333        9.3360224428304221E-004
   9.6666666666666661        1.6666666666666665        1.1414309582570119E-003
   9.6666666666666661        2.0000000000000000        3.8918881310682493E-004
   9.6666666666666661        2.3333333333333330        1.6482663688414077E-004
   9.6666666666666661        2.6666666666666665        1.3777939380242964E-004
   9.6666666666666661        3.0000000000000000        2.1337394687438859E-004
   9.6666666666666661        3.3333333333333330        3.7888368421588989E-004
   9.6666666666666661        3.6666666666666665        5.1224175384441666E-004
   9.6666666666666661        4.0000000000000000        1.0607551754422157E-004
   9.6666666666666661        4.3333333333333330        2.2897589438102255E-004
   9.6666666666666661        4.6666666666666661        5.6922378141741276E-004
   9.6666666666666661        5.0000000000000000        1.7614545354880337E-003
   9.6666666666666661        5.3333333333333330        2.7171907348288176E-003
   9.6666666666666661        5.6666666666666661        6.9929028133279753E-004
   9.6666666666666661        6.0000000000000000        1.5006887580099745E-003
   9.6666666666666661        6.3333333333333330        1.6698532516588958E-003
   9.6666666666666661        6.6666666666666661        1.3606155129429873E-003
   9.6666666666666661        7.0000000000000000        9.8210871207977837E-004
   9.6666666666666661        7.3333333333333330        8.2182981040818321E-004
   9.6666666666666661        7.6666666666666661        7.1234099597137634E-004
   9.6666666666666661        8.0000000000000000        5.3948987140937487E-004
   9.6666666666666661        8.3333333333333321        1.9314216788434441E-004
   9.6666666666666661        8.6666666666666661        1.0904048171551371E-004
   9.6666666666666661        9.0000000000000000        1.0246658329154632E-004
   9.6666666666666661        9.3333333333333321        7.0991700877278603E-005
   9.6666666666666661        9.6666666666666661        2.9198209442553054E-005
   9.6666666666666661        10.000000000000000        0.0000000000000000     
 
   10.000000000000000        0.0000000000000000        0.0000000000000000     
   10.000000000000000       0.33333333333333331        0.0000000000000000     
   10.000000000000000       0.66666666666666663        0.0000000000000000     
   10.000000000000000        1.0000000000000000        0.0000000000000000     
   10.000000000000000        1.3333333333333333        0.0000000000000000     
   10.000000000000000        1.6666666666666665        0.0000000000000000     
   10.000000000000000        2.0000000000000000        0.0000000000000000     
   10.000000000000000        2.3333333333333330        0.0000000000000000     
   10.000000000000000        2.6666666666666665        0.0000000000000000     
   10.000000000000000        3.0000000000000000        0.0000000000000000     
   10.000000000000000        3.3333333333333330        0.0000000000000000     
   10.000000000000000        3.6666666666666665        0.0000000000000000     
   10.000000000000000        4.0000000000000000        0.0000000000000000     
   10.000000000000000        4.3333333333333330        0.0000000000000000     
   10.000000000000000        4.6666666666666661        0.0000000000000000     
   10.000000000000000        5.0000000000000000        0.0000000000000000     
   10.000000000000000        5.3333333333333330        0.0000000000000000     
   10.000000000000000        5.6666666666666661        0.0000000000000000     
   10.000000000000000        6.0000000000000000        0.0000000000000000     
   10.000000000000000        6.3333333333333330        0.0000000000000000     
   10.000000000000000        6.6666666666666661        0.0000000000000000     
   10.000000000000000        7.0000000000000000        0.0000000000000000     
   10.000000000000000        7.3333333333333330        0.0000000000000000     
   10.000000000000000        7.6666666666666661        0.0000000000000000     
   10.000000000000000        8.0000000000000000        0.0000000000000000     
   10.000000000000000        8.3333333333333321        0.0000000000000000     
   10.000000000000000        8.6666666666666661        0.0000000000000000     
   10.000000000000000        9.0000000000000000        0.0000000000000000     
   10.000000000000000        9.3333333333333321        0.0000000000000000     
   10.000000000000000        9.6666666666666661        0.0000000000000000     
   10.000000000000000        10.000000000000000        0.0000000000000000     
 
