   0.0000000000000000        0.0000000000000000        0.0000000000000000     
   0.0000000000000000       0.33333333333333331        0.0000000000000000     
   0.0000000000000000       0.66666666666666663        0.0000000000000000     
   0.0000000000000000        1.0000000000000000        0.0000000000000000     
   0.0000000000000000        1.3333333333333333        0.0000000000000000     
   0.0000000000000000        1.6666666666666665        0.0000000000000000     
   0.0000000000000000        2.0000000000000000        0.0000000000000000     
   0.0000000000000000        2.3333333333333330        0.0000000000000000     
   0.0000000000000000        2.6666666666666665        0.0000000000000000     
   0.0000000000000000        3.0000000000000000        0.0000000000000000     
   0.0000000000000000        3.3333333333333330        0.0000000000000000     
   0.0000000000000000        3.6666666666666665        0.0000000000000000     
   0.0000000000000000        4.0000000000000000        0.0000000000000000     
   0.0000000000000000        4.3333333333333330        0.0000000000000000     
   0.0000000000000000        4.6666666666666661        0.0000000000000000     
   0.0000000000000000        5.0000000000000000        0.0000000000000000     
   0.0000000000000000        5.3333333333333330        0.0000000000000000     
   0.0000000000000000        5.6666666666666661        0.0000000000000000     
   0.0000000000000000        6.0000000000000000        0.0000000000000000     
   0.0000000000000000        6.3333333333333330        0.0000000000000000     
   0.0000000000000000        6.6666666666666661        0.0000000000000000     
   0.0000000000000000        7.0000000000000000        0.0000000000000000     
   0.0000000000000000        7.3333333333333330        0.0000000000000000     
   0.0000000000000000        7.6666666666666661        0.0000000000000000     
   0.0000000000000000        8.0000000000000000        0.0000000000000000     
   0.0000000000000000        8.3333333333333321        0.0000000000000000     
   0.0000000000000000        8.6666666666666661        0.0000000000000000     
   0.0000000000000000        9.0000000000000000        0.0000000000000000     
   0.0000000000000000        9.3333333333333321        0.0000000000000000     
   0.0000000000000000        9.6666666666666661        0.0000000000000000     
   0.0000000000000000        10.000000000000000        0.0000000000000000     
 
  0.33333333333333331        0.0000000000000000        0.0000000000000000     
  0.33333333333333331       0.33333333333333331        2.7182017444959538E-004
  0.33333333333333331       0.66666666666666663        4.6627360666579270E-004
  0.33333333333333331        1.0000000000000000        5.1538882382267857E-004
  0.33333333333333331        1.3333333333333333        1.1051045766011058E-003
  0.33333333333333331        1.6666666666666665        1.6238787555585309E-003
  0.33333333333333331        2.0000000000000000        2.4377688009415760E-003
  0.33333333333333331        2.3333333333333330        2.9650483450466315E-003
  0.33333333333333331        2.6666666666666665        2.5931881565106805E-003
  0.33333333333333331        3.0000000000000000        4.9219330285983241E-003
  0.33333333333333331        3.3333333333333330        5.3971988065175201E-003
  0.33333333333333331        3.6666666666666665        5.2960226349358479E-003
  0.33333333333333331        4.0000000000000000        5.3668883833160727E-003
  0.33333333333333331        4.3333333333333330        5.3090065490967670E-003
  0.33333333333333331        4.6666666666666661        3.3114716403951057E-003
  0.33333333333333331        5.0000000000000000        4.7326646357531135E-003
  0.33333333333333331        5.3333333333333330        1.1012082404105948E-002
  0.33333333333333331        5.6666666666666661        1.3054377610300660E-002
  0.33333333333333331        6.0000000000000000        1.4084353661129128E-002
  0.33333333333333331        6.3333333333333330        1.4305549053541804E-002
  0.33333333333333331        6.6666666666666661        9.8643985036641520E-003
  0.33333333333333331        7.0000000000000000        1.5434085540827354E-002
  0.33333333333333331        7.3333333333333330        7.5345093080764654E-003
  0.33333333333333331        7.6666666666666661        7.2923853291863468E-003
  0.33333333333333331        8.0000000000000000        5.9258245104344721E-003
  0.33333333333333331        8.3333333333333321        4.2851250241697295E-003
  0.33333333333333331        8.6666666666666661        3.4991610624185172E-003
  0.33333333333333331        9.0000000000000000        2.6491585241655356E-003
  0.33333333333333331        9.3333333333333321        1.5050898253203392E-003
  0.33333333333333331        9.6666666666666661        6.6655341695768730E-004
  0.33333333333333331        10.000000000000000        0.0000000000000000     
 
  0.66666666666666663        0.0000000000000000        0.0000000000000000     
  0.66666666666666663       0.33333333333333331        6.3318180086136466E-004
  0.66666666666666663       0.66666666666666663        1.0991912387445441E-003
  0.66666666666666663        1.0000000000000000        2.6581815282905527E-003
  0.66666666666666663        1.3333333333333333        2.3349385631771069E-003
  0.66666666666666663        1.6666666666666665        3.0298499812168810E-003
  0.66666666666666663        2.0000000000000000        5.2730750932278615E-003
  0.66666666666666663        2.3333333333333330        6.9580101823884964E-003
  0.66666666666666663        2.6666666666666665        1.3938152528573765E-002
  0.66666666666666663        3.0000000000000000        1.1887427793505226E-002
  0.66666666666666663        3.3333333333333330        1.1574632608736056E-002
  0.66666666666666663        3.6666666666666665        1.0620915432486805E-002
  0.66666666666666663        4.0000000000000000        1.1063299305541065E-002
  0.66666666666666663        4.3333333333333330        1.2748115995678677E-002
  0.66666666666666663        4.6666666666666661        0.0000000000000000     
  0.66666666666666663        5.0000000000000000        2.9490914668155135E-002
  0.66666666666666663        5.3333333333333330        2.6521838731974733E-002
  0.66666666666666663        5.6666666666666661        2.7392845619608596E-002
  0.66666666666666663        6.0000000000000000        2.9229151841601533E-002
  0.66666666666666663        6.3333333333333330        3.3493582274706439E-002
  0.66666666666666663        6.6666666666666661        5.4751147530822136E-002
  0.66666666666666663        7.0000000000000000        4.4538386768540682E-002
  0.66666666666666663        7.3333333333333330        1.5499504615925395E-002
  0.66666666666666663        7.6666666666666661        1.5862782902847514E-002
  0.66666666666666663        8.0000000000000000        1.2270936613317560E-002
  0.66666666666666663        8.3333333333333321        7.8368149381996197E-003
  0.66666666666666663        8.6666666666666661        7.1742009950248650E-003
  0.66666666666666663        9.0000000000000000        5.6828823706256233E-003
  0.66666666666666663        9.3333333333333321        2.7586162974774760E-003
  0.66666666666666663        9.6666666666666661        1.1857663426290744E-003
  0.66666666666666663        10.000000000000000        0.0000000000000000     
 
   1.0000000000000000        0.0000000000000000        0.0000000000000000     
   1.0000000000000000       0.33333333333333331        1.1887842368433520E-003
   1.0000000000000000       0.66666666666666663        2.2454127302462992E-003
   1.0000000000000000        1.0000000000000000        3.1052206447724443E-003
   1.0000000000000000        1.3333333333333333        2.6581815282905527E-003
   1.0000000000000000        1.6666666666666665        8.8895651523585497E-003
   1.0000000000000000        2.0000000000000000        8.9015660915582832E-003
   1.0000000000000000        2.3333333333333330        1.2929014077385600E-002
   1.0000000000000000        2.6666666666666665        1.6523935773501339E-002
   1.0000000000000000        3.0000000000000000        1.7557291537885784E-002
   1.0000000000000000        3.3333333333333330        1.8809453159513701E-002
   1.0000000000000000        3.6666666666666665        1.4940936585361218E-002
   1.0000000000000000        4.0000000000000000        1.5920718640708011E-002
   1.0000000000000000        4.3333333333333330        2.2317255873068230E-002
   1.0000000000000000        4.6666666666666661        3.2296927364233889E-002
   1.0000000000000000        5.0000000000000000        3.3240826290664507E-002
   1.0000000000000000        5.3333333333333330        3.8815566781736456E-002
   1.0000000000000000        5.6666666666666661        4.1316508661225618E-002
   1.0000000000000000        6.0000000000000000        4.2434705464552205E-002
   1.0000000000000000        6.3333333333333330        5.7402712400479138E-002
   1.0000000000000000        6.6666666666666661        6.5582598131828526E-002
   1.0000000000000000        7.0000000000000000        6.3936343604101387E-002
   1.0000000000000000        7.3333333333333330        5.1031826214814453E-002
   1.0000000000000000        7.6666666666666661        2.8720267081272469E-002
   1.0000000000000000        8.0000000000000000        1.9752413647963318E-002
   1.0000000000000000        8.3333333333333321        1.4704645233112611E-002
   1.0000000000000000        8.6666666666666661        1.1906783187462614E-002
   1.0000000000000000        9.0000000000000000        1.0340710908880930E-002
   1.0000000000000000        9.3333333333333321        1.3101872944992639E-003
   1.0000000000000000        9.6666666666666661        1.3612377054039177E-003
   1.0000000000000000        10.000000000000000        0.0000000000000000     
 
   1.3333333333333333        0.0000000000000000        0.0000000000000000     
   1.3333333333333333       0.33333333333333331        1.9245424931258167E-003
   1.3333333333333333       0.66666666666666663        3.6805959117500093E-003
   1.3333333333333333        1.0000000000000000        4.9921612187746886E-003
   1.3333333333333333        1.3333333333333333        1.0101746067696999E-002
   1.3333333333333333        1.6666666666666665        9.2858602330645624E-003
   1.3333333333333333        2.0000000000000000        2.0953176050683697E-002
   1.3333333333333333        2.3333333333333330        1.9839463712601511E-002
   1.3333333333333333        2.6666666666666665        2.2280025592176678E-002
   1.3333333333333333        3.0000000000000000        2.3619328042724486E-002
   1.3333333333333333        3.3333333333333330        3.1776833611507752E-002
   1.3333333333333333        3.6666666666666665        5.7541444358451682E-002
   1.3333333333333333        4.0000000000000000        4.4444114430530278E-002
   1.3333333333333333        4.3333333333333330        3.9004183924867326E-002
   1.3333333333333333        4.6666666666666661        6.3752666862733468E-002
   1.3333333333333333        5.0000000000000000        5.9636116037913529E-002
   1.3333333333333333        5.3333333333333330        5.5037669698924187E-002
   1.3333333333333333        5.6666666666666661        5.7389964010235862E-002
   1.3333333333333333        6.0000000000000000        9.8252929192419319E-002
   1.3333333333333333        6.3333333333333330        8.8703052030552065E-002
   1.3333333333333333        6.6666666666666661        8.6875741272471968E-002
   1.3333333333333333        7.0000000000000000        8.2309668583135237E-002
   1.3333333333333333        7.3333333333333330        7.3961707553492226E-002
   1.3333333333333333        7.6666666666666661        1.8138783147923252E-002
   1.3333333333333333        8.0000000000000000        1.8721772372212522E-002
   1.3333333333333333        8.3333333333333321        1.7965146241947273E-002
   1.3333333333333333        8.6666666666666661        1.5786533264321612E-002
   1.3333333333333333        9.0000000000000000        1.3769190162355066E-002
   1.3333333333333333        9.3333333333333321        6.4222244593425187E-003
   1.3333333333333333        9.6666666666666661        2.9976002659684690E-003
   1.3333333333333333        10.000000000000000        0.0000000000000000     
 
   1.6666666666666665        0.0000000000000000        0.0000000000000000     
   1.6666666666666665       0.33333333333333331        2.9000157964559560E-003
   1.6666666666666665       0.66666666666666663        5.6975794507863496E-003
   1.6666666666666665        1.0000000000000000        8.3793380392817966E-003
   1.6666666666666665        1.3333333333333333        1.1337914819696449E-002
   1.6666666666666665        1.6666666666666665        2.3637441435654577E-002
   1.6666666666666665        2.0000000000000000        2.2838318139983816E-002
   1.6666666666666665        2.3333333333333330        2.3917413485154585E-002
   1.6666666666666665        2.6666666666666665        2.9896623837514139E-002
   1.6666666666666665        3.0000000000000000        5.6890619717244337E-002
   1.6666666666666665        3.3333333333333330        5.3766235441788934E-002
   1.6666666666666665        3.6666666666666665        5.8940359962689710E-002
   1.6666666666666665        4.0000000000000000        5.1144482190141990E-002
   1.6666666666666665        4.3333333333333330        5.1373884548214857E-002
   1.6666666666666665        4.6666666666666661        6.5294504887950564E-002
   1.6666666666666665        5.0000000000000000        6.5497874617593099E-002
   1.6666666666666665        5.3333333333333330        6.5384596094932426E-002
   1.6666666666666665        5.6666666666666661        7.6761511734925486E-002
   1.6666666666666665        6.0000000000000000       0.10840927812756376     
   1.6666666666666665        6.3333333333333330       0.11286404826900534     
   1.6666666666666665        6.6666666666666661       0.11149935742083260     
   1.6666666666666665        7.0000000000000000       0.10508192579373439     
   1.6666666666666665        7.3333333333333330        8.9205767833270430E-002
   1.6666666666666665        7.6666666666666661        1.7461582263178291E-002
   1.6666666666666665        8.0000000000000000        1.9580779850309090E-002
   1.6666666666666665        8.3333333333333321        2.3167209896171374E-002
   1.6666666666666665        8.6666666666666661        1.9970718556771110E-002
   1.6666666666666665        9.0000000000000000        1.5601206870780522E-002
   1.6666666666666665        9.3333333333333321        1.0048954112578815E-002
   1.6666666666666665        9.6666666666666661        4.3043867340332191E-003
   1.6666666666666665        10.000000000000000        0.0000000000000000     
 
   2.0000000000000000        0.0000000000000000        0.0000000000000000     
   2.0000000000000000       0.33333333333333331        4.0748469502662607E-003
   2.0000000000000000       0.66666666666666663        8.0225095361526836E-003
   2.0000000000000000        1.0000000000000000        1.1778586143338005E-002
   2.0000000000000000        1.3333333333333333        1.5941201190939950E-002
   2.0000000000000000        1.6666666666666665        2.5208191827862717E-002
   2.0000000000000000        2.0000000000000000        2.3637441435654577E-002
   2.0000000000000000        2.3333333333333330        4.3214993151652295E-002
   2.0000000000000000        2.6666666666666665        4.4411461134025422E-002
   2.0000000000000000        3.0000000000000000        6.1255891913651168E-002
   2.0000000000000000        3.3333333333333330        6.8636428859823739E-002
   2.0000000000000000        3.6666666666666665        7.4619785651972012E-002
   2.0000000000000000        4.0000000000000000       0.11487136910772090     
   2.0000000000000000        4.3333333333333330       0.10904317546305692     
   2.0000000000000000        4.6666666666666661        8.1984923272064941E-002
   2.0000000000000000        5.0000000000000000        7.3022895886883848E-002
   2.0000000000000000        5.3333333333333330        0.0000000000000000     
   2.0000000000000000        5.6666666666666661       0.18702811379239534     
   2.0000000000000000        6.0000000000000000       0.14625256706729481     
   2.0000000000000000        6.3333333333333330       0.14324968992287396     
   2.0000000000000000        6.6666666666666661       0.14157904841827970     
   2.0000000000000000        7.0000000000000000       0.13777995317176886     
   2.0000000000000000        7.3333333333333330        1.5284426978125857E-002
   2.0000000000000000        7.6666666666666661        1.6016286883658856E-002
   2.0000000000000000        8.0000000000000000        5.2366218849307783E-002
   2.0000000000000000        8.3333333333333321        3.5720067980397563E-002
   2.0000000000000000        8.6666666666666661        2.5842719466889003E-002
   2.0000000000000000        9.0000000000000000        1.9050843891542182E-002
   2.0000000000000000        9.3333333333333321        1.4162593501930462E-002
   2.0000000000000000        9.6666666666666661        2.8869808477236421E-003
   2.0000000000000000        10.000000000000000        0.0000000000000000     
 
   2.3333333333333330        0.0000000000000000        0.0000000000000000     
   2.3333333333333330       0.33333333333333331        5.4968896906579584E-003
   2.3333333333333330       0.66666666666666663        1.0776280767309047E-002
   2.3333333333333330        1.0000000000000000        1.5125719082040535E-002
   2.3333333333333330        1.3333333333333333        3.7624089538456709E-002
   2.3333333333333330        1.6666666666666665        3.8334372126041336E-002
   2.3333333333333330        2.0000000000000000        7.0191148472989823E-002
   2.3333333333333330        2.3333333333333330        8.2934307446305783E-002
   2.3333333333333330        2.6666666666666665        8.2728803799655248E-002
   2.3333333333333330        3.0000000000000000        7.6305033444298620E-002
   2.3333333333333330        3.3333333333333330        8.6127061729164789E-002
   2.3333333333333330        3.6666666666666665        9.7533446440011731E-002
   2.3333333333333330        4.0000000000000000       0.11618983839461221     
   2.3333333333333330        4.3333333333333330       0.13732171253992465     
   2.3333333333333330        4.6666666666666661       0.21897141796998690     
   2.3333333333333330        5.0000000000000000       0.24429666658722732     
   2.3333333333333330        5.3333333333333330       0.24229610536905774     
   2.3333333333333330        5.6666666666666661       0.22695788454805638     
   2.3333333333333330        6.0000000000000000       0.19937382893862085     
   2.3333333333333330        6.3333333333333330       0.17230266464720381     
   2.3333333333333330        6.6666666666666661       0.17379413310666406     
   2.3333333333333330        7.0000000000000000       0.16675321429333542     
   2.3333333333333330        7.3333333333333330       0.18373117101324332     
   2.3333333333333330        7.6666666666666661       0.11477632760181794     
   2.3333333333333330        8.0000000000000000        6.9585576429927742E-002
   2.3333333333333330        8.3333333333333321        4.2093462213052484E-002
   2.3333333333333330        8.6666666666666661        2.9184533872295162E-002
   2.3333333333333330        9.0000000000000000        2.1077512568121560E-002
   2.3333333333333330        9.3333333333333321        1.3777141713142415E-002
   2.3333333333333330        9.6666666666666661        5.8571661270989984E-003
   2.3333333333333330        10.000000000000000        0.0000000000000000     
 
   2.6666666666666665        0.0000000000000000        0.0000000000000000     
   2.6666666666666665       0.33333333333333331        7.2762098768168419E-003
   2.6666666666666665       0.66666666666666663        1.4730443906398260E-002
   2.6666666666666665        1.0000000000000000        2.3195504351349025E-002
   2.6666666666666665        1.3333333333333333        3.7690809872192636E-002
   2.6666666666666665        1.6666666666666665        5.2961417215908017E-002
   2.6666666666666665        2.0000000000000000        7.1204891726969879E-002
   2.6666666666666665        2.3333333333333330        8.3980819829183220E-002
   2.6666666666666665        2.6666666666666665        9.0272852369644024E-002
   2.6666666666666665        3.0000000000000000       0.11005181628657541     
   2.6666666666666665        3.3333333333333330       0.10318164378689698     
   2.6666666666666665        3.6666666666666665       0.11431346049674672     
   2.6666666666666665        4.0000000000000000       0.18730682848294597     
   2.6666666666666665        4.3333333333333330       0.18761549079743187     
   2.6666666666666665        4.6666666666666661       0.21848642657778919     
   2.6666666666666665        5.0000000000000000       0.24280875705716390     
   2.6666666666666665        5.3333333333333330       0.25558705460510972     
   2.6666666666666665        5.6666666666666661       0.24980299461128744     
   2.6666666666666665        6.0000000000000000       0.22542734245560692     
   2.6666666666666665        6.3333333333333330       0.24010558073206203     
   2.6666666666666665        6.6666666666666661       0.21394365115608763     
   2.6666666666666665        7.0000000000000000       0.18828344945408587     
   2.6666666666666665        7.3333333333333330       0.18332148125142766     
   2.6666666666666665        7.6666666666666661       0.16013471686429159     
   2.6666666666666665        8.0000000000000000        3.3738384819519900E-002
   2.6666666666666665        8.3333333333333321        3.4486983533567835E-002
   2.6666666666666665        8.6666666666666661        2.8315868461803447E-002
   2.6666666666666665        9.0000000000000000        2.2805982654526363E-002
   2.6666666666666665        9.3333333333333321        1.4376877664973956E-002
   2.6666666666666665        9.6666666666666661        6.9252432605462948E-003
   2.6666666666666665        10.000000000000000        0.0000000000000000     
 
   3.0000000000000000        0.0000000000000000        0.0000000000000000     
   3.0000000000000000       0.33333333333333331        9.0376535252759405E-003
   3.0000000000000000       0.66666666666666663        1.7988783380405729E-002
   3.0000000000000000        1.0000000000000000        2.5706988594251766E-002
   3.0000000000000000        1.3333333333333333        6.0457658068312520E-002
   3.0000000000000000        1.6666666666666665        6.5438230521406807E-002
   3.0000000000000000        2.0000000000000000        7.8604281587544858E-002
   3.0000000000000000        2.3333333333333330        9.2450416786766701E-002
   3.0000000000000000        2.6666666666666665       0.10504729936226698     
   3.0000000000000000        3.0000000000000000       0.11771287178123084     
   3.0000000000000000        3.3333333333333330       0.15050132916188441     
   3.0000000000000000        3.6666666666666665       0.14301241647223337     
   3.0000000000000000        4.0000000000000000       0.20752819137493497     
   3.0000000000000000        4.3333333333333330       0.20745334757562367     
   3.0000000000000000        4.6666666666666661       0.22387825918044513     
   3.0000000000000000        5.0000000000000000       0.25123917234899662     
   3.0000000000000000        5.3333333333333330       0.28500422678896070     
   3.0000000000000000        5.6666666666666661       0.28879733403520103     
   3.0000000000000000        6.0000000000000000       0.29629377752362840     
   3.0000000000000000        6.3333333333333330       0.26385961141409109     
   3.0000000000000000        6.6666666666666661       0.25194589708020326     
   3.0000000000000000        7.0000000000000000       0.21991704900244269     
   3.0000000000000000        7.3333333333333330       0.20054677091392423     
   3.0000000000000000        7.6666666666666661       0.18203201940755098     
   3.0000000000000000        8.0000000000000000       0.15566628039051750     
   3.0000000000000000        8.3333333333333321        2.6677181396077353E-002
   3.0000000000000000        8.6666666666666661        2.7433638673683734E-002
   3.0000000000000000        9.0000000000000000        2.8010778404747621E-002
   3.0000000000000000        9.3333333333333321        1.3992087052806875E-002
   3.0000000000000000        9.6666666666666661        7.6495145078738207E-003
   3.0000000000000000        10.000000000000000        0.0000000000000000     
 
   3.3333333333333330        0.0000000000000000        0.0000000000000000     
   3.3333333333333330       0.33333333333333331        1.1060119178327835E-002
   3.3333333333333330       0.66666666666666663        2.2814999261227566E-002
   3.3333333333333330        1.0000000000000000        3.6393049317319293E-002
   3.3333333333333330        1.3333333333333333        5.6259409726088477E-002
   3.3333333333333330        1.6666666666666665        7.0531277720138869E-002
   3.3333333333333330        2.0000000000000000        8.6128670719563385E-002
   3.3333333333333330        2.3333333333333330       0.10292059619987534     
   3.3333333333333330        2.6666666666666665       0.12040308619262080     
   3.3333333333333330        3.0000000000000000       0.13855947635888877     
   3.3333333333333330        3.3333333333333330       0.15798652200190971     
   3.3333333333333330        3.6666666666666665       0.16440197077134999     
   3.3333333333333330        4.0000000000000000       0.20831581642512276     
   3.3333333333333330        4.3333333333333330       0.21051264709021197     
   3.3333333333333330        4.6666666666666661       0.21748473441036212     
   3.3333333333333330        5.0000000000000000       0.36865978196153298     
   3.3333333333333330        5.3333333333333330       0.34069870003447328     
   3.3333333333333330        5.6666666666666661       0.32761541741469963     
   3.3333333333333330        6.0000000000000000       0.32426325615438295     
   3.3333333333333330        6.3333333333333330       0.30235964227737849     
   3.3333333333333330        6.6666666666666661       0.27519153556868781     
   3.3333333333333330        7.0000000000000000       0.23774257641792393     
   3.3333333333333330        7.3333333333333330       0.21591376605262064     
   3.3333333333333330        7.6666666666666661       0.18485891845854169     
   3.3333333333333330        8.0000000000000000       0.15608302747565489     
   3.3333333333333330        8.3333333333333321        9.2434983711585844E-002
   3.3333333333333330        8.6666666666666661        4.7243025470088136E-002
   3.3333333333333330        9.0000000000000000        3.4443668692048797E-002
   3.3333333333333330        9.3333333333333321        2.0642952492251614E-002
   3.3333333333333330        9.6666666666666661        9.8588910086447688E-003
   3.3333333333333330        10.000000000000000        0.0000000000000000     
 
   3.6666666666666665        0.0000000000000000        0.0000000000000000     
   3.6666666666666665       0.33333333333333331        1.2576782434703296E-002
   3.6666666666666665       0.66666666666666663        2.6184695853145992E-002
   3.6666666666666665        1.0000000000000000        4.1314927863033979E-002
   3.6666666666666665        1.3333333333333333        5.8338234050793553E-002
   3.6666666666666665        1.6666666666666665        7.5012100540696139E-002
   3.6666666666666665        2.0000000000000000        9.3114466080054012E-002
   3.6666666666666665        2.3333333333333330       0.11321078169160864     
   3.6666666666666665        2.6666666666666665       0.13537164676563887     
   3.6666666666666665        3.0000000000000000       0.15814787307718531     
   3.6666666666666665        3.3333333333333330       0.17819027023513426     
   3.6666666666666665        3.6666666666666665       0.19185234020048478     
   3.6666666666666665        4.0000000000000000       0.20550120544732264     
   3.6666666666666665        4.3333333333333330       0.20831581642512276     
   3.6666666666666665        4.6666666666666661       0.41439979788714548     
   3.6666666666666665        5.0000000000000000       0.38897404063029128     
   3.6666666666666665        5.3333333333333330       0.37518714660291119     
   3.6666666666666665        5.6666666666666661       0.35096797574020133     
   3.6666666666666665        6.0000000000000000       0.34324928858084025     
   3.6666666666666665        6.3333333333333330       0.32476378763843267     
   3.6666666666666665        6.6666666666666661       0.30503303237510693     
   3.6666666666666665        7.0000000000000000       0.25995523268085152     
   3.6666666666666665        7.3333333333333330       0.23904298403152580     
   3.6666666666666665        7.6666666666666661       0.12715490435948082     
   3.6666666666666665        8.0000000000000000       0.12794110260882433     
   3.6666666666666665        8.3333333333333321        9.3442752277160424E-002
   3.6666666666666665        8.6666666666666661        6.0802542062494261E-002
   3.6666666666666665        9.0000000000000000        4.2516126390558712E-002
   3.6666666666666665        9.3333333333333321        2.4687202061786664E-002
   3.6666666666666665        9.6666666666666661        1.1349343285930114E-002
   3.6666666666666665        10.000000000000000        0.0000000000000000     
 
   4.0000000000000000        0.0000000000000000        0.0000000000000000     
   4.0000000000000000       0.33333333333333331        1.3260194960837499E-002
   4.0000000000000000       0.66666666666666663        2.8416959678981515E-002
   4.0000000000000000        1.0000000000000000        4.4883447962524879E-002
   4.0000000000000000        1.3333333333333333        6.1403434120561824E-002
   4.0000000000000000        1.6666666666666665        7.8692384280518751E-002
   4.0000000000000000        2.0000000000000000        9.8608172800999483E-002
   4.0000000000000000        2.3333333333333330       0.12168803156068769     
   4.0000000000000000        2.6666666666666665       0.14960182054499915     
   4.0000000000000000        3.0000000000000000       0.17991143496258336     
   4.0000000000000000        3.3333333333333330       0.20385411223861977     
   4.0000000000000000        3.6666666666666665       0.21826849881450064     
   4.0000000000000000        4.0000000000000000       0.21261459129884380     
   4.0000000000000000        4.3333333333333330       0.43447073380952550     
   4.0000000000000000        4.6666666666666661       0.42984769068719619     
   4.0000000000000000        5.0000000000000000       0.42868694090566395     
   4.0000000000000000        5.3333333333333330       0.41207085381303665     
   4.0000000000000000        5.6666666666666661       0.38995615017856111     
   4.0000000000000000        6.0000000000000000       0.36645484568467462     
   4.0000000000000000        6.3333333333333330       0.34265954979430985     
   4.0000000000000000        6.6666666666666661       0.31023403841543140     
   4.0000000000000000        7.0000000000000000       0.27782117945737939     
   4.0000000000000000        7.3333333333333330       0.20159007992290878     
   4.0000000000000000        7.6666666666666661       0.14741433024001116     
   4.0000000000000000        8.0000000000000000       0.13568457054911889     
   4.0000000000000000        8.3333333333333321       0.10050830919062069     
   4.0000000000000000        8.6666666666666661        6.0508476765546666E-002
   4.0000000000000000        9.0000000000000000        5.0797042989140409E-002
   4.0000000000000000        9.3333333333333321        1.9602806314833864E-002
   4.0000000000000000        9.6666666666666661        1.1068359690056239E-002
   4.0000000000000000        10.000000000000000        0.0000000000000000     
 
   4.3333333333333330        0.0000000000000000        0.0000000000000000     
   4.3333333333333330       0.33333333333333331        1.2245788469652073E-002
   4.3333333333333330       0.66666666666666663        2.9736544293809255E-002
   4.3333333333333330        1.0000000000000000        4.8954206512180756E-002
   4.3333333333333330        1.3333333333333333        6.4322591953492381E-002
   4.3333333333333330        1.6666666666666665        8.0319763596772203E-002
   4.3333333333333330        2.0000000000000000       0.10131834227712666     
   4.3333333333333330        2.3333333333333330       0.12535723358037049     
   4.3333333333333330        2.6666666666666665       0.16087991427756543     
   4.3333333333333330        3.0000000000000000       0.20676304015850150     
   4.3333333333333330        3.3333333333333330       0.23719471692318947     
   4.3333333333333330        3.6666666666666665       0.26266564497854189     
   4.3333333333333330        4.0000000000000000       0.41640855219685674     
   4.3333333333333330        4.3333333333333330       0.42793979267617854     
   4.3333333333333330        4.6666666666666661       0.44040038295245720     
   4.3333333333333330        5.0000000000000000       0.43446037400817039     
   4.3333333333333330        5.3333333333333330       0.42237218430763868     
   4.3333333333333330        5.6666666666666661       0.40456371860514617     
   4.3333333333333330        6.0000000000000000       0.38221971319035802     
   4.3333333333333330        6.3333333333333330       0.36255328930162545     
   4.3333333333333330        6.6666666666666661       0.29664190516245253     
   4.3333333333333330        7.0000000000000000       0.25937783523808017     
   4.3333333333333330        7.3333333333333330       0.20025979542053621     
   4.3333333333333330        7.6666666666666661       0.15926471025567776     
   4.3333333333333330        8.0000000000000000       0.13207620607822890     
   4.3333333333333330        8.3333333333333321       0.10122645694371855     
   4.3333333333333330        8.6666666666666661        7.0963102649902618E-002
   4.3333333333333330        9.0000000000000000        5.0073296144040338E-002
   4.3333333333333330        9.3333333333333321        2.8457507422342751E-002
   4.3333333333333330        9.6666666666666661        1.3514392896550719E-002
   4.3333333333333330        10.000000000000000        0.0000000000000000     
 
   4.6666666666666661        0.0000000000000000        0.0000000000000000     
   4.6666666666666661       0.33333333333333331        6.1665148180782671E-003
   4.6666666666666661       0.66666666666666663        5.6662331863357104E-002
   4.6666666666666661        1.0000000000000000        5.7475297642086524E-002
   4.6666666666666661        1.3333333333333333        6.7260168200141870E-002
   4.6666666666666661        1.6666666666666665        7.7522578968673719E-002
   4.6666666666666661        2.0000000000000000       0.11129667106473115     
   4.6666666666666661        2.3333333333333330       0.11748483183765118     
   4.6666666666666661        2.6666666666666665       0.25034915686989856     
   4.6666666666666661        3.0000000000000000       0.24687306386570612     
   4.6666666666666661        3.3333333333333330       0.27235276747094200     
   4.6666666666666661        3.6666666666666665       0.32852097375405676     
   4.6666666666666661        4.0000000000000000       0.39441748522709758     
   4.6666666666666661        4.3333333333333330       0.42200310574229921     
   4.6666666666666661        4.6666666666666661       0.43484450103716443     
   4.6666666666666661        5.0000000000000000       0.43521486995466896     
   4.6666666666666661        5.3333333333333330       0.42785621720823142     
   4.6666666666666661        5.6666666666666661       0.41405677403242097     
   4.6666666666666661        6.0000000000000000       0.38675406498850906     
   4.6666666666666661        6.3333333333333330       0.35515879988641791     
   4.6666666666666661        6.6666666666666661       0.32901917058854957     
   4.6666666666666661        7.0000000000000000       0.17998750962127485     
   4.6666666666666661        7.3333333333333330       0.17938754446843105     
   4.6666666666666661        7.6666666666666661       0.15702313744046970     
   4.6666666666666661        8.0000000000000000       0.13238348840260217     
   4.6666666666666661        8.3333333333333321       0.10193569843773259     
   4.6666666666666661        8.6666666666666661        7.2723790771212465E-002
   4.6666666666666661        9.0000000000000000        5.0698520469020028E-002
   4.6666666666666661        9.3333333333333321        3.1050932871593731E-002
   4.6666666666666661        9.6666666666666661        1.4745925941502905E-002
   4.6666666666666661        10.000000000000000        0.0000000000000000     
 
   5.0000000000000000        0.0000000000000000        0.0000000000000000     
   5.0000000000000000       0.33333333333333331        6.3495220380695482E-003
   5.0000000000000000       0.66666666666666663        4.7931650523318214E-002
   5.0000000000000000        1.0000000000000000        5.7749299075049138E-002
   5.0000000000000000        1.3333333333333333        7.0424909253621881E-002
   5.0000000000000000        1.6666666666666665        8.5653027481536886E-002
   5.0000000000000000        2.0000000000000000       0.10550937570137037     
   5.0000000000000000        2.3333333333333330       0.11604569581117634     
   5.0000000000000000        2.6666666666666665       0.25816994750772249     
   5.0000000000000000        3.0000000000000000       0.25459265521329838     
   5.0000000000000000        3.3333333333333330       0.38695695189684848     
   5.0000000000000000        3.6666666666666665       0.37793502407866342     
   5.0000000000000000        4.0000000000000000       0.40125949165614694     
   5.0000000000000000        4.3333333333333330       0.42015025496678798     
   5.0000000000000000        4.6666666666666661       0.43053370648029377     
   5.0000000000000000        5.0000000000000000       0.43248198141118760     
   5.0000000000000000        5.3333333333333330       0.42894286805962928     
   5.0000000000000000        5.6666666666666661       0.42689921651318796     
   5.0000000000000000        6.0000000000000000       0.33701732043550453     
   5.0000000000000000        6.3333333333333330       0.33493663318574463     
   5.0000000000000000        6.6666666666666661       0.26855271835382660     
   5.0000000000000000        7.0000000000000000       0.19844301918865964     
   5.0000000000000000        7.3333333333333330       0.17955276381811033     
   5.0000000000000000        7.6666666666666661       0.15683261719915462     
   5.0000000000000000        8.0000000000000000       0.13870580366128796     
   5.0000000000000000        8.3333333333333321        7.9014956033571795E-002
   5.0000000000000000        8.6666666666666661        6.7965940869618796E-002
   5.0000000000000000        9.0000000000000000        4.9557569257487756E-002
   5.0000000000000000        9.3333333333333321        3.0740229935654083E-002
   5.0000000000000000        9.6666666666666661        1.4646314192226027E-002
   5.0000000000000000        10.000000000000000        0.0000000000000000     
 
   5.3333333333333330        0.0000000000000000        0.0000000000000000     
   5.3333333333333330       0.33333333333333331        1.2979515771718152E-002
   5.3333333333333330       0.66666666666666663        3.8754149790692388E-002
   5.3333333333333330        1.0000000000000000        5.5861816267819692E-002
   5.3333333333333330        1.3333333333333333        7.1728063412519652E-002
   5.3333333333333330        1.6666666666666665        8.9772851434631762E-002
   5.3333333333333330        2.0000000000000000       0.10948834627321230     
   5.3333333333333330        2.3333333333333330       0.12543144599695452     
   5.3333333333333330        2.6666666666666665       0.23346466920235115     
   5.3333333333333330        3.0000000000000000       0.25518185869448062     
   5.3333333333333330        3.3333333333333330       0.37388334951736724     
   5.3333333333333330        3.6666666666666665       0.38636770795909908     
   5.3333333333333330        4.0000000000000000       0.40289387358211726     
   5.3333333333333330        4.3333333333333330       0.41632445842535348     
   5.3333333333333330        4.6666666666666661       0.42369793050496657     
   5.3333333333333330        5.0000000000000000       0.42417801616109968     
   5.3333333333333330        5.3333333333333330       0.41764019246345507     
   5.3333333333333330        5.6666666666666661       0.34801046567601457     
   5.3333333333333330        6.0000000000000000       0.33252174249814886     
   5.3333333333333330        6.3333333333333330       0.30612686198495942     
   5.3333333333333330        6.6666666666666661       0.26479489998746775     
   5.3333333333333330        7.0000000000000000       0.21599562288047791     
   5.3333333333333330        7.3333333333333330       0.18277021779222624     
   5.3333333333333330        7.6666666666666661       0.15182915342175110     
   5.3333333333333330        8.0000000000000000       0.12703656880956157     
   5.3333333333333330        8.3333333333333321        9.0859188043580758E-002
   5.3333333333333330        8.6666666666666661        7.1315475296563874E-002
   5.3333333333333330        9.0000000000000000        4.9460164630396153E-002
   5.3333333333333330        9.3333333333333321        2.8155783269226110E-002
   5.3333333333333330        9.6666666666666661        1.3331952119140617E-002
   5.3333333333333330        10.000000000000000        0.0000000000000000     
 
   5.6666666666666661        0.0000000000000000        0.0000000000000000     
   5.6666666666666661       0.33333333333333331        7.0008192697321543E-003
   5.6666666666666661       0.66666666666666663        1.7468331538825214E-002
   5.6666666666666661        1.0000000000000000        5.0602582493976304E-002
   5.6666666666666661        1.3333333333333333        7.1503611934121220E-002
   5.6666666666666661        1.6666666666666665        9.2787713306707265E-002
   5.6666666666666661        2.0000000000000000       0.11760871087521048     
   5.6666666666666661        2.3333333333333330       0.15082716748759764     
   5.6666666666666661        2.6666666666666665       0.20888284685088368     
   5.6666666666666661        3.0000000000000000       0.27387493601578133     
   5.6666666666666661        3.3333333333333330       0.35317649999441481     
   5.6666666666666661        3.6666666666666665       0.38195813099739800     
   5.6666666666666661        4.0000000000000000       0.39808591324651615     
   5.6666666666666661        4.3333333333333330       0.40839534037079117     
   5.6666666666666661        4.6666666666666661       0.41322172095386656     
   5.6666666666666661        5.0000000000000000       0.41228612337778375     
   5.6666666666666661        5.3333333333333330       0.38947128992337898     
   5.6666666666666661        5.6666666666666661       0.35640728257270016     
   5.6666666666666661        6.0000000000000000       0.28912661011119167     
   5.6666666666666661        6.3333333333333330       0.28691492191001028     
   5.6666666666666661        6.6666666666666661       0.22053468677714330     
   5.6666666666666661        7.0000000000000000       0.17893137975482168     
   5.6666666666666661        7.3333333333333330       0.14362410954009344     
   5.6666666666666661        7.6666666666666661       0.14053947207521328     
   5.6666666666666661        8.0000000000000000        9.3291236872043715E-002
   5.6666666666666661        8.3333333333333321        8.6796300479467764E-002
   5.6666666666666661        8.6666666666666661        7.7766779858482349E-002
   5.6666666666666661        9.0000000000000000        1.9108416169522559E-002
   5.6666666666666661        9.3333333333333321        1.9530820835709672E-002
   5.6666666666666661        9.6666666666666661        1.0753487521106078E-002
   5.6666666666666661        10.000000000000000        0.0000000000000000     
 
   6.0000000000000000        0.0000000000000000        0.0000000000000000     
   6.0000000000000000       0.33333333333333331        8.1402263608475450E-003
   6.0000000000000000       0.66666666666666663        1.7819134417982694E-002
   6.0000000000000000        1.0000000000000000        3.0260201357700172E-002
   6.0000000000000000        1.3333333333333333        0.0000000000000000     
   6.0000000000000000        1.6666666666666665       0.11676027538588697     
   6.0000000000000000        2.0000000000000000       0.11762113997074310     
   6.0000000000000000        2.3333333333333330       0.15857597055456979     
   6.0000000000000000        2.6666666666666665       0.17525168523314941     
   6.0000000000000000        3.0000000000000000       0.38397523006590617     
   6.0000000000000000        3.3333333333333330       0.37565053596315812     
   6.0000000000000000        3.6666666666666665       0.38174867967984355     
   6.0000000000000000        4.0000000000000000       0.38995636119948129     
   6.0000000000000000        4.3333333333333330       0.39632097543980827     
   6.0000000000000000        4.6666666666666661       0.39859736374533383     
   6.0000000000000000        5.0000000000000000       0.36628121470865138     
   6.0000000000000000        5.3333333333333330       0.36256808499361309     
   6.0000000000000000        5.6666666666666661       0.32423652167821915     
   6.0000000000000000        6.0000000000000000       0.28669632535535683     
   6.0000000000000000        6.3333333333333330       0.26091799461065363     
   6.0000000000000000        6.6666666666666661       0.21843821634371222     
   6.0000000000000000        7.0000000000000000       0.17817673988561405     
   6.0000000000000000        7.3333333333333330       0.14687167282852517     
   6.0000000000000000        7.6666666666666661       0.12636026075218124     
   6.0000000000000000        8.0000000000000000       0.10071996736830031     
   6.0000000000000000        8.3333333333333321        8.6183420408881578E-002
   6.0000000000000000        8.6666666666666661        7.6119207707997988E-002
   6.0000000000000000        9.0000000000000000        2.9385602016290049E-002
   6.0000000000000000        9.3333333333333321        2.0491221445777009E-002
   6.0000000000000000        9.6666666666666661        1.0365514254909055E-002
   6.0000000000000000        10.000000000000000        0.0000000000000000     
 
   6.3333333333333330        0.0000000000000000        0.0000000000000000     
   6.3333333333333330       0.33333333333333331        7.8948015050673698E-003
   6.3333333333333330       0.66666666666666663        1.5728085501180343E-002
   6.3333333333333330        1.0000000000000000        2.2798083434043367E-002
   6.3333333333333330        1.3333333333333333        6.9893031892856297E-002
   6.3333333333333330        1.6666666666666665       0.10579277285704847     
   6.3333333333333330        2.0000000000000000       0.11921131204065372     
   6.3333333333333330        2.3333333333333330       0.14184704639424303     
   6.3333333333333330        2.6666666666666665       0.15762693858263965     
   6.3333333333333330        3.0000000000000000       0.17771028677854317     
   6.3333333333333330        3.3333333333333330       0.37895368308206534     
   6.3333333333333330        3.6666666666666665       0.37120814210700881     
   6.3333333333333330        4.0000000000000000       0.37509471897073360     
   6.3333333333333330        4.3333333333333330       0.37943935537329759     
   6.3333333333333330        4.6666666666666661       0.37719750233761390     
   6.3333333333333330        5.0000000000000000       0.36227335500684060     
   6.3333333333333330        5.3333333333333330       0.28407360194413345     
   6.3333333333333330        5.6666666666666661       0.28513820722969613     
   6.3333333333333330        6.0000000000000000       0.26790713413204553     
   6.3333333333333330        6.3333333333333330       0.24799454493416859     
   6.3333333333333330        6.6666666666666661       0.21200010597223404     
   6.3333333333333330        7.0000000000000000       0.16762253636816413     
   6.3333333333333330        7.3333333333333330       0.13933100759258796     
   6.3333333333333330        7.6666666666666661       0.11774250258047515     
   6.3333333333333330        8.0000000000000000        9.7868310178835086E-002
   6.3333333333333330        8.3333333333333321        8.2044910370476842E-002
   6.3333333333333330        8.6666666666666661        6.5376307895400637E-002
   6.3333333333333330        9.0000000000000000        3.8879075183887009E-002
   6.3333333333333330        9.3333333333333321        2.3112776180399065E-002
   6.3333333333333330        9.6666666666666661        1.0441429643051415E-002
   6.3333333333333330        10.000000000000000        0.0000000000000000     
 
   6.6666666666666661        0.0000000000000000        0.0000000000000000     
   6.6666666666666661       0.33333333333333331        7.8748433276196236E-003
   6.6666666666666661       0.66666666666666663        1.4708049689893867E-002
   6.6666666666666661        1.0000000000000000        5.6653112452586453E-002
   6.6666666666666661        1.3333333333333333        7.1270247489246902E-002
   6.6666666666666661        1.6666666666666665        9.3492786180847498E-002
   6.6666666666666661        2.0000000000000000       0.11245013414074458     
   6.6666666666666661        2.3333333333333330       0.13241330687174105     
   6.6666666666666661        2.6666666666666665       0.15584342912337881     
   6.6666666666666661        3.0000000000000000       0.17777215655020653     
   6.6666666666666661        3.3333333333333330       0.29509432081400966     
   6.6666666666666661        3.6666666666666665       0.34150908175183647     
   6.6666666666666661        4.0000000000000000       0.35204026722778170     
   6.6666666666666661        4.3333333333333330       0.36115682639135466     
   6.6666666666666661        4.6666666666666661       0.36048849331438731     
   6.6666666666666661        5.0000000000000000       0.33590219753616812     
   6.6666666666666661        5.3333333333333330       0.27859481366924471     
   6.6666666666666661        5.6666666666666661       0.25981611755443418     
   6.6666666666666661        6.0000000000000000       0.24793189769260157     
   6.6666666666666661        6.3333333333333330       0.16520462862886218     
   6.6666666666666661        6.6666666666666661       0.14060953033882434     
   6.6666666666666661        7.0000000000000000       0.14040375860710008     
   6.6666666666666661        7.3333333333333330       0.12524416438786709     
   6.6666666666666661        7.6666666666666661       0.10799233994104948     
   6.6666666666666661        8.0000000000000000        9.1819927748044747E-002
   6.6666666666666661        8.3333333333333321        7.9708885293519924E-002
   6.6666666666666661        8.6666666666666661        4.2159339603258524E-002
   6.6666666666666661        9.0000000000000000        3.8358195216928646E-002
   6.6666666666666661        9.3333333333333321        1.5335877707104754E-002
   6.6666666666666661        9.6666666666666661        8.5204908056442669E-003
   6.6666666666666661        10.000000000000000        0.0000000000000000     
 
   7.0000000000000000        0.0000000000000000        0.0000000000000000     
   7.0000000000000000       0.33333333333333331        9.0769939422040095E-003
   7.0000000000000000       0.66666666666666663        2.0848934527231022E-002
   7.0000000000000000        1.0000000000000000        4.3155850922823910E-002
   7.0000000000000000        1.3333333333333333        6.6303315581568836E-002
   7.0000000000000000        1.6666666666666665        8.5688592436608035E-002
   7.0000000000000000        2.0000000000000000       0.10573033086861057     
   7.0000000000000000        2.3333333333333330       0.12025730204961713     
   7.0000000000000000        2.6666666666666665       0.17803475857160364     
   7.0000000000000000        3.0000000000000000       0.19965512513587177     
   7.0000000000000000        3.3333333333333330       0.24439870360934279     
   7.0000000000000000        3.6666666666666665       0.29611466941892323     
   7.0000000000000000        4.0000000000000000       0.32379057656608939     
   7.0000000000000000        4.3333333333333330       0.34559687404189887     
   7.0000000000000000        4.6666666666666661       0.15634914276960055     
   7.0000000000000000        5.0000000000000000       0.21172167561342137     
   7.0000000000000000        5.3333333333333330       0.23037461426863845     
   7.0000000000000000        5.6666666666666661       0.22404805370639183     
   7.0000000000000000        6.0000000000000000       0.21294946251918753     
   7.0000000000000000        6.3333333333333330       0.16495104620223483     
   7.0000000000000000        6.6666666666666661       0.14114655287154459     
   7.0000000000000000        7.0000000000000000       0.12837113575786119     
   7.0000000000000000        7.3333333333333330       0.11375588029324193     
   7.0000000000000000        7.6666666666666661        9.7924513631561780E-002
   7.0000000000000000        8.0000000000000000        8.2641406285423616E-002
   7.0000000000000000        8.3333333333333321        6.6260284829062044E-002
   7.0000000000000000        8.6666666666666661        4.6856826434617485E-002
   7.0000000000000000        9.0000000000000000        3.4850685134645294E-002
   7.0000000000000000        9.3333333333333321        2.2550193819980826E-002
   7.0000000000000000        9.6666666666666661        3.2770940965739298E-003
   7.0000000000000000        10.000000000000000        0.0000000000000000     
 
   7.3333333333333330        0.0000000000000000        0.0000000000000000     
   7.3333333333333330       0.33333333333333331        7.8004697453316158E-003
   7.3333333333333330       0.66666666666666663        1.6923992945680862E-002
   7.3333333333333330        1.0000000000000000        2.9702947820786741E-002
   7.3333333333333330        1.3333333333333333        7.3455690249223382E-002
   7.3333333333333330        1.6666666666666665        7.8591165843281047E-002
   7.3333333333333330        2.0000000000000000       0.10868656888513259     
   7.3333333333333330        2.3333333333333330       0.12369137453512088     
   7.3333333333333330        2.6666666666666665       0.15625177949808716     
   7.3333333333333330        3.0000000000000000       0.19759635135275352     
   7.3333333333333330        3.3333333333333330       0.23610176488883469     
   7.3333333333333330        3.6666666666666665       0.26431391045502489     
   7.3333333333333330        4.0000000000000000       0.29611466941892323     
   7.3333333333333330        4.3333333333333330       0.15634914276960055     
   7.3333333333333330        4.6666666666666661       0.15659000418624960     
   7.3333333333333330        5.0000000000000000       0.19134369086665429     
   7.3333333333333330        5.3333333333333330       0.20468238236235106     
   7.3333333333333330        5.6666666666666661       0.19075482892094481     
   7.3333333333333330        6.0000000000000000       0.13414514122808133     
   7.3333333333333330        6.3333333333333330       0.14014626583146589     
   7.3333333333333330        6.6666666666666661       0.13096286531036985     
   7.3333333333333330        7.0000000000000000       0.11873354333088784     
   7.3333333333333330        7.3333333333333330       0.10423756656173368     
   7.3333333333333330        7.6666666666666661        8.8213778798278741E-002
   7.3333333333333330        8.0000000000000000        7.5552893764542189E-002
   7.3333333333333330        8.3333333333333321        5.6828725759608310E-002
   7.3333333333333330        8.6666666666666661        4.5063943697827277E-002
   7.3333333333333330        9.0000000000000000        3.2402604831833007E-002
   7.3333333333333330        9.3333333333333321        1.8018604683112675E-002
   7.3333333333333330        9.6666666666666661        6.6500255190149885E-003
   7.3333333333333330        10.000000000000000        0.0000000000000000     
 
   7.6666666666666661        0.0000000000000000        0.0000000000000000     
   7.6666666666666661       0.33333333333333331        5.4003094563065540E-003
   7.6666666666666661       0.66666666666666663        9.7552684381041581E-003
   7.6666666666666661        1.0000000000000000        6.8184265110367168E-002
   7.6666666666666661        1.3333333333333333        7.0147808181452984E-002
   7.6666666666666661        1.6666666666666665        7.8315099696091614E-002
   7.6666666666666661        2.0000000000000000        9.5094570961133371E-002
   7.6666666666666661        2.3333333333333330       0.11066141321731723     
   7.6666666666666661        2.6666666666666665       0.12603944851193932     
   7.6666666666666661        3.0000000000000000       0.12152367952370981     
   7.6666666666666661        3.3333333333333330       0.18608260505734056     
   7.6666666666666661        3.6666666666666665       0.22598170764706105     
   7.6666666666666661        4.0000000000000000        6.4785499097892899E-002
   7.6666666666666661        4.3333333333333330       0.10671505162088046     
   7.6666666666666661        4.6666666666666661       0.12243998218337879     
   7.6666666666666661        5.0000000000000000        9.9793951049211099E-002
   7.6666666666666661        5.3333333333333330       0.14216134325239338     
   7.6666666666666661        5.6666666666666661       0.14225769154844758     
   7.6666666666666661        6.0000000000000000       0.12859651317250029     
   7.6666666666666661        6.3333333333333330       0.13086529294797211     
   7.6666666666666661        6.6666666666666661       0.12441004334438756     
   7.6666666666666661        7.0000000000000000       0.11216435259385998     
   7.6666666666666661        7.3333333333333330        9.7171290404045416E-002
   7.6666666666666661        7.6666666666666661        7.6134223253526062E-002
   7.6666666666666661        8.0000000000000000        3.7921351115413206E-002
   7.6666666666666661        8.3333333333333321        4.1422161266166553E-002
   7.6666666666666661        8.6666666666666661        2.0249353667600615E-002
   7.6666666666666661        9.0000000000000000        1.1669031624358478E-002
   7.6666666666666661        9.3333333333333321        1.0932176384521560E-002
   7.6666666666666661        9.6666666666666661        5.4904096269910163E-003
   7.6666666666666661        10.000000000000000        0.0000000000000000     
 
   8.0000000000000000        0.0000000000000000        0.0000000000000000     
   8.0000000000000000       0.33333333333333331        4.2013560839244913E-003
   8.0000000000000000       0.66666666666666663        7.2158312445923427E-003
   8.0000000000000000        1.0000000000000000        6.0633674975534242E-002
   8.0000000000000000        1.3333333333333333        6.2486404199111785E-002
   8.0000000000000000        1.6666666666666665        7.1170469874628745E-002
   8.0000000000000000        2.0000000000000000        8.4305116748004671E-002
   8.0000000000000000        2.3333333333333330        9.9209267930260622E-002
   8.0000000000000000        2.6666666666666665       0.11233481874577705     
   8.0000000000000000        3.0000000000000000       0.12311611177266898     
   8.0000000000000000        3.3333333333333330       0.14589847112867632     
   8.0000000000000000        3.6666666666666665        6.4785499097892899E-002
   8.0000000000000000        4.0000000000000000        6.6315799357435062E-002
   8.0000000000000000        4.3333333333333330        9.2202639328490626E-002
   8.0000000000000000        4.6666666666666661       0.10494989006136266     
   8.0000000000000000        5.0000000000000000       0.10155911260872888     
   8.0000000000000000        5.3333333333333330        9.3875423373532954E-002
   8.0000000000000000        5.6666666666666661       0.10750829710625646     
   8.0000000000000000        6.0000000000000000       0.10756090769376998     
   8.0000000000000000        6.3333333333333330        0.0000000000000000     
   8.0000000000000000        6.6666666666666661       0.10786952033573054     
   8.0000000000000000        7.0000000000000000       0.10935455205087595     
   8.0000000000000000        7.3333333333333330        3.5158315775517299E-002
   8.0000000000000000        7.6666666666666661        4.4024744866682938E-002
   8.0000000000000000        8.0000000000000000        3.5360459327707275E-002
   8.0000000000000000        8.3333333333333321        3.0452348628253554E-002
   8.0000000000000000        8.6666666666666661        2.0949356707399652E-002
   8.0000000000000000        9.0000000000000000        1.2815023423454712E-002
   8.0000000000000000        9.3333333333333321        8.8962229881532559E-003
   8.0000000000000000        9.6666666666666661        4.5556660683892932E-003
   8.0000000000000000        10.000000000000000        0.0000000000000000     
 
   8.3333333333333321        0.0000000000000000        0.0000000000000000     
   8.3333333333333321       0.33333333333333331        4.3293373023398979E-003
   8.3333333333333321       0.66666666666666663        7.9290194553963186E-003
   8.3333333333333321        1.0000000000000000        3.7637365144398735E-002
   8.3333333333333321        1.3333333333333333        4.9745756731544667E-002
   8.3333333333333321        1.6666666666666665        6.1302025351185480E-002
   8.3333333333333321        2.0000000000000000        7.3425163292051288E-002
   8.3333333333333321        2.3333333333333330        9.1136317056522601E-002
   8.3333333333333321        2.6666666666666665       0.10247140100158871     
   8.3333333333333321        3.0000000000000000       0.11413230051983993     
   8.3333333333333321        3.3333333333333330       0.12936281099156799     
   8.3333333333333321        3.6666666666666665        4.3620964628194495E-002
   8.3333333333333321        4.0000000000000000        4.4933686652528386E-002
   8.3333333333333321        4.3333333333333330        2.0166314375538782E-002
   8.3333333333333321        4.6666666666666661        1.8218205377149164E-002
   8.3333333333333321        5.0000000000000000        8.0026422212372272E-002
   8.3333333333333321        5.3333333333333330        8.1058367957885680E-002
   8.3333333333333321        5.6666666666666661        8.6939662188367212E-002
   8.3333333333333321        6.0000000000000000        8.7233691027215371E-002
   8.3333333333333321        6.3333333333333330        4.4051802422677366E-002
   8.3333333333333321        6.6666666666666661        0.0000000000000000     
   8.3333333333333321        7.0000000000000000        2.3549647833473526E-002
   8.3333333333333321        7.3333333333333330        2.7153462800676171E-002
   8.3333333333333321        7.6666666666666661        3.0349056630855825E-002
   8.3333333333333321        8.0000000000000000        2.9928031292884141E-002
   8.3333333333333321        8.3333333333333321        2.4896767176531425E-002
   8.3333333333333321        8.6666666666666661        1.0584021456859497E-002
   8.3333333333333321        9.0000000000000000        1.0199599468422207E-002
   8.3333333333333321        9.3333333333333321        7.6003026380308310E-003
   8.3333333333333321        9.6666666666666661        4.0002620026407358E-003
   8.3333333333333321        10.000000000000000        0.0000000000000000     
 
   8.6666666666666661        0.0000000000000000        0.0000000000000000     
   8.6666666666666661       0.33333333333333331        5.3458325504725538E-003
   8.6666666666666661       0.66666666666666663        1.2529360433186379E-002
   8.6666666666666661        1.0000000000000000        2.6750653771628954E-002
   8.6666666666666661        1.3333333333333333        3.9033843341127888E-002
   8.6666666666666661        1.6666666666666665        5.2486667477965855E-002
   8.6666666666666661        2.0000000000000000        5.8629578197360310E-002
   8.6666666666666661        2.3333333333333330        7.8059034813902500E-002
   8.6666666666666661        2.6666666666666665        9.3964159319791254E-002
   8.6666666666666661        3.0000000000000000       0.10316345402600650     
   8.6666666666666661        3.3333333333333330        0.0000000000000000     
   8.6666666666666661        3.6666666666666665        1.9643132518312449E-002
   8.6666666666666661        4.0000000000000000        2.6122676783932847E-002
   8.6666666666666661        4.3333333333333330        2.1129813838993049E-002
   8.6666666666666661        4.6666666666666661        1.9190793826175858E-002
   8.6666666666666661        5.0000000000000000        6.3316278938714637E-002
   8.6666666666666661        5.3333333333333330        6.4314346406819656E-002
   8.6666666666666661        5.6666666666666661        7.2791389483823896E-002
   8.6666666666666661        6.0000000000000000        6.8013030062420141E-002
   8.6666666666666661        6.3333333333333330        4.4859280088803993E-002
   8.6666666666666661        6.6666666666666661        1.8827750785584477E-002
   8.6666666666666661        7.0000000000000000        2.0679397426574077E-002
   8.6666666666666661        7.3333333333333330        2.0324327655483514E-002
   8.6666666666666661        7.6666666666666661        2.1085110739524193E-002
   8.6666666666666661        8.0000000000000000        1.2850882790205541E-002
   8.6666666666666661        8.3333333333333321        1.5050953769384397E-002
   8.6666666666666661        8.6666666666666661        1.1405703604948631E-002
   8.6666666666666661        9.0000000000000000        4.2861715762178947E-003
   8.6666666666666661        9.3333333333333321        2.6994968885364059E-003
   8.6666666666666661        9.6666666666666661        0.0000000000000000     
   8.6666666666666661        10.000000000000000        0.0000000000000000     
 
   9.0000000000000000        0.0000000000000000        0.0000000000000000     
   9.0000000000000000       0.33333333333333331        4.7252144274877823E-003
   9.0000000000000000       0.66666666666666663        1.0543950281374255E-002
   9.0000000000000000        1.0000000000000000        1.8706588223157794E-002
   9.0000000000000000        1.3333333333333333        2.8383431338958279E-002
   9.0000000000000000        1.6666666666666665        3.3540554068647935E-002
   9.0000000000000000        2.0000000000000000        5.1556153063172669E-002
   9.0000000000000000        2.3333333333333330        6.3962676825602763E-002
   9.0000000000000000        2.6666666666666665        1.6640155139835038E-003
   9.0000000000000000        3.0000000000000000        2.7349744900312944E-003
   9.0000000000000000        3.3333333333333330        9.5401556842820597E-003
   9.0000000000000000        3.6666666666666665        1.3955692019721458E-002
   9.0000000000000000        4.0000000000000000        1.9747509262261254E-002
   9.0000000000000000        4.3333333333333330        1.9990584090453775E-002
   9.0000000000000000        4.6666666666666661        1.5070000753494193E-003
   9.0000000000000000        5.0000000000000000        4.0217771002454911E-002
   9.0000000000000000        5.3333333333333330        4.0995597355628306E-002
   9.0000000000000000        5.6666666666666661        1.5236724570389817E-002
   9.0000000000000000        6.0000000000000000        1.7881130320244305E-002
   9.0000000000000000        6.3333333333333330        2.3254134024121069E-002
   9.0000000000000000        6.6666666666666661        1.7562800947302198E-002
   9.0000000000000000        7.0000000000000000        1.0598277361088957E-002
   9.0000000000000000        7.3333333333333330        1.3017887886989888E-002
   9.0000000000000000        7.6666666666666661        1.3224081803454151E-002
   9.0000000000000000        8.0000000000000000        1.1146437552198036E-002
   9.0000000000000000        8.3333333333333321        1.1594003203898562E-002
   9.0000000000000000        8.6666666666666661        9.0412376996655934E-003
   9.0000000000000000        9.0000000000000000        4.5046996143596613E-003
   9.0000000000000000        9.3333333333333321        2.8504307761144437E-003
   9.0000000000000000        9.6666666666666661        2.4278842160083521E-004
   9.0000000000000000        10.000000000000000        0.0000000000000000     
 
   9.3333333333333321        0.0000000000000000        0.0000000000000000     
   9.3333333333333321       0.33333333333333331        3.1936723286866073E-003
   9.3333333333333321       0.66666666666666663        6.6093434997302825E-003
   9.3333333333333321        1.0000000000000000        9.8174178507088091E-003
   9.3333333333333321        1.3333333333333333        1.0716367292232467E-002
   9.3333333333333321        1.6666666666666665        1.6562681909817276E-002
   9.3333333333333321        2.0000000000000000        2.2420107440317225E-003
   9.3333333333333321        2.3333333333333330        1.4500824381678003E-003
   9.3333333333333321        2.6666666666666665        1.7603622848535968E-003
   9.3333333333333321        3.0000000000000000        2.8854327619192996E-003
   9.3333333333333321        3.3333333333333330        5.5624214618388880E-003
   9.3333333333333321        3.6666666666666665        7.4949132189005181E-003
   9.3333333333333321        4.0000000000000000        0.0000000000000000     
   9.3333333333333321        4.3333333333333330        1.2135118951637522E-003
   9.3333333333333321        4.6666666666666661        1.5566747245620847E-003
   9.3333333333333321        5.0000000000000000        1.2234298302314237E-002
   9.3333333333333321        5.3333333333333330        1.9168234968348102E-002
   9.3333333333333321        5.6666666666666661        1.5652084756336219E-002
   9.3333333333333321        6.0000000000000000        1.2940664436027668E-002
   9.3333333333333321        6.3333333333333330        1.3219598896750099E-002
   9.3333333333333321        6.6666666666666661        1.1087181149230045E-002
   9.3333333333333321        7.0000000000000000        8.5578812324901086E-003
   9.3333333333333321        7.3333333333333330        8.3750041435284792E-003
   9.3333333333333321        7.6666666666666661        8.1078312241642577E-003
   9.3333333333333321        8.0000000000000000        7.3462459988698292E-003
   9.3333333333333321        8.3333333333333321        1.2238375350400021E-003
   9.3333333333333321        8.6666666666666661        1.4353388125769647E-003
   9.3333333333333321        9.0000000000000000        2.0553665611372863E-003
   9.3333333333333321        9.3333333333333321        1.4961745767286174E-003
   9.3333333333333321        9.6666666666666661        4.9931857705135321E-004
   9.3333333333333321        10.000000000000000        0.0000000000000000     
 
   9.6666666666666661        0.0000000000000000        0.0000000000000000     
   9.6666666666666661       0.33333333333333331        1.5674819411946031E-003
   9.6666666666666661       0.66666666666666663        3.1400975104531577E-003
   9.6666666666666661        1.0000000000000000        4.5090479477147873E-003
   9.6666666666666661        1.3333333333333333        5.2538905728693420E-003
   9.6666666666666661        1.6666666666666665        5.9853757048831304E-003
   9.6666666666666661        2.0000000000000000        2.3379626720144370E-003
   9.6666666666666661        2.3333333333333330        1.2170387950948584E-003
   9.6666666666666661        2.6666666666666665        1.1377918842001861E-003
   9.6666666666666661        3.0000000000000000        1.6334146291731586E-003
   9.6666666666666661        3.3333333333333330        2.5947711826558133E-003
   9.6666666666666661        3.6666666666666665        3.3106064238873530E-003
   9.6666666666666661        4.0000000000000000        4.4726172374266347E-004
   9.6666666666666661        4.3333333333333330        9.0785207800607535E-004
   9.6666666666666661        4.6666666666666661        1.9964993889593202E-003
   9.6666666666666661        5.0000000000000000        5.5725177948245559E-003
   9.6666666666666661        5.3333333333333330        8.1871897064509109E-003
   9.6666666666666661        5.6666666666666661        2.6331306309553726E-003
   9.6666666666666661        6.0000000000000000        5.3404278015626826E-003
   9.6666666666666661        6.3333333333333330        5.9319220738021892E-003
   9.6666666666666661        6.6666666666666661        5.3302669491280454E-003
   9.6666666666666661        7.0000000000000000        4.4634413427598269E-003
   9.6666666666666661        7.3333333333333330        4.1187558794908100E-003
   9.6666666666666661        7.6666666666666661        3.7884735967180822E-003
   9.6666666666666661        8.0000000000000000        3.0732998781757160E-003
   9.6666666666666661        8.3333333333333321        1.2826024427432582E-003
   9.6666666666666661        8.6666666666666661        8.9064445347650885E-004
   9.6666666666666661        9.0000000000000000        8.8963981699756282E-004
   9.6666666666666661        9.3333333333333321        6.5897887498138775E-004
   9.6666666666666661        9.6666666666666661        2.8563261285686559E-004
   9.6666666666666661        10.000000000000000        0.0000000000000000     
 
   10.000000000000000        0.0000000000000000        0.0000000000000000     
   10.000000000000000       0.33333333333333331        0.0000000000000000     
   10.000000000000000       0.66666666666666663        0.0000000000000000     
   10.000000000000000        1.0000000000000000        0.0000000000000000     
   10.000000000000000        1.3333333333333333        0.0000000000000000     
   10.000000000000000        1.6666666666666665        0.0000000000000000     
   10.000000000000000        2.0000000000000000        0.0000000000000000     
   10.000000000000000        2.3333333333333330        0.0000000000000000     
   10.000000000000000        2.6666666666666665        0.0000000000000000     
   10.000000000000000        3.0000000000000000        0.0000000000000000     
   10.000000000000000        3.3333333333333330        0.0000000000000000     
   10.000000000000000        3.6666666666666665        0.0000000000000000     
   10.000000000000000        4.0000000000000000        0.0000000000000000     
   10.000000000000000        4.3333333333333330        0.0000000000000000     
   10.000000000000000        4.6666666666666661        0.0000000000000000     
   10.000000000000000        5.0000000000000000        0.0000000000000000     
   10.000000000000000        5.3333333333333330        0.0000000000000000     
   10.000000000000000        5.6666666666666661        0.0000000000000000     
   10.000000000000000        6.0000000000000000        0.0000000000000000     
   10.000000000000000        6.3333333333333330        0.0000000000000000     
   10.000000000000000        6.6666666666666661        0.0000000000000000     
   10.000000000000000        7.0000000000000000        0.0000000000000000     
   10.000000000000000        7.3333333333333330        0.0000000000000000     
   10.000000000000000        7.6666666666666661        0.0000000000000000     
   10.000000000000000        8.0000000000000000        0.0000000000000000     
   10.000000000000000        8.3333333333333321        0.0000000000000000     
   10.000000000000000        8.6666666666666661        0.0000000000000000     
   10.000000000000000        9.0000000000000000        0.0000000000000000     
   10.000000000000000        9.3333333333333321        0.0000000000000000     
   10.000000000000000        9.6666666666666661        0.0000000000000000     
   10.000000000000000        10.000000000000000        0.0000000000000000     
 
