   0.0000000000000000        0.0000000000000000        0.0000000000000000     
   0.0000000000000000       0.33333333333333331        0.0000000000000000     
   0.0000000000000000       0.66666666666666663        0.0000000000000000     
   0.0000000000000000        1.0000000000000000        0.0000000000000000     
   0.0000000000000000        1.3333333333333333        0.0000000000000000     
   0.0000000000000000        1.6666666666666665        0.0000000000000000     
   0.0000000000000000        2.0000000000000000        0.0000000000000000     
   0.0000000000000000        2.3333333333333330        0.0000000000000000     
   0.0000000000000000        2.6666666666666665        0.0000000000000000     
   0.0000000000000000        3.0000000000000000        0.0000000000000000     
   0.0000000000000000        3.3333333333333330        0.0000000000000000     
   0.0000000000000000        3.6666666666666665        0.0000000000000000     
   0.0000000000000000        4.0000000000000000        0.0000000000000000     
   0.0000000000000000        4.3333333333333330        0.0000000000000000     
   0.0000000000000000        4.6666666666666661        0.0000000000000000     
   0.0000000000000000        5.0000000000000000        0.0000000000000000     
   0.0000000000000000        5.3333333333333330        0.0000000000000000     
   0.0000000000000000        5.6666666666666661        0.0000000000000000     
   0.0000000000000000        6.0000000000000000        0.0000000000000000     
   0.0000000000000000        6.3333333333333330        0.0000000000000000     
   0.0000000000000000        6.6666666666666661        0.0000000000000000     
   0.0000000000000000        7.0000000000000000        0.0000000000000000     
   0.0000000000000000        7.3333333333333330        0.0000000000000000     
   0.0000000000000000        7.6666666666666661        0.0000000000000000     
   0.0000000000000000        8.0000000000000000        0.0000000000000000     
   0.0000000000000000        8.3333333333333321        0.0000000000000000     
   0.0000000000000000        8.6666666666666661        0.0000000000000000     
   0.0000000000000000        9.0000000000000000        0.0000000000000000     
   0.0000000000000000        9.3333333333333321        0.0000000000000000     
   0.0000000000000000        9.6666666666666661        0.0000000000000000     
   0.0000000000000000        10.000000000000000        0.0000000000000000     
 
  0.33333333333333331        0.0000000000000000        0.0000000000000000     
  0.33333333333333331       0.33333333333333331        1.5414929720911752E-004
  0.33333333333333331       0.66666666666666663        2.6158095719939481E-004
  0.33333333333333331        1.0000000000000000        2.7769906586427363E-004
  0.33333333333333331        1.3333333333333333        5.9756531845740941E-004
  0.33333333333333331        1.6666666666666665        8.9100061480101151E-004
  0.33333333333333331        2.0000000000000000        1.3727785007921634E-003
  0.33333333333333331        2.3333333333333330        1.7132542349326458E-003
  0.33333333333333331        2.6666666666666665        1.5344364452857958E-003
  0.33333333333333331        3.0000000000000000        3.0132889768851880E-003
  0.33333333333333331        3.3333333333333330        3.3346601623073097E-003
  0.33333333333333331        3.6666666666666665        3.2548689379855137E-003
  0.33333333333333331        4.0000000000000000        3.3096684939450441E-003
  0.33333333333333331        4.3333333333333330        3.3291511986590183E-003
  0.33333333333333331        4.6666666666666661        2.1563632531723695E-003
  0.33333333333333331        5.0000000000000000        3.2883762886145064E-003
  0.33333333333333331        5.3333333333333330        7.9074120856908944E-003
  0.33333333333333331        5.6666666666666661        9.6916492379309719E-003
  0.33333333333333331        6.0000000000000000        1.0815513926608279E-002
  0.33333333333333331        6.3333333333333330        1.1298393139500889E-002
  0.33333333333333331        6.6666666666666661        7.8137694710878093E-003
  0.33333333333333331        7.0000000000000000        1.2478725059321990E-002
  0.33333333333333331        7.3333333333333330        5.8601675984087907E-003
  0.33333333333333331        7.6666666666666661        5.3699401305268889E-003
  0.33333333333333331        8.0000000000000000        4.1940398762823012E-003
  0.33333333333333331        8.3333333333333321        2.8992417414040778E-003
  0.33333333333333331        8.6666666666666661        2.2678422460015346E-003
  0.33333333333333331        9.0000000000000000        1.6717288333656845E-003
  0.33333333333333331        9.3333333333333321        9.2937745488258353E-004
  0.33333333333333331        9.6666666666666661        4.0567568058234247E-004
  0.33333333333333331        10.000000000000000        0.0000000000000000     
 
  0.66666666666666663        0.0000000000000000        0.0000000000000000     
  0.66666666666666663       0.33333333333333331        3.6837693743263018E-004
  0.66666666666666663       0.66666666666666663        6.3752630096738114E-004
  0.66666666666666663        1.0000000000000000        1.4767919807654997E-003
  0.66666666666666663        1.3333333333333333        1.2772557473235294E-003
  0.66666666666666663        1.6666666666666665        1.6747581533673851E-003
  0.66666666666666663        2.0000000000000000        3.0066177638420305E-003
  0.66666666666666663        2.3333333333333330        4.0889723933293575E-003
  0.66666666666666663        2.6666666666666665        8.5665865746392487E-003
  0.66666666666666663        3.0000000000000000        7.4115815448973499E-003
  0.66666666666666663        3.3333333333333330        7.3185279559798890E-003
  0.66666666666666663        3.6666666666666665        6.6212445311203683E-003
  0.66666666666666663        4.0000000000000000        6.9048220020434354E-003
  0.66666666666666663        4.3333333333333330        8.0953173200854212E-003
  0.66666666666666663        4.6666666666666661        0.0000000000000000     
  0.66666666666666663        5.0000000000000000        2.0460668792768956E-002
  0.66666666666666663        5.3333333333333330        1.9091590408716479E-002
  0.66666666666666663        5.6666666666666661        2.0540272431565986E-002
  0.66666666666666663        6.0000000000000000        2.2776312715136367E-002
  0.66666666666666663        6.3333333333333330        2.7047870164523542E-002
  0.66666666666666663        6.6666666666666661        4.5220713555693147E-002
  0.66666666666666663        7.0000000000000000        3.6742468035793528E-002
  0.66666666666666663        7.3333333333333330        1.1069112148181671E-002
  0.66666666666666663        7.6666666666666661        1.1712073757304651E-002
  0.66666666666666663        8.0000000000000000        8.7536667185684480E-003
  0.66666666666666663        8.3333333333333321        5.3238796918912493E-003
  0.66666666666666663        8.6666666666666661        4.6614924998546036E-003
  0.66666666666666663        9.0000000000000000        3.6147492768756955E-003
  0.66666666666666663        9.3333333333333321        1.7126305988767088E-003
  0.66666666666666663        9.6666666666666661        7.2586700522210394E-004
  0.66666666666666663        10.000000000000000        0.0000000000000000     
 
   1.0000000000000000        0.0000000000000000        0.0000000000000000     
   1.0000000000000000       0.33333333333333331        7.1241342706727462E-004
   1.0000000000000000       0.66666666666666663        1.3357808828942934E-003
   1.0000000000000000        1.0000000000000000        1.8081591267372047E-003
   1.0000000000000000        1.3333333333333333        1.4767919807654997E-003
   1.0000000000000000        1.6666666666666665        4.9837377772779922E-003
   1.0000000000000000        2.0000000000000000        5.1466802757328392E-003
   1.0000000000000000        2.3333333333333330        7.8784742855214345E-003
   1.0000000000000000        2.6666666666666665        1.0362559081851524E-002
   1.0000000000000000        3.0000000000000000        1.1287249127331625E-002
   1.0000000000000000        3.3333333333333330        1.2425299513187211E-002
   1.0000000000000000        3.6666666666666665        9.4930618589246507E-003
   1.0000000000000000        4.0000000000000000        1.0102654217589586E-002
   1.0000000000000000        4.3333333333333330        1.4631244926443781E-002
   1.0000000000000000        4.6666666666666661        2.1646894916679944E-002
   1.0000000000000000        5.0000000000000000        2.3074637198274489E-002
   1.0000000000000000        5.3333333333333330        2.8514907010801470E-002
   1.0000000000000000        5.6666666666666661        3.1619736757223522E-002
   1.0000000000000000        6.0000000000000000        3.3711318394720101E-002
   1.0000000000000000        6.3333333333333330        4.8132555526848614E-002
   1.0000000000000000        6.6666666666666661        5.5368442580261794E-002
   1.0000000000000000        7.0000000000000000        5.3892902608334667E-002
   1.0000000000000000        7.3333333333333330        4.1834590114925858E-002
   1.0000000000000000        7.6666666666666661        2.2273823074547228E-002
   1.0000000000000000        8.0000000000000000        1.4287464157750623E-002
   1.0000000000000000        8.3333333333333321        9.6492042054298812E-003
   1.0000000000000000        8.6666666666666661        7.7676031961899511E-003
   1.0000000000000000        9.0000000000000000        6.6785407720814406E-003
   1.0000000000000000        9.3333333333333321        7.7752866942754138E-004
   1.0000000000000000        9.6666666666666661        8.4270511911612085E-004
   1.0000000000000000        10.000000000000000        0.0000000000000000     
 
   1.3333333333333333        0.0000000000000000        0.0000000000000000     
   1.3333333333333333       0.33333333333333331        1.2015987162953814E-003
   1.3333333333333333       0.66666666666666663        2.2914257444778454E-003
   1.3333333333333333        1.0000000000000000        3.0924451291634994E-003
   1.3333333333333333        1.3333333333333333        5.9860793998301022E-003
   1.3333333333333333        1.6666666666666665        5.2581714097980712E-003
   1.3333333333333333        2.0000000000000000        1.3136642827939360E-002
   1.3333333333333333        2.3333333333333330        1.2513227835042572E-002
   1.3333333333333333        2.6666666666666665        1.4461620470440553E-002
   1.3333333333333333        3.0000000000000000        1.5719367751568045E-002
   1.3333333333333333        3.3333333333333330        2.2401775216650443E-002
   1.3333333333333333        3.6666666666666665        4.1775294114770066E-002
   1.3333333333333333        4.0000000000000000        3.0578573105733173E-002
   1.3333333333333333        4.3333333333333330        2.6675484730693401E-002
   1.3333333333333333        4.6666666666666661        4.5878199784144522E-002
   1.3333333333333333        5.0000000000000000        4.4374083537473498E-002
   1.3333333333333333        5.3333333333333330        4.1758724355967329E-002
   1.3333333333333333        5.6666666666666661        4.5175336726373867E-002
   1.3333333333333333        6.0000000000000000        8.6953956745004390E-002
   1.3333333333333333        6.3333333333333330        7.8026658325758516E-002
   1.3333333333333333        6.6666666666666661        7.6066563432365564E-002
   1.3333333333333333        7.0000000000000000        7.1381425997334089E-002
   1.3333333333333333        7.3333333333333330        6.2971010177512346E-002
   1.3333333333333333        7.6666666666666661        1.1798364100276819E-002
   1.3333333333333333        8.0000000000000000        1.2620126808733707E-002
   1.3333333333333333        8.3333333333333321        1.2189255367242406E-002
   1.3333333333333333        8.6666666666666661        1.0619433446427956E-002
   1.3333333333333333        9.0000000000000000        9.1267603058464986E-003
   1.3333333333333333        9.3333333333333321        4.1963093979931745E-003
   1.3333333333333333        9.6666666666666661        1.9327348611592105E-003
   1.3333333333333333        10.000000000000000        0.0000000000000000     
 
   1.6666666666666665        0.0000000000000000        0.0000000000000000     
   1.6666666666666665       0.33333333333333331        1.8902482544631823E-003
   1.6666666666666665       0.66666666666666663        3.7037225452879663E-003
   1.6666666666666665        1.0000000000000000        5.4059406093310697E-003
   1.6666666666666665        1.3333333333333333        7.1906624356123001E-003
   1.6666666666666665        1.6666666666666665        1.5611475157816041E-002
   1.6666666666666665        2.0000000000000000        1.4705754689735340E-002
   1.6666666666666665        2.3333333333333330        1.5464493586702169E-002
   1.6666666666666665        2.6666666666666665        2.0216727171643720E-002
   1.6666666666666665        3.0000000000000000        4.2684683407067603E-002
   1.6666666666666665        3.3333333333333330        4.0291657302285323E-002
   1.6666666666666665        3.6666666666666665        4.3929308864723418E-002
   1.6666666666666665        4.0000000000000000        3.6316133929134790E-002
   1.6666666666666665        4.3333333333333330        3.6443356527877870E-002
   1.6666666666666665        4.6666666666666661        4.8370914682081517E-002
   1.6666666666666665        5.0000000000000000        4.9202492259392445E-002
   1.6666666666666665        5.3333333333333330        5.0934396828199946E-002
   1.6666666666666665        5.6666666666666661        6.4028326005252378E-002
   1.6666666666666665        6.0000000000000000        9.8087116406497699E-002
   1.6666666666666665        6.3333333333333330       0.10301932740957961     
   1.6666666666666665        6.6666666666666661       0.10157824797728537     
   1.6666666666666665        7.0000000000000000        9.4673554681434624E-002
   1.6666666666666665        7.3333333333333330        7.7714670799518326E-002
   1.6666666666666665        7.6666666666666661        1.0637926692265019E-002
   1.6666666666666665        8.0000000000000000        1.3015530729029372E-002
   1.6666666666666665        8.3333333333333321        1.6636783080187623E-002
   1.6666666666666665        8.6666666666666661        1.4079225207456168E-002
   1.6666666666666665        9.0000000000000000        1.0692978062504932E-002
   1.6666666666666665        9.3333333333333321        6.7514369105093220E-003
   1.6666666666666665        9.6666666666666661        2.8300808413555499E-003
   1.6666666666666665        10.000000000000000        0.0000000000000000     
 
   2.0000000000000000        0.0000000000000000        0.0000000000000000     
   2.0000000000000000       0.33333333333333331        2.7822648300404227E-003
   2.0000000000000000       0.66666666666666663        5.4760672074604926E-003
   2.0000000000000000        1.0000000000000000        8.0043833048627274E-003
   2.0000000000000000        1.3333333333333333        1.0683828643128050E-002
   2.0000000000000000        1.6666666666666665        1.7522072116173137E-002
   2.0000000000000000        2.0000000000000000        1.5611475157816041E-002
   2.0000000000000000        2.3333333333333330        3.0251145555713857E-002
   2.0000000000000000        2.6666666666666665        3.1954073498203561E-002
   2.0000000000000000        3.0000000000000000        4.7058751984017919E-002
   2.0000000000000000        3.3333333333333330        5.4024408779014668E-002
   2.0000000000000000        3.6666666666666665        5.9421733229243393E-002
   2.0000000000000000        4.0000000000000000        9.6364495654879104E-002
   2.0000000000000000        4.3333333333333330        9.1894037552103791E-002
   2.0000000000000000        4.6666666666666661        6.4370375121239845E-002
   2.0000000000000000        5.0000000000000000        5.5501104142526896E-002
   2.0000000000000000        5.3333333333333330        0.0000000000000000     
   2.0000000000000000        5.6666666666666661       0.18855776042233069     
   2.0000000000000000        6.0000000000000000       0.14046317523643478     
   2.0000000000000000        6.3333333333333330       0.13651902468339322     
   2.0000000000000000        6.6666666666666661       0.13471274150128448     
   2.0000000000000000        7.0000000000000000       0.13020942498314925     
   2.0000000000000000        7.3333333333333330        8.3061726041165768E-003
   2.0000000000000000        7.6666666666666661        9.0777715320309316E-003
   2.0000000000000000        8.0000000000000000        4.3994225123294331E-002
   2.0000000000000000        8.3333333333333321        2.8167276547530946E-002
   2.0000000000000000        8.6666666666666661        1.9177037622700253E-002
   2.0000000000000000        9.0000000000000000        1.3477175773091018E-002
   2.0000000000000000        9.3333333333333321        9.7267395072049446E-003
   2.0000000000000000        9.6666666666666661        1.9402499366587469E-003
   2.0000000000000000        10.000000000000000        0.0000000000000000     
 
   2.3333333333333330        0.0000000000000000        0.0000000000000000     
   2.3333333333333330       0.33333333333333331        3.9312654857450958E-003
   2.3333333333333330       0.66666666666666663        7.7447455193856559E-003
   2.3333333333333330        1.0000000000000000        1.0937855608181404E-002
   2.3333333333333330        1.3333333333333333        2.8564062790938968E-002
   2.3333333333333330        1.6666666666666665        2.9179172133644012E-002
   2.3333333333333330        2.0000000000000000        5.7251827341423867E-002
   2.3333333333333330        2.3333333333333330        6.9179875355017656E-002
   2.3333333333333330        2.6666666666666665        6.8455787637432819E-002
   2.3333333333333330        3.0000000000000000        6.1587225169972774E-002
   2.3333333333333330        3.3333333333333330        7.1452567587590998E-002
   2.3333333333333330        3.6666666666666665        8.2557667072017601E-002
   2.3333333333333330        4.0000000000000000        9.9445547685942368E-002
   2.3333333333333330        4.3333333333333330       0.12226325333515957     
   2.3333333333333330        4.6666666666666661       0.21447537718794796     
   2.3333333333333330        5.0000000000000000       0.25070598093334018     
   2.3333333333333330        5.3333333333333330       0.25593005142441833     
   2.3333333333333330        5.6666666666666661       0.23762432268227046     
   2.3333333333333330        6.0000000000000000       0.20196188941579596     
   2.3333333333333330        6.3333333333333330       0.16981304841320613     
   2.3333333333333330        6.6666666666666661       0.17250372264207889     
   2.3333333333333330        7.0000000000000000       0.16329135439090847     
   2.3333333333333330        7.3333333333333330       0.17873954269429249     
   2.3333333333333330        7.6666666666666661       0.10731719114672106     
   2.3333333333333330        8.0000000000000000        6.1250527127311570E-002
   2.3333333333333330        8.3333333333333321        3.4022805401317947E-002
   2.3333333333333330        8.6666666666666661        2.1946331442559027E-002
   2.3333333333333330        9.0000000000000000        1.5086352432651204E-002
   2.3333333333333330        9.3333333333333321        9.5557017680899994E-003
   2.3333333333333330        9.6666666666666661        4.0086673208971539E-003
   2.3333333333333330        10.000000000000000        0.0000000000000000     
 
   2.6666666666666665        0.0000000000000000        0.0000000000000000     
   2.6666666666666665       0.33333333333333331        5.4112828721382192E-003
   2.6666666666666665       0.66666666666666663        1.1047220294256475E-002
   2.6666666666666665        1.0000000000000000        1.7636499355114223E-002
   2.6666666666666665        1.3333333333333333        2.9238879024486200E-002
   2.6666666666666665        1.6666666666666665        4.2746561972543902E-002
   2.6666666666666665        2.0000000000000000        5.9257812012454260E-002
   2.6666666666666665        2.3333333333333330        7.1366312955336297E-002
   2.6666666666666665        2.6666666666666665        7.7532786259441960E-002
   2.6666666666666665        3.0000000000000000        9.8175798790185717E-002
   2.6666666666666665        3.3333333333333330        8.9913856630543368E-002
   2.6666666666666665        3.6666666666666665       0.10232167500990734     
   2.6666666666666665        4.0000000000000000       0.17535473109958027     
   2.6666666666666665        4.3333333333333330       0.17827617324212539     
   2.6666666666666665        4.6666666666666661       0.21659441184690045     
   2.6666666666666665        5.0000000000000000       0.25136146526550668     
   2.6666666666666665        5.3333333333333330       0.27372400165094812     
   2.6666666666666665        5.6666666666666661       0.26822628979704849     
   2.6666666666666665        6.0000000000000000       0.23508078236605931     
   2.6666666666666665        6.3333333333333330       0.25796743764932012     
   2.6666666666666665        6.6666666666666661       0.22357628698437312     
   2.6666666666666665        7.0000000000000000       0.18884053211207821     
   2.6666666666666665        7.3333333333333330       0.18090447936289519     
   2.6666666666666665        7.6666666666666661       0.15525632410483564     
   2.6666666666666665        8.0000000000000000        2.4707069895681735E-002
   2.6666666666666665        8.3333333333333321        2.6012797630909960E-002
   2.6666666666666665        8.6666666666666661        2.0561733319503450E-002
   2.6666666666666665        9.0000000000000000        1.6211206115850526E-002
   2.6666666666666665        9.3333333333333321        9.9831583149116443E-003
   2.6666666666666665        9.6666666666666661        4.7921368822517220E-003
   2.6666666666666665        10.000000000000000        0.0000000000000000     
 
   3.0000000000000000        0.0000000000000000        0.0000000000000000     
   3.0000000000000000       0.33333333333333331        6.9310953161421090E-003
   3.0000000000000000       0.66666666666666663        1.3921067249629767E-002
   3.0000000000000000        1.0000000000000000        2.0120492786866475E-002
   3.0000000000000000        1.3333333333333333        5.0180963853594808E-002
   3.0000000000000000        1.6666666666666665        5.4855454708354970E-002
   3.0000000000000000        2.0000000000000000        6.7548743430706853E-002
   3.0000000000000000        2.3333333333333330        8.1533515218200944E-002
   3.0000000000000000        2.6666666666666665        9.4851549171123511E-002
   3.0000000000000000        3.0000000000000000       0.10851150871155836     
   3.0000000000000000        3.3333333333333330       0.14582188022666009     
   3.0000000000000000        3.6666666666666665       0.13660176852479550     
   3.0000000000000000        4.0000000000000000       0.19873056874222877     
   3.0000000000000000        4.3333333333333330       0.20139622529087006     
   3.0000000000000000        4.6666666666666661       0.22393389700263566     
   3.0000000000000000        5.0000000000000000       0.26466783650795128     
   3.0000000000000000        5.3333333333333330       0.31819371208417119     
   3.0000000000000000        5.6666666666666661       0.32522050265841057     
   3.0000000000000000        6.0000000000000000       0.33825567826854275     
   3.0000000000000000        6.3333333333333330       0.29123800687229046     
   3.0000000000000000        6.6666666666666661       0.27497415992042190     
   3.0000000000000000        7.0000000000000000       0.22769721639932028     
   3.0000000000000000        7.3333333333333330       0.20249363249084254     
   3.0000000000000000        7.6666666666666661       0.17943261892527060     
   3.0000000000000000        8.0000000000000000       0.14296249100834771     
   3.0000000000000000        8.3333333333333321        1.8006732521173845E-002
   3.0000000000000000        8.6666666666666661        1.9187164726185642E-002
   3.0000000000000000        9.0000000000000000        2.0145697137254046E-002
   3.0000000000000000        9.3333333333333321        1.0157923975037682E-002
   3.0000000000000000        9.6666666666666661        5.4735078587715589E-003
   3.0000000000000000        10.000000000000000        0.0000000000000000     
 
   3.3333333333333330        0.0000000000000000        0.0000000000000000     
   3.3333333333333330       0.33333333333333331        8.7013229143502787E-003
   3.3333333333333330       0.66666666666666663        1.8186328861157949E-002
   3.3333333333333330        1.0000000000000000        2.9635707991871780E-002
   3.3333333333333330        1.3333333333333333        4.7136204936747444E-002
   3.3333333333333330        1.6666666666666665        6.0631070727322392E-002
   3.3333333333333330        2.0000000000000000        7.6364060426481917E-002
   3.3333333333333330        2.3333333333333330        9.4233445403964472E-002
   3.3333333333333330        2.6666666666666665       0.11365579806446235     
   3.3333333333333330        3.0000000000000000       0.13426539900172657     
   3.3333333333333330        3.3333333333333330       0.15637268667934695     
   3.3333333333333330        3.6666666666666665       0.16318220113380924     
   3.3333333333333330        4.0000000000000000       0.20670102553279682     
   3.3333333333333330        4.3333333333333330       0.20685492815646225     
   3.3333333333333330        4.6666666666666661       0.21447652576738743     
   3.3333333333333330        5.0000000000000000       0.44940828944791023     
   3.3333333333333330        5.3333333333333330       0.40567096916716461     
   3.3333333333333330        5.6666666666666661       0.38527134739614305     
   3.3333333333333330        6.0000000000000000       0.38054176458442635     
   3.3333333333333330        6.3333333333333330       0.34825431973681586     
   3.3333333333333330        6.6666666666666661       0.30819639900413209     
   3.3333333333333330        7.0000000000000000       0.25325625273145574     
   3.3333333333333330        7.3333333333333330       0.22307773970487627     
   3.3333333333333330        7.6666666666666661       0.18224633670948526     
   3.3333333333333330        8.0000000000000000       0.14590344049750084     
   3.3333333333333330        8.3333333333333321        7.6859297683696995E-002
   3.3333333333333330        8.6666666666666661        3.6945467945225498E-002
   3.3333333333333330        9.0000000000000000        2.6170634091675010E-002
   3.3333333333333330        9.3333333333333321        1.5407487529639840E-002
   3.3333333333333330        9.6666666666666661        7.2594820472472463E-003
   3.3333333333333330        10.000000000000000        0.0000000000000000     
 
   3.6666666666666665        0.0000000000000000        0.0000000000000000     
   3.6666666666666665       0.33333333333333331        1.0044910564578837E-002
   3.6666666666666665       0.66666666666666663        2.1195202674416262E-002
   3.6666666666666665        1.0000000000000000        3.4153045189398532E-002
   3.6666666666666665        1.3333333333333333        4.9562905411666872E-002
   3.6666666666666665        1.6666666666666665        6.5806086791570864E-002
   3.6666666666666665        2.0000000000000000        8.4737700873617081E-002
   3.6666666666666665        2.3333333333333330       0.10700792879490816     
   3.6666666666666665        2.6666666666666665       0.13271465168214708     
   3.6666666666666665        3.0000000000000000       0.15971241797509986     
   3.6666666666666665        3.3333333333333330       0.18314729591194256     
   3.6666666666666665        3.6666666666666665       0.19748549455921885     
   3.6666666666666665        4.0000000000000000       0.20803452239320958     
   3.6666666666666665        4.3333333333333330       0.20670102553279682     
   3.6666666666666665        4.6666666666666661       0.52342742813089471     
   3.6666666666666665        5.0000000000000000       0.48234355940533502     
   3.6666666666666665        5.3333333333333330       0.46140236867723933     
   3.6666666666666665        5.6666666666666661       0.42240447388899383     
   3.6666666666666665        6.0000000000000000       0.41109053067768997     
   3.6666666666666665        6.3333333333333330       0.38289687998076682     
   3.6666666666666665        6.6666666666666661       0.35286414494092294     
   3.6666666666666665        7.0000000000000000       0.28551514324610955     
   3.6666666666666665        7.3333333333333330       0.25470396940978413     
   3.6666666666666665        7.6666666666666661       0.11207081220476632     
   3.6666666666666665        8.0000000000000000       0.11505176527763690     
   3.6666666666666665        8.3333333333333321        7.9587113679593632E-002
   3.6666666666666665        8.6666666666666661        4.9358491486252244E-002
   3.6666666666666665        9.0000000000000000        3.3452736767161768E-002
   3.6666666666666665        9.3333333333333321        1.8833266792665209E-002
   3.6666666666666665        9.6666666666666661        8.5451033407565550E-003
   3.6666666666666665        10.000000000000000        0.0000000000000000     
 
   4.0000000000000000        0.0000000000000000        0.0000000000000000     
   4.0000000000000000       0.33333333333333331        1.0674512611982942E-002
   4.0000000000000000       0.66666666666666663        2.3176779377164759E-002
   4.0000000000000000        1.0000000000000000        3.7360640376601494E-002
   4.0000000000000000        1.3333333333333333        5.2598047695532876E-002
   4.0000000000000000        1.6666666666666665        6.9873180127669909E-002
   4.0000000000000000        2.0000000000000000        9.1325747925650250E-002
   4.0000000000000000        2.3333333333333330       0.11769048827280620     
   4.0000000000000000        2.6666666666666665       0.15142785663040512     
   4.0000000000000000        3.0000000000000000       0.18917175523658031     
   4.0000000000000000        3.3333333333333330       0.21908527783388698     
   4.0000000000000000        3.6666666666666665       0.23566013016600232     
   4.0000000000000000        4.0000000000000000       0.22200771030677821     
   4.0000000000000000        4.3333333333333330       0.55840838957958283     
   4.0000000000000000        4.6666666666666661       0.54933835187265967     
   4.0000000000000000        5.0000000000000000       0.55132060135001670     
   4.0000000000000000        5.3333333333333330       0.52334853503892842     
   4.0000000000000000        5.6666666666666661       0.48789457729109675     
   4.0000000000000000        6.0000000000000000       0.44960425797848680     
   4.0000000000000000        6.3333333333333330       0.41200048064871231     
   4.0000000000000000        6.6666666666666661       0.36175005441337543     
   4.0000000000000000        7.0000000000000000       0.31400400895294261     
   4.0000000000000000        7.3333333333333330       0.20908833038946187     
   4.0000000000000000        7.6666666666666661       0.13966212421502916     
   4.0000000000000000        8.0000000000000000       0.12531274150476612     
   4.0000000000000000        8.3333333333333321        8.8052561138627666E-002
   4.0000000000000000        8.6666666666666661        4.9753145371358824E-002
   4.0000000000000000        9.0000000000000000        4.0897186002520854E-002
   4.0000000000000000        9.3333333333333321        1.5300141612589611E-002
   4.0000000000000000        9.6666666666666661        8.5161262415194474E-003
   4.0000000000000000        10.000000000000000        0.0000000000000000     
 
   4.3333333333333330        0.0000000000000000        0.0000000000000000     
   4.3333333333333330       0.33333333333333331        9.8814855206752952E-003
   4.3333333333333330       0.66666666666666663        2.4307812806782712E-002
   4.3333333333333330        1.0000000000000000        4.0732437034312202E-002
   4.3333333333333330        1.3333333333333333        5.5068136742172306E-002
   4.3333333333333330        1.6666666666666665        7.1321641825413479E-002
   4.3333333333333330        2.0000000000000000        9.4441951755711240E-002
   4.3333333333333330        2.3333333333333330       0.12208567739899555     
   4.3333333333333330        2.6666666666666665       0.16650671182560134     
   4.3333333333333330        3.0000000000000000       0.22588227353348719     
   4.3333333333333330        3.3333333333333330       0.26699376388250212     
   4.3333333333333330        3.6666666666666665       0.30245055037087909     
   4.3333333333333330        4.0000000000000000       0.53259842992840090     
   4.3333333333333330        4.3333333333333330       0.54982169947952819     
   4.3333333333333330        4.6666666666666661       0.57111841346314274     
   4.3333333333333330        5.0000000000000000       0.56118050941203146     
   4.3333333333333330        5.3333333333333330       0.54116215866844919     
   4.3333333333333330        5.6666666666666661       0.51218984437855186     
   4.3333333333333330        6.0000000000000000       0.47591994198628079     
   4.3333333333333330        6.3333333333333330       0.44450328347385937     
   4.3333333333333330        6.6666666666666661       0.34555879009000912     
   4.3333333333333330        7.0000000000000000       0.29071560679794428     
   4.3333333333333330        7.3333333333333330       0.20913660207622151     
   4.3333333333333330        7.6666666666666661       0.15601927350432807     
   4.3333333333333330        8.0000000000000000       0.12355008815725183     
   4.3333333333333330        8.3333333333333321        9.0400184019259991E-002
   4.3333333333333330        8.6666666666666661        6.0416169980738482E-002
   4.3333333333333330        9.0000000000000000        4.1107627156037489E-002
   4.3333333333333330        9.3333333333333321        2.2766108376226810E-002
   4.3333333333333330        9.6666666666666661        1.0617888660504216E-002
   4.3333333333333330        10.000000000000000        0.0000000000000000     
 
   4.6666666666666661        0.0000000000000000        0.0000000000000000     
   4.6666666666666661       0.33333333333333331        4.9166026108375047E-003
   4.6666666666666661       0.66666666666666663        4.5797417873176607E-002
   4.6666666666666661        1.0000000000000000        4.7533615340755897E-002
   4.6666666666666661        1.3333333333333333        5.7179758142788875E-002
   4.6666666666666661        1.6666666666666665        6.7507507740353953E-002
   4.6666666666666661        2.0000000000000000       0.10287513020789052     
   4.6666666666666661        2.3333333333333330       0.11071953204390743     
   4.6666666666666661        2.6666666666666665       0.28241368374350978     
   4.6666666666666661        3.0000000000000000       0.27894744811981292     
   4.6666666666666661        3.3333333333333330       0.31709851407857653     
   4.6666666666666661        3.6666666666666665       0.39975004999506014     
   4.6666666666666661        4.0000000000000000       0.49873101544996828     
   4.6666666666666661        4.3333333333333330       0.54095160553369603     
   4.6666666666666661        4.6666666666666661       0.56162683360014332     
   4.6666666666666661        5.0000000000000000       0.56232463320938908     
   4.6666666666666661        5.3333333333333330       0.55044969592804494     
   4.6666666666666661        5.6666666666666661       0.52815003403118876     
   4.6666666666666661        6.0000000000000000       0.48408172976065927     
   4.6666666666666661        6.3333333333333330       0.43424210692068521     
   4.6666666666666661        6.6666666666666661       0.39425380078247507     
   4.6666666666666661        7.0000000000000000       0.17927915785337711     
   4.6666666666666661        7.3333333333333330       0.18050251094633046     
   4.6666666666666661        7.6666666666666661       0.15311934512883876     
   4.6666666666666661        8.0000000000000000       0.12447379316804412     
   4.6666666666666661        8.3333333333333321        9.1700072840506922E-002
   4.6666666666666661        8.6666666666666661        6.2263796288788135E-002
   4.6666666666666661        9.0000000000000000        4.1852210953092245E-002
   4.6666666666666661        9.3333333333333321        2.4963455776638454E-002
   4.6666666666666661        9.6666666666666661        1.1651145365887803E-002
   4.6666666666666661        10.000000000000000        0.0000000000000000     
 
   5.0000000000000000        0.0000000000000000        0.0000000000000000     
   5.0000000000000000       0.33333333333333331        5.0643222269529812E-003
   5.0000000000000000       0.66666666666666663        3.9196233946354894E-002
   5.0000000000000000        1.0000000000000000        4.8047717194763112E-002
   5.0000000000000000        1.3333333333333333        6.0308348103139564E-002
   5.0000000000000000        1.6666666666666665        7.5768921780936485E-002
   5.0000000000000000        2.0000000000000000        9.6771506859800197E-002
   5.0000000000000000        2.3333333333333330       0.10872080039779938     
   5.0000000000000000        2.6666666666666665       0.28997123596465718     
   5.0000000000000000        3.0000000000000000       0.28682777740296173     
   5.0000000000000000        3.3333333333333330       0.48459621090264893     
   5.0000000000000000        3.6666666666666665       0.47105579134924397     
   5.0000000000000000        4.0000000000000000       0.50681724406754203     
   5.0000000000000000        4.3333333333333330       0.53643746795135683     
   5.0000000000000000        4.6666666666666661       0.55344663310588360     
   5.0000000000000000        5.0000000000000000       0.55721974500982174     
   5.0000000000000000        5.3333333333333330       0.55203823232251514     
   5.0000000000000000        5.6666666666666661       0.54914513627211481     
   5.0000000000000000        6.0000000000000000       0.40592652838851601     
   5.0000000000000000        6.3333333333333330       0.40321523532215220     
   5.0000000000000000        6.6666666666666661       0.30348124272722671     
   5.0000000000000000        7.0000000000000000       0.20627684637402302     
   5.0000000000000000        7.3333333333333330       0.18136752964954020     
   5.0000000000000000        7.6666666666666661       0.15297392162440304     
   5.0000000000000000        8.0000000000000000       0.13144177815304134     
   5.0000000000000000        8.3333333333333321        6.7044870153873115E-002
   5.0000000000000000        8.6666666666666661        5.6944501495269605E-002
   5.0000000000000000        9.0000000000000000        4.0563077910643869E-002
   5.0000000000000000        9.3333333333333321        2.4577468505158351E-002
   5.0000000000000000        9.6666666666666661        1.1519002202397200E-002
   5.0000000000000000        10.000000000000000        0.0000000000000000     
 
   5.3333333333333330        0.0000000000000000        0.0000000000000000     
   5.3333333333333330       0.33333333333333331        1.0479365693318940E-002
   5.3333333333333330       0.66666666666666663        3.1763922629293215E-002
   5.3333333333333330        1.0000000000000000        4.6754693647197983E-002
   5.3333333333333330        1.3333333333333333        6.1969439789730178E-002
   5.3333333333333330        1.6666666666666665        8.0280090401570400E-002
   5.3333333333333330        2.0000000000000000       0.10147521949151386     
   5.3333333333333330        2.3333333333333330       0.12028452948678270     
   5.3333333333333330        2.6666666666666665       0.25834774289495538     
   5.3333333333333330        3.0000000000000000       0.28821163535772376     
   5.3333333333333330        3.3333333333333330       0.46016229952744586     
   5.3333333333333330        3.6666666666666665       0.48019407543952275     
   5.3333333333333330        4.0000000000000000       0.50615859872293378     
   5.3333333333333330        4.3333333333333330       0.52782673213689002     
   5.3333333333333330        4.6666666666666661       0.54056399706872593     
   5.3333333333333330        5.0000000000000000       0.54270367946942044     
   5.3333333333333330        5.3333333333333330       0.53315900952950135     
   5.3333333333333330        5.6666666666666661       0.42322103516228565     
   5.3333333333333330        6.0000000000000000       0.39945966156035057     
   5.3333333333333330        6.3333333333333330       0.36035245555745482     
   5.3333333333333330        6.6666666666666661       0.29964389244470024     
   5.3333333333333330        7.0000000000000000       0.23116810257330078     
   5.3333333333333330        7.3333333333333330       0.18649859376312786     
   5.3333333333333330        7.6666666666666661       0.14744558604775251     
   5.3333333333333330        8.0000000000000000       0.11873652109117298     
   5.3333333333333330        8.3333333333333321        7.9224977717905862E-002
   5.3333333333333330        8.6666666666666661        5.9791043696155920E-002
   5.3333333333333330        9.0000000000000000        4.0372113294445275E-002
   5.3333333333333330        9.3333333333333321        2.2260760315413457E-002
   5.3333333333333330        9.6666666666666661        1.0344497806741446E-002
   5.3333333333333330        10.000000000000000        0.0000000000000000     
 
   5.6666666666666661        0.0000000000000000        0.0000000000000000     
   5.6666666666666661       0.33333333333333331        5.4895496365652960E-003
   5.6666666666666661       0.66666666666666663        1.3151752583774264E-002
   5.6666666666666661        1.0000000000000000        4.2683378298943142E-002
   5.6666666666666661        1.3333333333333333        6.2231883213430178E-002
   5.6666666666666661        1.6666666666666665        8.3673291800398106E-002
   5.6666666666666661        2.0000000000000000       0.11023856343900054     
   5.6666666666666661        2.3333333333333330       0.15201419530082744     
   5.6666666666666661        2.6666666666666665       0.22609513811086987     
   5.6666666666666661        3.0000000000000000       0.31596128965908982     
   5.6666666666666661        3.3333333333333330       0.42869452515702461     
   5.6666666666666661        3.6666666666666665       0.47065996639968011     
   5.6666666666666661        4.0000000000000000       0.49545538293692964     
   5.6666666666666661        4.3333333333333330       0.51235270911633657     
   5.6666666666666661        4.6666666666666661       0.52145647876836365     
   5.6666666666666661        5.0000000000000000       0.52262375420204032     
   5.6666666666666661        5.3333333333333330       0.48789159487334255     
   5.6666666666666661        5.6666666666666661       0.43677553387309387     
   5.6666666666666661        6.0000000000000000       0.33511612557665543     
   5.6666666666666661        6.3333333333333330       0.33217316314646805     
   5.6666666666666661        6.6666666666666661       0.23752774181565339     
   5.6666666666666661        7.0000000000000000       0.18142013980046801     
   5.6666666666666661        7.3333333333333330       0.13652888688380552     
   5.6666666666666661        7.6666666666666661       0.13306436926983323     
   5.6666666666666661        8.0000000000000000        7.9543650392345580E-002
   5.6666666666666661        8.3333333333333321        7.3430909422034618E-002
   5.6666666666666661        8.6666666666666661        6.4582279196956749E-002
   5.6666666666666661        9.0000000000000000        1.3926324957923538E-002
   5.6666666666666661        9.3333333333333321        1.4685423462965428E-002
   5.6666666666666661        9.6666666666666661        8.0640635551131774E-003
   5.6666666666666661        10.000000000000000        0.0000000000000000     
 
   6.0000000000000000        0.0000000000000000        0.0000000000000000     
   6.0000000000000000       0.33333333333333331        6.2228769567382889E-003
   6.0000000000000000       0.66666666666666663        1.3789636841300008E-002
   6.0000000000000000        1.0000000000000000        2.4457818244077025E-002
   6.0000000000000000        1.3333333333333333        0.0000000000000000     
   6.0000000000000000        1.6666666666666665       0.10287793449247794     
   6.0000000000000000        2.0000000000000000       0.10541130390722209     
   6.0000000000000000        2.3333333333333330       0.15339466130355067     
   6.0000000000000000        2.6666666666666665       0.17660675287778269     
   6.0000000000000000        3.0000000000000000       0.46902790791440696     
   6.0000000000000000        3.3333333333333330       0.45827086952989060     
   6.0000000000000000        3.6666666666666665       0.46653463979565879     
   6.0000000000000000        4.0000000000000000       0.47943494689622890     
   6.0000000000000000        4.3333333333333330       0.49027073825590023     
   6.0000000000000000        4.6666666666666661       0.49502884352757787     
   6.0000000000000000        5.0000000000000000       0.44773768523636764     
   6.0000000000000000        5.3333333333333330       0.44503354739801010     
   6.0000000000000000        5.6666666666666661       0.38813991681098958     
   6.0000000000000000        6.0000000000000000       0.33240148755200388     
   6.0000000000000000        6.3333333333333330       0.29549294361950112     
   6.0000000000000000        6.6666666666666661       0.23611230686669007     
   6.0000000000000000        7.0000000000000000       0.18196454929837008     
   6.0000000000000000        7.3333333333333330       0.14176025572536952     
   6.0000000000000000        7.6666666666666661       0.11704040339326029     
   6.0000000000000000        8.0000000000000000        8.8017319919990331E-002
   6.0000000000000000        8.3333333333333321        7.2652767958793468E-002
   6.0000000000000000        8.6666666666666661        6.2724440905109979E-002
   6.0000000000000000        9.0000000000000000        2.2026302049799100E-002
   6.0000000000000000        9.3333333333333321        1.5217992397971745E-002
   6.0000000000000000        9.6666666666666661        7.6295782327333340E-003
   6.0000000000000000        10.000000000000000        0.0000000000000000     
 
   6.3333333333333330        0.0000000000000000        0.0000000000000000     
   6.3333333333333330       0.33333333333333331        5.8994542382977419E-003
   6.3333333333333330       0.66666666666666663        1.1934769216922271E-002
   6.3333333333333330        1.0000000000000000        1.7816486624867813E-002
   6.3333333333333330        1.3333333333333333        5.3057695615686802E-002
   6.3333333333333330        1.6666666666666665        8.9913750081858396E-002
   6.3333333333333330        2.0000000000000000       0.10541203583407115     
   6.3333333333333330        2.3333333333333330       0.13176028243298307     
   6.3333333333333330        2.6666666666666665       0.15105362242885370     
   6.3333333333333330        3.0000000000000000       0.16916059182137883     
   6.3333333333333330        3.3333333333333330       0.45629365535605509     
   6.3333333333333330        3.6666666666666665       0.44683074793195199     
   6.3333333333333330        4.0000000000000000       0.45370052879190453     
   6.3333333333333330        4.3333333333333330       0.46165570393305422     
   6.3333333333333330        4.6666666666666661       0.46023662958428246     
   6.3333333333333330        5.0000000000000000       0.43946898386380040     
   6.3333333333333330        5.3333333333333330       0.32721227073898385     
   6.3333333333333330        5.6666666666666661       0.32986695490332019     
   6.3333333333333330        6.0000000000000000       0.30518715242682820     
   6.3333333333333330        6.3333333333333330       0.27726834312069087     
   6.3333333333333330        6.6666666666666661       0.22787313504988055     
   6.3333333333333330        7.0000000000000000       0.16886619309102974     
   6.3333333333333330        7.3333333333333330       0.13295812991490688     
   6.3333333333333330        7.6666666666666661       0.10726385470735046     
   6.3333333333333330        8.0000000000000000        8.5082662806766143E-002
   6.3333333333333330        8.3333333333333321        6.8713639482633676E-002
   6.3333333333333330        8.6666666666666661        5.3133924318321188E-002
   6.3333333333333330        9.0000000000000000        2.9920606023711827E-002
   6.3333333333333330        9.3333333333333321        1.7306575553672904E-002
   6.3333333333333330        9.6666666666666661        7.6366473129816231E-003
   6.3333333333333330        10.000000000000000        0.0000000000000000     
 
   6.6666666666666661        0.0000000000000000        0.0000000000000000     
   6.6666666666666661       0.33333333333333331        5.7322759923970493E-003
   6.6666666666666661       0.66666666666666663        1.0795807126295751E-002
   6.6666666666666661        1.0000000000000000        4.2996842450206615E-002
   6.6666666666666661        1.3333333333333333        5.5543097344710503E-002
   6.6666666666666661        1.6666666666666665        7.7082494018599193E-002
   6.6666666666666661        2.0000000000000000        9.7064467991040959E-002
   6.6666666666666661        2.3333333333333330       0.11934190867668616     
   6.6666666666666661        2.6666666666666665       0.14658490769485888     
   6.6666666666666661        3.0000000000000000       0.17156316730020654     
   6.6666666666666661        3.3333333333333330       0.33347598757227431     
   6.6666666666666661        3.6666666666666665       0.40141972812447191     
   6.6666666666666661        4.0000000000000000       0.41693854451849083     
   6.6666666666666661        4.3333333333333330       0.43179112469465336     
   6.6666666666666661        4.6666666666666661       0.43389069423611160     
   6.6666666666666661        5.0000000000000000       0.40029610135955307     
   6.6666666666666661        5.3333333333333330       0.31935191329782653     
   6.6666666666666661        5.6666666666666661       0.29341307401478656     
   6.6666666666666661        6.0000000000000000       0.27679764423740000     
   6.6666666666666661        6.3333333333333330       0.16273611166163091     
   6.6666666666666661        6.6666666666666661       0.13228513284916979     
   6.6666666666666661        7.0000000000000000       0.13325411768139930     
   6.6666666666666661        7.3333333333333330       0.11549724935274952     
   6.6666666666666661        7.6666666666666661        9.5996540410636641E-002
   6.6666666666666661        8.0000000000000000        7.8558342415205165E-002
   6.6666666666666661        8.3333333333333321        6.6185890019933802E-002
   6.6666666666666661        8.6666666666666661        3.1416431663884400E-002
   6.6666666666666661        9.0000000000000000        2.8562356976044628E-002
   6.6666666666666661        9.3333333333333321        1.0759856946935408E-002
   6.6666666666666661        9.6666666666666661        6.0157760969486596E-003
   6.6666666666666661        10.000000000000000        0.0000000000000000     
 
   7.0000000000000000        0.0000000000000000        0.0000000000000000     
   7.0000000000000000       0.33333333333333331        6.5400075012334701E-003
   7.0000000000000000       0.66666666666666663        1.5282802229339400E-002
   7.0000000000000000        1.0000000000000000        3.2462247125491957E-002
   7.0000000000000000        1.3333333333333333        5.1403925182562510E-002
   7.0000000000000000        1.6666666666666665        6.8434339255695503E-002
   7.0000000000000000        2.0000000000000000        8.9071886716571555E-002
   7.0000000000000000        2.3333333333333330       0.10446434414178452     
   7.0000000000000000        2.6666666666666665       0.17294925035113015     
   7.0000000000000000        3.0000000000000000       0.20094601909470286     
   7.0000000000000000        3.3333333333333330       0.26161830127536073     
   7.0000000000000000        3.6666666666666665       0.33200226953596806     
   7.0000000000000000        4.0000000000000000       0.37306762887889633     
   7.0000000000000000        4.3333333333333330       0.40594956891023121     
   7.0000000000000000        4.6666666666666661       0.14872318597245202     
   7.0000000000000000        5.0000000000000000       0.22494838543373677     
   7.0000000000000000        5.3333333333333330       0.25164615600811363     
   7.0000000000000000        5.6666666666666661       0.24377499870543295     
   7.0000000000000000        6.0000000000000000       0.22859685057203868     
   7.0000000000000000        6.3333333333333330       0.16385745398856841     
   7.0000000000000000        6.6666666666666661       0.13314477451865966     
   7.0000000000000000        7.0000000000000000       0.11802031194635741     
   7.0000000000000000        7.3333333333333330       0.10172014373742190     
   7.0000000000000000        7.6666666666666661        8.4821710998161812E-002
   7.0000000000000000        8.0000000000000000        6.9197519826831866E-002
   7.0000000000000000        8.3333333333333321        5.3473174847885510E-002
   7.0000000000000000        8.6666666666666661        3.5824234987527251E-002
   7.0000000000000000        9.0000000000000000        2.5770472646322505E-002
   7.0000000000000000        9.3333333333333321        1.6135006218262672E-002
   7.0000000000000000        9.6666666666666661        2.2190321368880041E-003
   7.0000000000000000        10.000000000000000        0.0000000000000000     
 
   7.3333333333333330        0.0000000000000000        0.0000000000000000     
   7.3333333333333330       0.33333333333333331        5.5033996182363041E-003
   7.3333333333333330       0.66666666666666663        1.2129599315133471E-002
   7.3333333333333330        1.0000000000000000        2.1726469509916652E-002
   7.3333333333333330        1.3333333333333333        5.2710380158730440E-002
   7.3333333333333330        1.6666666666666665        5.8820186815029755E-002
   7.3333333333333330        2.0000000000000000        9.0154461717120174E-002
   7.3333333333333330        2.3333333333333330       0.10772635429585108     
   7.3333333333333330        2.6666666666666665       0.14671837397252849     
   7.3333333333333330        3.0000000000000000       0.19868757794077688     
   7.3333333333333330        3.3333333333333330       0.24942571981988926     
   7.3333333333333330        3.6666666666666665       0.28751826272934750     
   7.3333333333333330        4.0000000000000000       0.33200226953596806     
   7.3333333333333330        4.3333333333333330       0.14872318597245202     
   7.3333333333333330        4.6666666666666661       0.15054614627027385     
   7.3333333333333330        5.0000000000000000       0.19730102536953106     
   7.3333333333333330        5.3333333333333330       0.21642058883826365     
   7.3333333333333330        5.6666666666666661       0.19953837177997744     
   7.3333333333333330        6.0000000000000000       0.12472343967210145     
   7.3333333333333330        6.3333333333333330       0.13183980908911228     
   7.3333333333333330        6.6666666666666661       0.12018709990307884     
   7.3333333333333330        7.0000000000000000       0.10599510357868543     
   7.3333333333333330        7.3333333333333330        9.0723463177787136E-002
   7.3333333333333330        7.6666666666666661        7.4603566284537834E-002
   7.3333333333333330        8.0000000000000000        6.2115628446457315E-002
   7.3333333333333330        8.3333333333333321        4.4666606456762334E-002
   7.3333333333333330        8.6666666666666661        3.4258686258105901E-002
   7.3333333333333330        9.0000000000000000        2.3861064712414167E-002
   7.3333333333333330        9.3333333333333321        1.2768896765452595E-002
   7.3333333333333330        9.6666666666666661        4.5783131534805083E-003
   7.3333333333333330        10.000000000000000        0.0000000000000000     
 
   7.6666666666666661        0.0000000000000000        0.0000000000000000     
   7.6666666666666661       0.33333333333333331        3.6623770176709243E-003
   7.6666666666666661       0.66666666666666663        6.6784990099796812E-003
   7.6666666666666661        1.0000000000000000        4.6590807200211755E-002
   7.6666666666666661        1.3333333333333333        4.9449889591589816E-002
   7.6666666666666661        1.6666666666666665        5.8128807112134376E-002
   7.6666666666666661        2.0000000000000000        7.5521541037063863E-002
   7.6666666666666661        2.3333333333333330        9.2319494935825877E-002
   7.6666666666666661        2.6666666666666665       0.10967062840176468     
   7.6666666666666661        3.0000000000000000       0.10034701995928122     
   7.6666666666666661        3.3333333333333330       0.18242231297528444     
   7.6666666666666661        3.6666666666666665       0.23492307957088882     
   7.6666666666666661        4.0000000000000000        4.7798477972726530E-002
   7.6666666666666661        4.3333333333333330        9.0964148954046739E-002
   7.6666666666666661        4.6666666666666661       0.10899087037200308     
   7.6666666666666661        5.0000000000000000        7.8380510368571049E-002
   7.6666666666666661        5.3333333333333330       0.13654269797257282     
   7.6666666666666661        5.6666666666666661       0.13799248210457177     
   7.6666666666666661        6.0000000000000000       0.11955128202114423     
   7.6666666666666661        6.3333333333333330       0.12039980493160485     
   7.6666666666666661        6.6666666666666661       0.11187550767057527     
   7.6666666666666661        7.0000000000000000        9.7354434543421936E-002
   7.6666666666666661        7.3333333333333330        8.2895059259620721E-002
   7.6666666666666661        7.6666666666666661        6.2980544761653282E-002
   7.6666666666666661        8.0000000000000000        2.7330126623161297E-002
   7.6666666666666661        8.3333333333333321        3.0639050845710992E-002
   7.6666666666666661        8.6666666666666661        1.2957190668382084E-002
   7.6666666666666661        9.0000000000000000        7.4002704938321224E-003
   7.6666666666666661        9.3333333333333321        7.2225608647341639E-003
   7.6666666666666661        9.6666666666666661        3.6028856748603253E-003
   7.6666666666666661        10.000000000000000        0.0000000000000000     
 
   8.0000000000000000        0.0000000000000000        0.0000000000000000     
   8.0000000000000000       0.33333333333333331        2.7000517478958821E-003
   8.0000000000000000       0.66666666666666663        4.6578473390539079E-003
   8.0000000000000000        1.0000000000000000        4.0553140477855298E-002
   8.0000000000000000        1.3333333333333333        4.3166728335217008E-002
   8.0000000000000000        1.6666666666666665        5.1559895351271111E-002
   8.0000000000000000        2.0000000000000000        6.4414208669274733E-002
   8.0000000000000000        2.3333333333333330        7.9284878360409206E-002
   8.0000000000000000        2.6666666666666665        9.2778382310682112E-002
   8.0000000000000000        3.0000000000000000       0.10374872764638811     
   8.0000000000000000        3.3333333333333330       0.13148192198319075     
   8.0000000000000000        3.6666666666666665        4.7798477972726530E-002
   8.0000000000000000        4.0000000000000000        5.0118406660606227E-002
   8.0000000000000000        4.3333333333333330        7.5444887201421243E-002
   8.0000000000000000        4.6666666666666661        8.7775850148640172E-002
   8.0000000000000000        5.0000000000000000        8.1568809173977658E-002
   8.0000000000000000        5.3333333333333330        8.2020186072600448E-002
   8.0000000000000000        5.6666666666666661        9.7565984051922031E-002
   8.0000000000000000        6.0000000000000000        9.6939303957738962E-002
   8.0000000000000000        6.3333333333333330        0.0000000000000000     
   8.0000000000000000        6.6666666666666661        8.8009910942874803E-002
   8.0000000000000000        7.0000000000000000        9.1196119278845772E-002
   8.0000000000000000        7.3333333333333330        2.5519689391036254E-002
   8.0000000000000000        7.6666666666666661        3.3517592049487378E-002
   8.0000000000000000        8.0000000000000000        2.5468134583931028E-002
   8.0000000000000000        8.3333333333333321        2.1428387541908279E-002
   8.0000000000000000        8.6666666666666661        1.3864561774850587E-002
   8.0000000000000000        9.0000000000000000        8.1089321581710207E-003
   8.0000000000000000        9.3333333333333321        5.5953971474414074E-003
   8.0000000000000000        9.6666666666666661        2.8526992918736205E-003
   8.0000000000000000        10.000000000000000        0.0000000000000000     
 
   8.3333333333333321        0.0000000000000000        0.0000000000000000     
   8.3333333333333321       0.33333333333333331        2.6718476910250234E-003
   8.3333333333333321       0.66666666666666663        4.9227631401643273E-003
   8.3333333333333321        1.0000000000000000        2.4591783155637280E-002
   8.3333333333333321        1.3333333333333333        3.3672185056597810E-002
   8.3333333333333321        1.6666666666666665        4.3228587206361704E-002
   8.3333333333333321        2.0000000000000000        5.4157248808470788E-002
   8.3333333333333321        2.3333333333333330        7.0643777762114848E-002
   8.3333333333333321        2.6666666666666665        8.1501710533429611E-002
   8.3333333333333321        3.0000000000000000        9.3553150854620529E-002
   8.3333333333333321        3.3333333333333330       0.11097201577036472     
   8.3333333333333321        3.6666666666666665        2.9927941081219465E-002
   8.3333333333333321        4.0000000000000000        3.1672060593224076E-002
   8.3333333333333321        4.3333333333333330        1.1301149364837677E-002
   8.3333333333333321        4.6666666666666661        9.5338649326608092E-003
   8.3333333333333321        5.0000000000000000        6.6304913042423572E-002
   8.3333333333333321        5.3333333333333330        6.8500869117608873E-002
   8.3333333333333321        5.6666666666666661        7.5151229674525824E-002
   8.3333333333333321        6.0000000000000000        7.5644951975230662E-002
   8.3333333333333321        6.3333333333333330        3.4223321650813369E-002
   8.3333333333333321        6.6666666666666661        0.0000000000000000     
   8.3333333333333321        7.0000000000000000        1.5747543775715158E-002
   8.3333333333333321        7.3333333333333330        1.8830992737840894E-002
   8.3333333333333321        7.6666666666666661        2.1590565634837942E-002
   8.3333333333333321        8.0000000000000000        2.0937923768948714E-002
   8.3333333333333321        8.3333333333333321        1.6944028034774277E-002
   8.3333333333333321        8.6666666666666661        6.2393229941706168E-003
   8.3333333333333321        9.0000000000000000        6.1568002301208907E-003
   8.3333333333333321        9.3333333333333321        4.6049853129706509E-003
   8.3333333333333321        9.6666666666666661        2.4226071680336575E-003
   8.3333333333333321        10.000000000000000        0.0000000000000000     
 
   8.6666666666666661        0.0000000000000000        0.0000000000000000     
   8.6666666666666661       0.33333333333333331        3.2696593582928648E-003
   8.6666666666666661       0.66666666666666663        7.8117867181986128E-003
   8.6666666666666661        1.0000000000000000        1.7178809936415931E-002
   8.6666666666666661        1.3333333333333333        2.5805928600006436E-002
   8.6666666666666661        1.6666666666666665        3.5962326225731672E-002
   8.6666666666666661        2.0000000000000000        4.1037821387058561E-002
   8.6666666666666661        2.3333333333333330        5.7098612672418232E-002
   8.6666666666666661        2.6666666666666665        7.2210848862706706E-002
   8.6666666666666661        3.0000000000000000        8.1228376534457081E-002
   8.6666666666666661        3.3333333333333330        0.0000000000000000     
   8.6666666666666661        3.6666666666666665        1.2029242093572189E-002
   8.6666666666666661        4.0000000000000000        1.6682433318104151E-002
   8.6666666666666661        4.3333333333333330        1.2261228332198533E-002
   8.6666666666666661        4.6666666666666661        1.0433632568467507E-002
   8.6666666666666661        5.0000000000000000        5.0619400877214414E-002
   8.6666666666666661        5.3333333333333330        5.2574097311256368E-002
   8.6666666666666661        5.6666666666666661        6.0870888108087821E-002
   8.6666666666666661        6.0000000000000000        5.6800789417504910E-002
   8.6666666666666661        6.3333333333333330        3.5677553382217418E-002
   8.6666666666666661        6.6666666666666661        1.2574426100205481E-002
   8.6666666666666661        7.0000000000000000        1.3662421495205794E-002
   8.6666666666666661        7.3333333333333330        1.3556644034076460E-002
   8.6666666666666661        7.6666666666666661        1.4244656117153687E-002
   8.6666666666666661        8.0000000000000000        7.8582110158949784E-003
   8.6666666666666661        8.3333333333333321        9.4946462571155969E-003
   8.6666666666666661        8.6666666666666661        6.8307601271486804E-003
   8.6666666666666661        9.0000000000000000        2.2536753591600820E-003
   8.6666666666666661        9.3333333333333321        1.3362334572385999E-003
   8.6666666666666661        9.6666666666666661        0.0000000000000000     
   8.6666666666666661        10.000000000000000        0.0000000000000000     
 
   9.0000000000000000        0.0000000000000000        0.0000000000000000     
   9.0000000000000000       0.33333333333333331        2.8495699607369285E-003
   9.0000000000000000       0.66666666666666663        6.4609915224132040E-003
   9.0000000000000000        1.0000000000000000        1.1715031117197981E-002
   9.0000000000000000        1.3333333333333333        1.8114462586067900E-002
   9.0000000000000000        1.6666666666666665        2.2270593026536011E-002
   9.0000000000000000        2.0000000000000000        3.5361185404762109E-002
   9.0000000000000000        2.3333333333333330        4.4934473172936557E-002
   9.0000000000000000        2.6666666666666665        8.1356948693889707E-004
   9.0000000000000000        3.0000000000000000        1.3926677405583967E-003
   9.0000000000000000        3.3333333333333330        5.4543075443190718E-003
   9.0000000000000000        3.6666666666666665        8.2524831127634320E-003
   9.0000000000000000        4.0000000000000000        1.1883011014545914E-002
   9.0000000000000000        4.3333333333333330        1.1607299628457513E-002
   9.0000000000000000        4.6666666666666661        9.7124044521188998E-004
   9.0000000000000000        5.0000000000000000        3.0748601515361799E-002
   9.0000000000000000        5.3333333333333330        3.2145460484002408E-002
   9.0000000000000000        5.6666666666666661        1.0577080166240130E-002
   9.0000000000000000        6.0000000000000000        1.2963486324081529E-002
   9.0000000000000000        6.3333333333333330        1.7390374421509626E-002
   9.0000000000000000        6.6666666666666661        1.2288130405383176E-002
   9.0000000000000000        7.0000000000000000        6.6917426926075855E-003
   9.0000000000000000        7.3333333333333330        8.3510164815472198E-003
   9.0000000000000000        7.6666666666666661        8.4643297674992530E-003
   9.0000000000000000        8.0000000000000000        6.8185581901262816E-003
   9.0000000000000000        8.3333333333333321        7.0227657604991344E-003
   9.0000000000000000        8.6666666666666661        5.2972085283043745E-003
   9.0000000000000000        9.0000000000000000        2.4717878735619598E-003
   9.0000000000000000        9.3333333333333321        1.4765074722740694E-003
   9.0000000000000000        9.6666666666666661        1.1900601398266732E-004
   9.0000000000000000        10.000000000000000        0.0000000000000000     
 
   9.3333333333333321        0.0000000000000000        0.0000000000000000     
   9.3333333333333321       0.33333333333333331        1.8953583078465288E-003
   9.3333333333333321       0.66666666666666663        3.9681215494249446E-003
   9.3333333333333321        1.0000000000000000        5.9747351925033458E-003
   9.3333333333333321        1.3333333333333333        6.6841522255518711E-003
   9.3333333333333321        1.6666666666666665        1.0649406222455613E-002
   9.3333333333333321        2.0000000000000000        1.2853137029230802E-003
   9.3333333333333321        2.3333333333333330        7.4761607555387771E-004
   9.3333333333333321        2.6666666666666665        8.9938893989586187E-004
   9.3333333333333321        3.0000000000000000        1.5308531753080456E-003
   9.3333333333333321        3.3333333333333330        3.1069600064888075E-003
   9.3333333333333321        3.6666666666666665        4.2852134220259146E-003
   9.3333333333333321        4.0000000000000000        0.0000000000000000     
   9.3333333333333321        4.3333333333333330        8.0299918190148442E-004
   9.3333333333333321        4.6666666666666661        1.0401078020215980E-003
   9.3333333333333321        5.0000000000000000        9.0321497364815855E-003
   9.3333333333333321        5.3333333333333330        1.4443684383374575E-002
   9.3333333333333321        5.6666666666666661        1.1207234134164280E-002
   9.3333333333333321        6.0000000000000000        9.2145452936493975E-003
   9.3333333333333321        6.3333333333333330        9.4578741943922885E-003
   9.3333333333333321        6.6666666666666661        7.5995368536773975E-003
   9.3333333333333321        7.0000000000000000        5.5126362573016639E-003
   9.3333333333333321        7.3333333333333330        5.2699484763354537E-003
   9.3333333333333321        7.6666666666666661        5.0305197056482020E-003
   9.3333333333333321        8.0000000000000000        4.4465008584630532E-003
   9.3333333333333321        8.3333333333333321        6.6556614892719493E-004
   9.3333333333333321        8.6666666666666661        7.4061037844841296E-004
   9.3333333333333321        9.0000000000000000        1.0840074481487942E-003
   9.3333333333333321        9.3333333333333321        7.6712039075037047E-004
   9.3333333333333321        9.6666666666666661        2.5069074496000685E-004
   9.3333333333333321        10.000000000000000        0.0000000000000000     
 
   9.6666666666666661        0.0000000000000000        0.0000000000000000     
   9.6666666666666661       0.33333333333333331        9.1977825054138777E-004
   9.6666666666666661       0.66666666666666663        1.8610744897212780E-003
   9.6666666666666661        1.0000000000000000        2.7100677874144414E-003
   9.6666666666666661        1.3333333333333333        3.2227336965155607E-003
   9.6666666666666661        1.6666666666666665        3.7473974494781743E-003
   9.6666666666666661        2.0000000000000000        1.3973344415277522E-003
   9.6666666666666661        2.3333333333333330        6.6972990704782746E-004
   9.6666666666666661        2.6666666666666665        5.9476682220438416E-004
   9.6666666666666661        3.0000000000000000        8.6730042790296696E-004
   9.6666666666666661        3.3333333333333330        1.4246107847139641E-003
   9.6666666666666661        3.6666666666666665        1.8502714095116003E-003
   9.6666666666666661        4.0000000000000000        3.0008543865198183E-004
   9.6666666666666661        4.3333333333333330        6.1965427073148256E-004
   9.6666666666666661        4.6666666666666661        1.4141095218211256E-003
   9.6666666666666661        5.0000000000000000        4.0768467361230578E-003
   9.6666666666666661        5.3333333333333330        6.0727699038463792E-003
   9.6666666666666661        5.6666666666666661        1.8144050585705786E-003
   9.6666666666666661        6.0000000000000000        3.7378568309162363E-003
   9.6666666666666661        6.3333333333333330        4.1380091212788270E-003
   9.6666666666666661        6.6666666666666661        3.5954935056880929E-003
   9.6666666666666661        7.0000000000000000        2.8688439078830004E-003
   9.6666666666666661        7.3333333333333330        2.5658781912799031E-003
   9.6666666666666661        7.6666666666666661        2.3137436884788933E-003
   9.6666666666666661        8.0000000000000000        1.8353686210309146E-003
   9.6666666666666661        8.3333333333333321        7.2720416632273983E-004
   9.6666666666666661        8.6666666666666661        4.7085874554043825E-004
   9.6666666666666661        9.0000000000000000        4.6085707275708715E-004
   9.6666666666666661        9.3333333333333321        3.3411353799184457E-004
   9.6666666666666661        9.6666666666666661        1.4249292776932057E-004
   9.6666666666666661        10.000000000000000        0.0000000000000000     
 
   10.000000000000000        0.0000000000000000        0.0000000000000000     
   10.000000000000000       0.33333333333333331        0.0000000000000000     
   10.000000000000000       0.66666666666666663        0.0000000000000000     
   10.000000000000000        1.0000000000000000        0.0000000000000000     
   10.000000000000000        1.3333333333333333        0.0000000000000000     
   10.000000000000000        1.6666666666666665        0.0000000000000000     
   10.000000000000000        2.0000000000000000        0.0000000000000000     
   10.000000000000000        2.3333333333333330        0.0000000000000000     
   10.000000000000000        2.6666666666666665        0.0000000000000000     
   10.000000000000000        3.0000000000000000        0.0000000000000000     
   10.000000000000000        3.3333333333333330        0.0000000000000000     
   10.000000000000000        3.6666666666666665        0.0000000000000000     
   10.000000000000000        4.0000000000000000        0.0000000000000000     
   10.000000000000000        4.3333333333333330        0.0000000000000000     
   10.000000000000000        4.6666666666666661        0.0000000000000000     
   10.000000000000000        5.0000000000000000        0.0000000000000000     
   10.000000000000000        5.3333333333333330        0.0000000000000000     
   10.000000000000000        5.6666666666666661        0.0000000000000000     
   10.000000000000000        6.0000000000000000        0.0000000000000000     
   10.000000000000000        6.3333333333333330        0.0000000000000000     
   10.000000000000000        6.6666666666666661        0.0000000000000000     
   10.000000000000000        7.0000000000000000        0.0000000000000000     
   10.000000000000000        7.3333333333333330        0.0000000000000000     
   10.000000000000000        7.6666666666666661        0.0000000000000000     
   10.000000000000000        8.0000000000000000        0.0000000000000000     
   10.000000000000000        8.3333333333333321        0.0000000000000000     
   10.000000000000000        8.6666666666666661        0.0000000000000000     
   10.000000000000000        9.0000000000000000        0.0000000000000000     
   10.000000000000000        9.3333333333333321        0.0000000000000000     
   10.000000000000000        9.6666666666666661        0.0000000000000000     
   10.000000000000000        10.000000000000000        0.0000000000000000     
 
