   0.0000000000000000        0.0000000000000000        0.0000000000000000     
   0.0000000000000000       0.33333333333333331        0.0000000000000000     
   0.0000000000000000       0.66666666666666663        0.0000000000000000     
   0.0000000000000000        1.0000000000000000        0.0000000000000000     
   0.0000000000000000        1.3333333333333333        0.0000000000000000     
   0.0000000000000000        1.6666666666666665        0.0000000000000000     
   0.0000000000000000        2.0000000000000000        0.0000000000000000     
   0.0000000000000000        2.3333333333333330        0.0000000000000000     
   0.0000000000000000        2.6666666666666665        0.0000000000000000     
   0.0000000000000000        3.0000000000000000        0.0000000000000000     
   0.0000000000000000        3.3333333333333330        0.0000000000000000     
   0.0000000000000000        3.6666666666666665        0.0000000000000000     
   0.0000000000000000        4.0000000000000000        0.0000000000000000     
   0.0000000000000000        4.3333333333333330        0.0000000000000000     
   0.0000000000000000        4.6666666666666661        0.0000000000000000     
   0.0000000000000000        5.0000000000000000        0.0000000000000000     
   0.0000000000000000        5.3333333333333330        0.0000000000000000     
   0.0000000000000000        5.6666666666666661        0.0000000000000000     
   0.0000000000000000        6.0000000000000000        0.0000000000000000     
   0.0000000000000000        6.3333333333333330        0.0000000000000000     
   0.0000000000000000        6.6666666666666661        0.0000000000000000     
   0.0000000000000000        7.0000000000000000        0.0000000000000000     
   0.0000000000000000        7.3333333333333330        0.0000000000000000     
   0.0000000000000000        7.6666666666666661        0.0000000000000000     
   0.0000000000000000        8.0000000000000000        0.0000000000000000     
   0.0000000000000000        8.3333333333333321        0.0000000000000000     
   0.0000000000000000        8.6666666666666661        0.0000000000000000     
   0.0000000000000000        9.0000000000000000        0.0000000000000000     
   0.0000000000000000        9.3333333333333321        0.0000000000000000     
   0.0000000000000000        9.6666666666666661        0.0000000000000000     
   0.0000000000000000        10.000000000000000        0.0000000000000000     
 
  0.33333333333333331        0.0000000000000000        0.0000000000000000     
  0.33333333333333331       0.33333333333333331        1.6724399186347515E-005
  0.33333333333333331       0.66666666666666663        2.7594556535953648E-005
  0.33333333333333331        1.0000000000000000        2.5601023851285775E-005
  0.33333333333333331        1.3333333333333333        5.6442502244950672E-005
  0.33333333333333331        1.6666666666666665        8.9784261160091850E-005
  0.33333333333333331        2.0000000000000000        1.5309661858992890E-004
  0.33333333333333331        2.3333333333333330        2.0974743907983896E-004
  0.33333333333333331        2.6666666666666665        2.0338867981042785E-004
  0.33333333333333331        3.0000000000000000        4.5011837819558997E-004
  0.33333333333333331        3.3333333333333330        5.1047162861034387E-004
  0.33333333333333331        3.6666666666666665        4.7362927499972220E-004
  0.33333333333333331        4.0000000000000000        4.7159460481178538E-004
  0.33333333333333331        4.3333333333333330        4.9266472533110526E-004
  0.33333333333333331        4.6666666666666661        3.4648736440240444E-004
  0.33333333333333331        5.0000000000000000        6.2716734621236887E-004
  0.33333333333333331        5.3333333333333330        1.6710844250924341E-003
  0.33333333333333331        5.6666666666666661        2.2583915542240497E-003
  0.33333333333333331        6.0000000000000000        2.7605732958145383E-003
  0.33333333333333331        6.3333333333333330        3.1150517395734092E-003
  0.33333333333333331        6.6666666666666661        2.0774874864163411E-003
  0.33333333333333331        7.0000000000000000        3.5126261877259225E-003
  0.33333333333333331        7.3333333333333330        1.4521483682718810E-003
  0.33333333333333331        7.6666666666666661        1.1312448474725604E-003
  0.33333333333333331        8.0000000000000000        7.8381095865153307E-004
  0.33333333333333331        8.3333333333333321        4.6976696717687189E-004
  0.33333333333333331        8.6666666666666661        3.2219931184935272E-004
  0.33333333333333331        9.0000000000000000        2.1728808175606887E-004
  0.33333333333333331        9.3333333333333321        1.1099817264959049E-004
  0.33333333333333331        9.6666666666666661        4.5704176000776854E-005
  0.33333333333333331        10.000000000000000        0.0000000000000000     
 
  0.66666666666666663        0.0000000000000000        0.0000000000000000     
  0.66666666666666663       0.33333333333333331        4.3798982859507977E-005
  0.66666666666666663       0.66666666666666663        7.5521830876645776E-005
  0.66666666666666663        1.0000000000000000        1.5439480879910671E-004
  0.66666666666666663        1.3333333333333333        1.2614696614851663E-004
  0.66666666666666663        1.6666666666666665        1.7402436549962785E-004
  0.66666666666666663        2.0000000000000000        3.5291404747474242E-004
  0.66666666666666663        2.3333333333333330        5.3543650772296754E-004
  0.66666666666666663        2.6666666666666665        1.3009398069573660E-003
  0.66666666666666663        3.0000000000000000        1.1910992507700151E-003
  0.66666666666666663        3.3333333333333330        1.2352872564740881E-003
  0.66666666666666663        3.6666666666666665        1.0243603463880064E-003
  0.66666666666666663        4.0000000000000000        1.0333794311472959E-003
  0.66666666666666663        4.3333333333333330        1.2695552975998320E-003
  0.66666666666666663        4.6666666666666661        0.0000000000000000     
  0.66666666666666663        5.0000000000000000        3.8820282917788568E-003
  0.66666666666666663        5.3333333333333330        4.1440840308894517E-003
  0.66666666666666663        5.6666666666666661        5.0489796771086906E-003
  0.66666666666666663        6.0000000000000000        6.1941701200988707E-003
  0.66666666666666663        6.3333333333333330        8.1929131859203794E-003
  0.66666666666666663        6.6666666666666661        1.3867445200305915E-002
  0.66666666666666663        7.0000000000000000        1.1170245340510056E-002
  0.66666666666666663        7.3333333333333330        2.0640241878157159E-003
  0.66666666666666663        7.6666666666666661        2.5299787349025954E-003
  0.66666666666666663        8.0000000000000000        1.7100900534885183E-003
  0.66666666666666663        8.3333333333333321        8.8482248074096110E-004
  0.66666666666666663        8.6666666666666661        6.8227745510106178E-004
  0.66666666666666663        9.0000000000000000        4.9209768478603510E-004
  0.66666666666666663        9.3333333333333321        2.1062964063268380E-004
  0.66666666666666663        9.6666666666666661        8.4290376435458415E-005
  0.66666666666666663        10.000000000000000        0.0000000000000000     
 
   1.0000000000000000        0.0000000000000000        0.0000000000000000     
   1.0000000000000000       0.33333333333333331        9.4334975969051054E-005
   1.0000000000000000       0.66666666666666663        1.7478603263030532E-004
   1.0000000000000000        1.0000000000000000        2.2422969686476855E-004
   1.0000000000000000        1.3333333333333333        1.5439480879910671E-004
   1.0000000000000000        1.6666666666666665        5.5051520405646661E-004
   1.0000000000000000        2.0000000000000000        6.3950536912331043E-004
   1.0000000000000000        2.3333333333333330        1.1749769842650797E-003
   1.0000000000000000        2.6666666666666665        1.7111906383800548E-003
   1.0000000000000000        3.0000000000000000        2.0451104360513640E-003
   1.0000000000000000        3.3333333333333330        2.4849895632097527E-003
   1.0000000000000000        3.6666666666666665        1.5899442553760639E-003
   1.0000000000000000        4.0000000000000000        1.6105414407913657E-003
   1.0000000000000000        4.3333333333333330        2.5752477317395142E-003
   1.0000000000000000        4.6666666666666661        3.6306454560631691E-003
   1.0000000000000000        5.0000000000000000        4.4588849934966901E-003
   1.0000000000000000        5.3333333333333330        6.8120893276095648E-003
   1.0000000000000000        5.6666666666666661        8.5627736302402377E-003
   1.0000000000000000        6.0000000000000000        9.9053079625176545E-003
   1.0000000000000000        6.3333333333333330        1.6677971764030981E-002
   1.0000000000000000        6.6666666666666661        1.8987807361749518E-002
   1.0000000000000000        7.0000000000000000        1.8097117589276596E-002
   1.0000000000000000        7.3333333333333330        1.2781875155738028E-002
   1.0000000000000000        7.6666666666666661        5.7437861524545358E-003
   1.0000000000000000        8.0000000000000000        3.0160714400837914E-003
   1.0000000000000000        8.3333333333333321        1.5410658802212031E-003
   1.0000000000000000        8.6666666666666661        1.1977351656339904E-003
   1.0000000000000000        9.0000000000000000        9.8261824592959807E-004
   1.0000000000000000        9.3333333333333321        8.0947327629916547E-005
   1.0000000000000000        9.6666666666666661        1.0353012392453056E-004
   1.0000000000000000        10.000000000000000        0.0000000000000000     
 
   1.3333333333333333        0.0000000000000000        0.0000000000000000     
   1.3333333333333333       0.33333333333333331        1.8226791408213587E-004
   1.3333333333333333       0.66666666666666663        3.4863454942909408E-004
   1.3333333333333333        1.0000000000000000        4.7001311067145998E-004
   1.3333333333333333        1.3333333333333333        8.1754588890137897E-004
   1.3333333333333333        1.6666666666666665        6.0593117828668856E-004
   1.3333333333333333        2.0000000000000000        2.1120472017664084E-003
   1.3333333333333333        2.3333333333333330        2.0865570388078286E-003
   1.3333333333333333        2.6666666666666665        2.7027727351399281E-003
   1.3333333333333333        3.0000000000000000        3.2250372361924337E-003
   1.3333333333333333        3.3333333333333330        5.5667409691177996E-003
   1.3333333333333333        3.6666666666666665        1.0842563440410635E-002
   1.3333333333333333        4.0000000000000000        6.3830905882483070E-003
   1.3333333333333333        4.3333333333333330        5.4077484920766238E-003
   1.3333333333333333        4.6666666666666661        1.0613414500484792E-002
   1.3333333333333333        5.0000000000000000        1.1230998554751471E-002
   1.3333333333333333        5.3333333333333330        1.1379285137507012E-002
   1.3333333333333333        5.6666666666666661        1.4013860913327882E-002
   1.3333333333333333        6.0000000000000000        3.7157013142513601E-002
   1.3333333333333333        6.3333333333333330        3.2242323323533703E-002
   1.3333333333333333        6.6666666666666661        3.0349231648677172E-002
   1.3333333333333333        7.0000000000000000        2.7093249866055078E-002
   1.3333333333333333        7.3333333333333330        2.2046801921649161E-002
   1.3333333333333333        7.6666666666666661        1.7947867827909202E-003
   1.3333333333333333        8.0000000000000000        2.2267274622250724E-003
   1.3333333333333333        8.3333333333333321        2.2454784079006637E-003
   1.3333333333333333        8.6666666666666661        1.8707235873186556E-003
   1.3333333333333333        9.0000000000000000        1.4977350792039932E-003
   1.3333333333333333        9.3333333333333321        6.3191070463962157E-004
   1.3333333333333333        9.6666666666666661        2.7608203218924056E-004
   1.3333333333333333        10.000000000000000        0.0000000000000000     
 
   1.6666666666666665        0.0000000000000000        0.0000000000000000     
   1.6666666666666665       0.33333333333333331        3.2918470383774286E-004
   1.6666666666666665       0.66666666666666663        6.4941753407068926E-004
   1.6666666666666665        1.0000000000000000        9.4708568621355491E-004
   1.6666666666666665        1.3333333333333333        1.2258476082793511E-003
   1.6666666666666665        1.6666666666666665        3.0495790528020580E-003
   1.6666666666666665        2.0000000000000000        2.6164365198071229E-003
   1.6666666666666665        2.3333333333333330        2.8189374376814819E-003
   1.6666666666666665        2.6666666666666665        4.3524120688782971E-003
   1.6666666666666665        3.0000000000000000        1.2564005353668315E-002
   1.6666666666666665        3.3333333333333330        1.1984184938937267E-002
   1.6666666666666665        3.6666666666666665        1.2760744219411200E-002
   1.6666666666666665        4.0000000000000000        8.6372875294696561E-003
   1.6666666666666665        4.3333333333333330        8.3674441681076753E-003
   1.6666666666666665        4.6666666666666661        1.2652806375669333E-002
   1.6666666666666665        5.0000000000000000        1.3154096904308544E-002
   1.6666666666666665        5.3333333333333330        1.5457940587941026E-002
   1.6666666666666665        5.6666666666666661        2.4359731258507863E-002
   1.6666666666666665        6.0000000000000000        4.6995804113882177E-002
   1.6666666666666665        6.3333333333333330        4.9201275698176464E-002
   1.6666666666666665        6.6666666666666661        4.7381684256455121E-002
   1.6666666666666665        7.0000000000000000        4.1905261082039111E-002
   1.6666666666666665        7.3333333333333330        2.9768910880765373E-002
   1.6666666666666665        7.6666666666666661        1.5039930650887531E-003
   1.6666666666666665        8.0000000000000000        2.3504826448907091E-003
   1.6666666666666665        8.3333333333333321        3.8341191171159137E-003
   1.6666666666666665        8.6666666666666661        2.9607639576373248E-003
   1.6666666666666665        9.0000000000000000        1.9875649240524203E-003
   1.6666666666666665        9.3333333333333321        1.1411046033728198E-003
   1.6666666666666665        9.6666666666666661        4.3741710643858825E-004
   1.6666666666666665        10.000000000000000        0.0000000000000000     
 
   2.0000000000000000        0.0000000000000000        0.0000000000000000     
   2.0000000000000000       0.33333333333333331        5.5853254760102359E-004
   2.0000000000000000       0.66666666666666663        1.1164760243349040E-003
   2.0000000000000000        1.0000000000000000        1.6508854592325920E-003
   2.0000000000000000        1.3333333333333333        2.1821757330989966E-003
   2.0000000000000000        1.6666666666666665        4.1098005846482684E-003
   2.0000000000000000        2.0000000000000000        3.0495790528020580E-003
   2.0000000000000000        2.3333333333333330        7.0464980789943571E-003
   2.0000000000000000        2.6666666666666665        8.3808959995316894E-003
   2.0000000000000000        3.0000000000000000        1.5206518610999762E-002
   2.0000000000000000        3.3333333333333330        1.8976186206986601E-002
   2.0000000000000000        3.6666666666666665        2.1654588058464534E-002
   2.0000000000000000        4.0000000000000000        3.6801835226957839E-002
   2.0000000000000000        4.3333333333333330        3.7110941669169888E-002
   2.0000000000000000        4.6666666666666661        2.0721264084741856E-002
   2.0000000000000000        5.0000000000000000        1.5603597087856214E-002
   2.0000000000000000        5.3333333333333330        0.0000000000000000     
   2.0000000000000000        5.6666666666666661       0.13282583139011353     
   2.0000000000000000        6.0000000000000000        8.2744644653416521E-002
   2.0000000000000000        6.3333333333333330        7.6070577675090040E-002
   2.0000000000000000        6.6666666666666661        7.3916883809691317E-002
   2.0000000000000000        7.0000000000000000        6.8831778280468450E-002
   2.0000000000000000        7.3333333333333330        7.9772271197630490E-004
   2.0000000000000000        7.6666666666666661        1.0180635542790225E-003
   2.0000000000000000        8.0000000000000000        1.5811452851738520E-002
   2.0000000000000000        8.3333333333333321        8.5272120270258218E-003
   2.0000000000000000        8.6666666666666661        4.7593092921554532E-003
   2.0000000000000000        9.0000000000000000        2.7864002216364645E-003
   2.0000000000000000        9.3333333333333321        1.7701614333343869E-003
   2.0000000000000000        9.6666666666666661        3.0981568116536902E-004
   2.0000000000000000        10.000000000000000        0.0000000000000000     
 
   2.3333333333333330        0.0000000000000000        0.0000000000000000     
   2.3333333333333330       0.33333333333333331        9.0560708141901802E-004
   2.3333333333333330       0.66666666666666663        1.8380486846023441E-003
   2.3333333333333330        1.0000000000000000        2.6940547342289931E-003
   2.3333333333333330        1.3333333333333333        8.3768136136236505E-003
   2.3333333333333330        1.6666666666666665        8.9222826591394151E-003
   2.3333333333333330        2.0000000000000000        2.1018234029554550E-002
   2.3333333333333330        2.3333333333333330        2.7748159641367617E-002
   2.3333333333333330        2.6666666666666665        2.7886398467060407E-002
   2.3333333333333330        3.0000000000000000        2.3229219552536935E-002
   2.3333333333333330        3.3333333333333330        2.9769840823776088E-002
   2.3333333333333330        3.6666666666666665        3.6217825830508303E-002
   2.3333333333333330        4.0000000000000000        4.2012059330014839E-002
   2.3333333333333330        4.3333333333333330        5.8369708093541584E-002
   2.3333333333333330        4.6666666666666661       0.13322836160038598     
   2.3333333333333330        5.0000000000000000       0.18578335618535211     
   2.3333333333333330        5.3333333333333330       0.21316504350758275     
   2.3333333333333330        5.6666666666666661       0.19225851181943071     
   2.3333333333333330        6.0000000000000000       0.14068409008221644     
   2.3333333333333330        6.3333333333333330       0.10615480868986654     
   2.3333333333333330        6.6666666666666661       0.11108226880805500     
   2.3333333333333330        7.0000000000000000        9.8225399749353529E-002
   2.3333333333333330        7.3333333333333330        9.7905838341156334E-002
   2.3333333333333330        7.6666666666666661        5.3212715657923688E-002
   2.3333333333333330        8.0000000000000000        2.5546470176568230E-002
   2.3333333333333330        8.3333333333333321        1.1155913362703891E-002
   2.3333333333333330        8.6666666666666661        5.6646132996060862E-003
   2.3333333333333330        9.0000000000000000        3.2095591575104832E-003
   2.3333333333333330        9.3333333333333321        1.7773137244035415E-003
   2.3333333333333330        9.6666666666666661        6.9354906094285526E-004
   2.3333333333333330        10.000000000000000        0.0000000000000000     
 
   2.6666666666666665        0.0000000000000000        0.0000000000000000     
   2.6666666666666665       0.33333333333333331        1.4038098011950014E-003
   2.6666666666666665       0.66666666666666663        2.9896054595930539E-003
   2.6666666666666665        1.0000000000000000        5.0975308754177854E-003
   2.6666666666666665        1.3333333333333333        9.2395195487901868E-003
   2.6666666666666665        1.6666666666666665        1.5715967500627755E-002
   2.6666666666666665        2.0000000000000000        2.4055623171071409E-002
   2.6666666666666665        2.3333333333333330        3.1458255390095356E-002
   2.6666666666666665        2.6666666666666665        3.6128998748829126E-002
   2.6666666666666665        3.0000000000000000        5.2215866161421869E-002
   2.6666666666666665        3.3333333333333330        4.4351515904049087E-002
   2.6666666666666665        3.6666666666666665        5.5717649225570577E-002
   2.6666666666666665        4.0000000000000000        9.2739429483828711E-002
   2.6666666666666665        4.3333333333333330       0.10260975244308010     
   2.6666666666666665        4.6666666666666661       0.14479518965278235     
   2.6666666666666665        5.0000000000000000       0.19783097511419545     
   2.6666666666666665        5.3333333333333330       0.24457663856427597     
   2.6666666666666665        5.6666666666666661       0.24090620818928807     
   2.6666666666666665        6.0000000000000000       0.18559344420404941     
   2.6666666666666665        6.3333333333333330       0.22179799495582958     
   2.6666666666666665        6.6666666666666661       0.17539328799424661     
   2.6666666666666665        7.0000000000000000       0.12402650741724970     
   2.6666666666666665        7.3333333333333330       0.10878305611680691     
   2.6666666666666665        7.6666666666666661        8.7295814595686028E-002
   2.6666666666666665        8.0000000000000000        5.5593041974329972E-003
   2.6666666666666665        8.3333333333333321        6.6838778820771166E-003
   2.6666666666666665        8.6666666666666661        4.5812871093274124E-003
   2.6666666666666665        9.0000000000000000        3.2699799372004697E-003
   2.6666666666666665        9.3333333333333321        1.8284495882899539E-003
   2.6666666666666665        9.6666666666666661        8.4624198977673612E-004
   2.6666666666666665        10.000000000000000        0.0000000000000000     
 
   3.0000000000000000        0.0000000000000000        0.0000000000000000     
   3.0000000000000000       0.33333333333333331        1.9790549830656983E-003
   3.0000000000000000       0.66666666666666663        4.1539060529996175E-003
   3.0000000000000000        1.0000000000000000        6.3355727981583235E-003
   3.0000000000000000        1.3333333333333333        1.9731534763793288E-002
   3.0000000000000000        1.6666666666666665        2.2864202182520294E-002
   3.0000000000000000        2.0000000000000000        3.1160489559468228E-002
   3.0000000000000000        2.3333333333333330        4.1668776575109326E-002
   3.0000000000000000        2.6666666666666665        5.3083538025936426E-002
   3.0000000000000000        3.0000000000000000        6.5130189619543782E-002
   3.0000000000000000        3.3333333333333330       0.10155958419375333     
   3.0000000000000000        3.6666666666666665        9.1687740379083546E-002
   3.0000000000000000        4.0000000000000000       0.11305106921828516     
   3.0000000000000000        4.3333333333333330       0.12411883926393770     
   3.0000000000000000        4.6666666666666661       0.15634187591994100     
   3.0000000000000000        5.0000000000000000       0.22685237128908414     
   3.0000000000000000        5.3333333333333330       0.33563709829709326     
   3.0000000000000000        5.6666666666666661       0.35023947433161007     
   3.0000000000000000        6.0000000000000000       0.37010534518689037     
   3.0000000000000000        6.3333333333333330       0.27915273348062231     
   3.0000000000000000        6.6666666666666661       0.25506334711976791     
   3.0000000000000000        7.0000000000000000       0.17073359402627108     
   3.0000000000000000        7.3333333333333330       0.13637126876552380     
   3.0000000000000000        7.6666666666666661       0.10906551350769253     
   3.0000000000000000        8.0000000000000000        6.6050795068161153E-002
   3.0000000000000000        8.3333333333333321        2.9374663927834855E-003
   3.0000000000000000        8.6666666666666661        3.6268683498338170E-003
   3.0000000000000000        9.0000000000000000        4.1547880287067232E-003
   3.0000000000000000        9.3333333333333321        2.0559604297175592E-003
   3.0000000000000000        9.6666666666666661        1.0559807056732021E-003
   3.0000000000000000        10.000000000000000        0.0000000000000000     
 
   3.3333333333333330        0.0000000000000000        0.0000000000000000     
   3.3333333333333330       0.33333333333333331        2.7036019616303018E-003
   3.3333333333333330       0.66666666666666663        6.0112618331796194E-003
   3.3333333333333330        1.0000000000000000        1.0777687822842946E-002
   3.3333333333333330        1.3333333333333333        1.9274782671788903E-002
   3.3333333333333330        1.6666666666666665        2.7748523933370059E-002
   3.3333333333333330        2.0000000000000000        3.9595893284928643E-002
   3.3333333333333330        2.3333333333333330        5.5165994594765982E-002
   3.3333333333333330        2.6666666666666665        7.4137250607582639E-002
   3.3333333333333330        3.0000000000000000        9.5359922035386083E-002
   3.3333333333333330        3.3333333333333330       0.11796556201430768     
   3.3333333333333330        3.6666666666666665       0.12397454552140746     
   3.3333333333333330        4.0000000000000000       0.14313278028840867     
   3.3333333333333330        4.3333333333333330       0.13505309649228964     
   3.3333333333333330        4.6666666666666661       0.14023340597513309     
   3.3333333333333330        5.0000000000000000       0.61064324320098406     
   3.3333333333333330        5.3333333333333330       0.52584515641262963     
   3.3333333333333330        5.6666666666666661       0.47885382802323395     
   3.3333333333333330        6.0000000000000000       0.46671440540671116     
   3.3333333333333330        6.3333333333333330       0.40088879782320602     
   3.3333333333333330        6.6666666666666661       0.32016158666545841     
   3.3333333333333330        7.0000000000000000       0.21621734311480945     
   3.3333333333333330        7.3333333333333330       0.16778401055024425     
   3.3333333333333330        7.6666666666666661       0.11376123877273160     
   3.3333333333333330        8.0000000000000000        7.4440629944011225E-002
   3.3333333333333330        8.3333333333333321        2.5298913424431867E-002
   3.3333333333333330        8.6666666666666661        1.0010878077360938E-002
   3.3333333333333330        9.0000000000000000        6.4402049404621133E-003
   3.3333333333333330        9.3333333333333321        3.4966333431953977E-003
   3.3333333333333330        9.6666666666666661        1.5535316635904462E-003
   3.3333333333333330        10.000000000000000        0.0000000000000000     
 
   3.6666666666666665        0.0000000000000000        0.0000000000000000     
   3.6666666666666665       0.33333333333333331        3.2699094130110833E-003
   3.6666666666666665       0.66666666666666663        7.3515958362124620E-003
   3.6666666666666665        1.0000000000000000        1.3044454763713792E-002
   3.6666666666666665        1.3333333333333333        2.1344033210153979E-002
   3.6666666666666665        1.6666666666666665        3.2449218571794232E-002
   3.6666666666666665        2.0000000000000000        4.8227510646510284E-002
   3.6666666666666665        2.3333333333333330        6.9881414057661365E-002
   3.6666666666666665        2.6666666666666665        9.8151189042502487E-002
   3.6666666666666665        3.0000000000000000       0.12991916414416138     
   3.6666666666666665        3.3333333333333330       0.15720825656683360     
   3.6666666666666665        3.6666666666666665       0.16866886442440709     
   3.6666666666666665        4.0000000000000000       0.16088485190732957     
   3.6666666666666665        4.3333333333333330       0.14313278028840867     
   3.6666666666666665        4.6666666666666661       0.76864694104957521     
   3.6666666666666665        5.0000000000000000       0.68818726805359631     
   3.6666666666666665        5.3333333333333330       0.67295994725589481     
   3.6666666666666665        5.6666666666666661       0.57047432110443952     
   3.6666666666666665        6.0000000000000000       0.55025786724154291     
   3.6666666666666665        6.3333333333333330       0.48432798251799997     
   3.6666666666666665        6.6666666666666661       0.41496829617309139     
   3.6666666666666665        7.0000000000000000       0.27407627789586442     
   3.6666666666666665        7.3333333333333330       0.21553809183344791     
   3.6666666666666665        7.6666666666666661        4.5500845104677154E-002
   3.6666666666666665        8.0000000000000000        5.1869421478663510E-002
   3.6666666666666665        8.3333333333333321        2.9411247355777000E-002
   3.6666666666666665        8.6666666666666661        1.5400794162289150E-002
   3.6666666666666665        9.0000000000000000        9.3337926877593031E-003
   3.6666666666666665        9.3333333333333321        4.6409572335259887E-003
   3.6666666666666665        9.6666666666666661        1.9851932561596938E-003
   3.6666666666666665        10.000000000000000        0.0000000000000000     
 
   4.0000000000000000        0.0000000000000000        0.0000000000000000     
   4.0000000000000000       0.33333333333333331        3.5467708641076551E-003
   4.0000000000000000       0.66666666666666663        8.1921737680268458E-003
   4.0000000000000000        1.0000000000000000        1.4510131447319483E-002
   4.0000000000000000        1.3333333333333333        2.3229731835479120E-002
   4.0000000000000000        1.6666666666666665        3.5895294971134889E-002
   4.0000000000000000        2.0000000000000000        5.5192451207173032E-002
   4.0000000000000000        2.3333333333333330        8.2886302977267234E-002
   4.0000000000000000        2.6666666666666665       0.12404392004446363     
   4.0000000000000000        3.0000000000000000       0.17451819728559009     
   4.0000000000000000        3.3333333333333330       0.21786435913846225     
   4.0000000000000000        3.6666666666666665       0.23862731245174706     
   4.0000000000000000        4.0000000000000000       0.19670382183500942     
   4.0000000000000000        4.3333333333333330       0.88293840201223084     
   4.0000000000000000        4.6666666666666661       0.83537403672274302     
   4.0000000000000000        5.0000000000000000       0.98615929244052247     
   4.0000000000000000        5.3333333333333330       0.88847075847690371     
   4.0000000000000000        5.6666666666666661       0.78774061902298165     
   4.0000000000000000        6.0000000000000000       0.67073408729452344     
   4.0000000000000000        6.3333333333333330       0.56752456185667721     
   4.0000000000000000        6.6666666666666661       0.44176601513272079     
   4.0000000000000000        7.0000000000000000       0.34155125216093563     
   4.0000000000000000        7.3333333333333330       0.16744034641086503     
   4.0000000000000000        7.6666666666666661        8.0575065650688366E-002
   4.0000000000000000        8.0000000000000000        6.4619148895375914E-002
   4.0000000000000000        8.3333333333333321        3.6888529926121266E-002
   4.0000000000000000        8.6666666666666661        1.6634193473153727E-002
   4.0000000000000000        9.0000000000000000        1.2516934621369966E-002
   4.0000000000000000        9.3333333333333321        4.0809668610783043E-003
   4.0000000000000000        9.6666666666666661        2.1426593959367889E-003
   4.0000000000000000        10.000000000000000        0.0000000000000000     
 
   4.3333333333333330        0.0000000000000000        0.0000000000000000     
   4.3333333333333330       0.33333333333333331        3.2837978803187465E-003
   4.3333333333333330       0.66666666666666663        8.5818840892868155E-003
   4.3333333333333330        1.0000000000000000        1.5553752356204988E-002
   4.3333333333333330        1.3333333333333333        2.3944284321633407E-002
   4.3333333333333330        1.6666666666666665        3.6297202991075382E-002
   4.3333333333333330        2.0000000000000000        5.8154488591926914E-002
   4.3333333333333330        2.3333333333333330        8.7460632431365315E-002
   4.3333333333333330        2.6666666666666665       0.14585067793344011     
   4.3333333333333330        3.0000000000000000       0.23101902529677246     
   4.3333333333333330        3.3333333333333330       0.30471403401662278     
   4.3333333333333330        3.6666666666666665       0.37434342674594340     
   4.3333333333333330        4.0000000000000000       0.87077978373195686     
   4.3333333333333330        4.3333333333333330       0.90240037550421703     
   4.3333333333333330        4.6666666666666661        1.0495750148470557     
   4.3333333333333330        5.0000000000000000        1.0210758548663454     
   4.3333333333333330        5.3333333333333330       0.95734838845501813     
   4.3333333333333330        5.6666666666666661       0.86795468039032031     
   4.3333333333333330        6.0000000000000000       0.75457861298241236     
   4.3333333333333330        6.3333333333333330       0.66114067157356171     
   4.3333333333333330        6.6666666666666661       0.42690191810522210     
   4.3333333333333330        7.0000000000000000       0.31359275989581170     
   4.3333333333333330        7.3333333333333330       0.17658373842467567     
   4.3333333333333330        7.6666666666666661       0.10397886181320065     
   4.3333333333333330        8.0000000000000000        6.8334317260989763E-002
   4.3333333333333330        8.3333333333333321        4.1811969287353784E-002
   4.3333333333333330        8.6666666666666661        2.3371603914651373E-002
   4.3333333333333330        9.0000000000000000        1.3686269583772540E-002
   4.3333333333333330        9.3333333333333321        6.7741580689200465E-003
   4.3333333333333330        9.6666666666666661        2.9151060649830977E-003
   4.3333333333333330        10.000000000000000        0.0000000000000000     
 
   4.6666666666666661        0.0000000000000000        0.0000000000000000     
   4.6666666666666661       0.33333333333333331        1.5247561771361091E-003
   4.6666666666666661       0.66666666666666663        1.4937807354467366E-002
   4.6666666666666661        1.0000000000000000        1.7341303381908566E-002
   4.6666666666666661        1.3333333333333333        2.3611332492832426E-002
   4.6666666666666661        1.6666666666666665        3.0865224625406657E-002
   4.6666666666666661        2.0000000000000000        5.7764043028291620E-002
   4.6666666666666661        2.3333333333333330        6.8070632825992461E-002
   4.6666666666666661        2.6666666666666665       0.29675346534327746     
   4.6666666666666661        3.0000000000000000       0.30267494854138821     
   4.6666666666666661        3.3333333333333330       0.39558427684962100     
   4.6666666666666661        3.6666666666666665       0.57524666000336344     
   4.6666666666666661        4.0000000000000000       0.80134795468626296     
   4.6666666666666661        4.3333333333333330       0.91500845378775320     
   4.6666666666666661        4.6666666666666661        1.0064249958316058     
   4.6666666666666661        5.0000000000000000        1.0230206707285454     
   4.6666666666666661        5.3333333333333330       0.99225083279567505     
   4.6666666666666661        5.6666666666666661       0.92429704401984791     
   4.6666666666666661        6.0000000000000000       0.78534325659432780     
   4.6666666666666661        6.3333333333333330       0.63946269276009904     
   4.6666666666666661        6.6666666666666661       0.53830578856663536     
   4.6666666666666661        7.0000000000000000       0.11945944696801028     
   4.6666666666666661        7.3333333333333330       0.12910181036871202     
   4.6666666666666661        7.6666666666666661        9.8044892593581429E-002
   4.6666666666666661        8.0000000000000000        6.9581916968100649E-002
   4.6666666666666661        8.3333333333333321        4.3642567169495133E-002
   4.6666666666666661        8.6666666666666661        2.4623543816514933E-002
   4.6666666666666661        9.0000000000000000        1.4244093354236513E-002
   4.6666666666666661        9.3333333333333321        7.5778206333520582E-003
   4.6666666666666661        9.6666666666666661        3.2733528707560638E-003
   4.6666666666666661        10.000000000000000        0.0000000000000000     
 
   5.0000000000000000        0.0000000000000000        0.0000000000000000     
   5.0000000000000000       0.33333333333333331        1.5457168887635709E-003
   5.0000000000000000       0.66666666666666663        1.3308794165786127E-002
   5.0000000000000000        1.0000000000000000        1.7792116131768735E-002
   5.0000000000000000        1.3333333333333333        2.5361349537578990E-002
   5.0000000000000000        1.6666666666666665        3.6296801867955003E-002
   5.0000000000000000        2.0000000000000000        5.2881218254411638E-002
   5.0000000000000000        2.3333333333333330        6.4471722579673929E-002
   5.0000000000000000        2.6666666666666665       0.28067742434558740     
   5.0000000000000000        3.0000000000000000       0.29111973978696243     
   5.0000000000000000        3.3333333333333330       0.73659201797107632     
   5.0000000000000000        3.6666666666666665       0.71263421029333529     
   5.0000000000000000        4.0000000000000000       0.80923347368390752     
   5.0000000000000000        4.3333333333333330       0.90210914250720764     
   5.0000000000000000        4.6666666666666661       0.97361843762892086     
   5.0000000000000000        5.0000000000000000        1.0034194166968542     
   5.0000000000000000        5.3333333333333330       0.99872895741746637     
   5.0000000000000000        5.6666666666666661       0.99514881752245810     
   5.0000000000000000        6.0000000000000000       0.55284748651567039     
   5.0000000000000000        6.3333333333333330       0.55298036040022591     
   5.0000000000000000        6.6666666666666661       0.31874191189836554     
   5.0000000000000000        7.0000000000000000       0.16517810687590226     
   5.0000000000000000        7.3333333333333330       0.13112377754801652     
   5.0000000000000000        7.6666666666666661        9.7511997820977275E-002
   5.0000000000000000        8.0000000000000000        7.5137008416592668E-002
   5.0000000000000000        8.3333333333333321        2.5666368045040279E-002
   5.0000000000000000        8.6666666666666661        2.0631794755577089E-002
   5.0000000000000000        9.0000000000000000        1.3309976545242191E-002
   5.0000000000000000        9.3333333333333321        7.3074744233809922E-003
   5.0000000000000000        9.6666666666666661        3.1881727712454811E-003
   5.0000000000000000        10.000000000000000        0.0000000000000000     
 
   5.3333333333333330        0.0000000000000000        0.0000000000000000     
   5.3333333333333330       0.33333333333333331        3.3752248636280606E-003
   5.3333333333333330       0.66666666666666663        1.0908542106504673E-002
   5.3333333333333330        1.0000000000000000        1.7730484326188106E-002
   5.3333333333333330        1.3333333333333333        2.6999754759800241E-002
   5.3333333333333330        1.6666666666666665        4.0155672647098989E-002
   5.3333333333333330        2.0000000000000000        5.8110821229698732E-002
   5.3333333333333330        2.3333333333333330        7.8031095328328900E-002
   5.3333333333333330        2.6666666666666665       0.25175668248309341     
   5.3333333333333330        3.0000000000000000       0.29786368750836978     
   5.3333333333333330        3.3333333333333330       0.64142572405000697     
   5.3333333333333330        3.6666666666666665       0.70508546779468750     
   5.3333333333333330        4.0000000000000000       0.78549488517302490     
   5.3333333333333330        4.3333333333333330       0.86258887488226665     
   5.3333333333333330        4.6666666666666661       0.92208253081008862     
   5.3333333333333330        5.0000000000000000       0.95131111098215415     
   5.3333333333333330        5.3333333333333330       0.93636984780270516     
   5.3333333333333330        5.6666666666666661       0.61057610304866028     
   5.3333333333333330        6.0000000000000000       0.54325716224555454     
   5.3333333333333330        6.3333333333333330       0.45609247370618999     
   5.3333333333333330        6.6666666666666661       0.32616066342379701     
   5.3333333333333330        7.0000000000000000       0.20831880358141602     
   5.3333333333333330        7.3333333333333330       0.14158809175906087     
   5.3333333333333330        7.6666666666666661        9.3870980226792314E-002
   5.3333333333333330        8.0000000000000000        6.5607721394618498E-002
   5.3333333333333330        8.3333333333333321        3.4365824420513044E-002
   5.3333333333333330        8.6666666666666661        2.2007903638303575E-002
   5.3333333333333330        9.0000000000000000        1.3201762929782507E-002
   5.3333333333333330        9.3333333333333321        6.4170336663617296E-003
   5.3333333333333330        9.6666666666666661        2.7505236450609621E-003
   5.3333333333333330        10.000000000000000        0.0000000000000000     
 
   5.6666666666666661        0.0000000000000000        0.0000000000000000     
   5.6666666666666661       0.33333333333333331        1.5964254833256493E-003
   5.6666666666666661       0.66666666666666663        3.3719822024566499E-003
   5.6666666666666661        1.0000000000000000        1.7106122654317258E-002
   5.6666666666666661        1.3333333333333333        2.8087481603154316E-002
   5.6666666666666661        1.6666666666666665        4.3484338970090269E-002
   5.6666666666666661        2.0000000000000000        6.6581914384753013E-002
   5.6666666666666661        2.3333333333333330       0.11730017563286473     
   5.6666666666666661        2.6666666666666665       0.21344933741251126     
   5.6666666666666661        3.0000000000000000       0.35774580992978333     
   5.6666666666666661        3.3333333333333330       0.56507372868663019     
   5.6666666666666661        3.6666666666666665       0.66016064116290363     
   5.6666666666666661        4.0000000000000000       0.73390676918331521     
   5.6666666666666661        4.3333333333333330       0.79784242123875948     
   5.6666666666666661        4.6666666666666661       0.84723962571084632     
   5.6666666666666661        5.0000000000000000       0.88291017042966047     
   5.6666666666666661        5.3333333333333330       0.79871459898783936     
   5.6666666666666661        5.6666666666666661       0.65894830910753488     
   5.6666666666666661        6.0000000000000000       0.40435738815618344     
   5.6666666666666661        6.3333333333333330       0.39833530093788677     
   5.6666666666666661        6.6666666666666661       0.22140937482118625     
   5.6666666666666661        7.0000000000000000       0.13873022213503786     
   5.6666666666666661        7.3333333333333330        8.2569834768943098E-002
   5.6666666666666661        7.6666666666666661        7.8513568813140908E-002
   5.6666666666666661        8.0000000000000000        3.2234683910204905E-002
   5.6666666666666661        8.3333333333333321        2.8531623574289698E-002
   5.6666666666666661        8.6666666666666661        2.3062454204723130E-002
   5.6666666666666661        9.0000000000000000        2.9203221949013177E-003
   5.6666666666666661        9.3333333333333321        3.5355328303466166E-003
   5.6666666666666661        9.6666666666666661        1.9066442284936870E-003
   5.6666666666666661        10.000000000000000        0.0000000000000000     
 
   6.0000000000000000        0.0000000000000000        0.0000000000000000     
   6.0000000000000000       0.33333333333333331        1.6915195788127617E-003
   6.0000000000000000       0.66666666666666663        3.9949358012162572E-003
   6.0000000000000000        1.0000000000000000        8.3976003556297425E-003
   6.0000000000000000        1.3333333333333333        0.0000000000000000     
   6.0000000000000000        1.6666666666666665        4.7228975719046641E-002
   6.0000000000000000        2.0000000000000000        5.2839071099694442E-002
   6.0000000000000000        2.3333333333333330       0.10025903059979990     
   6.0000000000000000        2.6666666666666665       0.13352284293474659     
   6.0000000000000000        3.0000000000000000       0.59359634457127353     
   6.0000000000000000        3.3333333333333330       0.59471485417035252     
   6.0000000000000000        3.6666666666666665       0.62222716695286284     
   6.0000000000000000        4.0000000000000000       0.66841042703526399     
   6.0000000000000000        4.3333333333333330       0.71392718607146466     
   6.0000000000000000        4.6666666666666661       0.74316202014038002     
   6.0000000000000000        5.0000000000000000       0.65261533308313757     
   6.0000000000000000        5.3333333333333330       0.67335964874421939     
   6.0000000000000000        5.6666666666666661       0.54060048394597526     
   6.0000000000000000        6.0000000000000000       0.40929134872530043     
   6.0000000000000000        6.3333333333333330       0.33418069615307139     
   6.0000000000000000        6.6666666666666661       0.22899049533339319     
   6.0000000000000000        7.0000000000000000       0.14684469651259041     
   6.0000000000000000        7.3333333333333330        9.3822219420709382E-002
   6.0000000000000000        7.6666666666666661        6.6251939414977423E-002
   6.0000000000000000        8.0000000000000000        4.0247052691352501E-002
   6.0000000000000000        8.3333333333333321        2.8445569415860749E-002
   6.0000000000000000        8.6666666666666661        2.2118765953949546E-002
   6.0000000000000000        9.0000000000000000        5.4879648058389092E-003
   6.0000000000000000        9.3333333333333321        3.5863369562691696E-003
   6.0000000000000000        9.6666666666666661        1.7170270249287584E-003
   6.0000000000000000        10.000000000000000        0.0000000000000000     
 
   6.3333333333333330        0.0000000000000000        0.0000000000000000     
   6.3333333333333330       0.33333333333333331        1.4767365333913981E-003
   6.3333333333333330       0.66666666666666663        3.1964109365201854E-003
   6.3333333333333330        1.0000000000000000        5.3528959425968633E-003
   6.3333333333333330        1.3333333333333333        1.4257447091567095E-002
   6.3333333333333330        1.6666666666666665        3.7164158126403064E-002
   6.3333333333333330        2.0000000000000000        5.0295827494106105E-002
   6.3333333333333330        2.3333333333333330        7.4469778209365206E-002
   6.3333333333333330        2.6666666666666665        9.4358048266857314E-002
   6.3333333333333330        3.0000000000000000        9.2005832329366308E-002
   6.3333333333333330        3.3333333333333330       0.55493532574992488     
   6.3333333333333330        3.6666666666666665       0.55780243888819414     
   6.3333333333333330        4.0000000000000000       0.58881090127555680     
   6.3333333333333330        4.3333333333333330       0.62415608158530167     
   6.3333333333333330        4.6666666666666661       0.64070509939890696     
   6.3333333333333330        5.0000000000000000       0.60958358874498020     
   6.3333333333333330        5.3333333333333330       0.39000477910160786     
   6.3333333333333330        5.6666666666666661       0.40494092409657934     
   6.3333333333333330        6.0000000000000000       0.35441559991383370     
   6.3333333333333330        6.3333333333333330       0.30169391214906982     
   6.3333333333333330        6.6666666666666661       0.21934998487766827     
   6.3333333333333330        7.0000000000000000       0.13290226833974211     
   6.3333333333333330        7.3333333333333330        8.6423887993979209E-002
   6.3333333333333330        7.6666666666666661        5.8544940070332140E-002
   6.3333333333333330        8.0000000000000000        3.8770624611265597E-002
   6.3333333333333330        8.3333333333333321        2.6781834677208124E-002
   6.3333333333333330        8.6666666666666661        1.8183455587766271E-002
   6.3333333333333330        9.0000000000000000        8.4233213776344056E-003
   6.3333333333333330        9.3333333333333321        4.3067899327085216E-003
   6.3333333333333330        9.6666666666666661        1.7214143472291075E-003
   6.3333333333333330        10.000000000000000        0.0000000000000000     
 
   6.6666666666666661        0.0000000000000000        0.0000000000000000     
   6.6666666666666661       0.33333333333333331        1.2958594453821770E-003
   6.6666666666666661       0.66666666666666663        2.5334553271098522E-003
   6.6666666666666661        1.0000000000000000        1.1628584308532100E-002
   6.6666666666666661        1.3333333333333333        1.6817212784840982E-002
   6.6666666666666661        1.6666666666666665        2.8851062095849509E-002
   6.6666666666666661        2.0000000000000000        4.2359384647558465E-002
   6.6666666666666661        2.3333333333333330        5.9851973275024818E-002
   6.6666666666666661        2.6666666666666665        8.2707825004091892E-002
   6.6666666666666661        3.0000000000000000       0.10192231204573569     
   6.6666666666666661        3.3333333333333330       0.33974025159890764     
   6.6666666666666661        3.6666666666666665       0.46417003081349489     
   6.6666666666666661        4.0000000000000000       0.49878771980716158     
   6.6666666666666661        4.3333333333333330       0.54164131097248225     
   6.6666666666666661        4.6666666666666661       0.57034746381557022     
   6.6666666666666661        5.0000000000000000       0.52040070954246498     
   6.6666666666666661        5.3333333333333330       0.37386112725867160     
   6.6666666666666661        5.6666666666666661       0.33098507164634294     
   6.6666666666666661        6.0000000000000000       0.30159893112124742     
   6.6666666666666661        6.3333333333333330       0.11731819879425595     
   6.6666666666666661        6.6666666666666661        8.1321819928569988E-002
   6.6666666666666661        7.0000000000000000        8.5508767930049356E-002
   6.6666666666666661        7.3333333333333330        6.6709395882285985E-002
   6.6666666666666661        7.6666666666666661        4.8271923207974625E-002
   6.6666666666666661        8.0000000000000000        3.4029296035628737E-002
   6.6666666666666661        8.3333333333333321        2.5377331070016364E-002
   6.6666666666666661        8.6666666666666661        8.0014226342226009E-003
   6.6666666666666661        9.0000000000000000        7.1765969815920407E-003
   6.6666666666666661        9.3333333333333321        2.1523127529628340E-003
   6.6666666666666661        9.6666666666666661        1.2058907164547049E-003
   6.6666666666666661        10.000000000000000        0.0000000000000000     
 
   7.0000000000000000        0.0000000000000000        0.0000000000000000     
   7.0000000000000000       0.33333333333333331        1.4314862363591654E-003
   7.0000000000000000       0.66666666666666663        3.6013673297660459E-003
   7.0000000000000000        1.0000000000000000        8.5141137539701019E-003
   7.0000000000000000        1.3333333333333333        1.5298920628979626E-002
   7.0000000000000000        1.6666666666666665        2.3119185777577333E-002
   7.0000000000000000        2.0000000000000000        3.5683341752143501E-002
   7.0000000000000000        2.3333333333333330        4.6369826935026642E-002
   7.0000000000000000        2.6666666666666665       0.10791104735885065     
   7.0000000000000000        3.0000000000000000       0.14060296124071928     
   7.0000000000000000        3.3333333333333330       0.22382967846333193     
   7.0000000000000000        3.6666666666666665       0.32238972623905982     
   7.0000000000000000        4.0000000000000000       0.40158413568148948     
   7.0000000000000000        4.3333333333333330       0.46994554831454444     
   7.0000000000000000        4.6666666666666661        9.0968294765169169E-002
   7.0000000000000000        5.0000000000000000       0.20563023189575197     
   7.0000000000000000        5.3333333333333330       0.25386218901031260     
   7.0000000000000000        5.6666666666666661       0.24476831358669235     
   7.0000000000000000        6.0000000000000000       0.22196631754142521     
   7.0000000000000000        6.3333333333333330       0.12460180790054608     
   7.0000000000000000        6.6666666666666661        8.3720920299174897E-002
   7.0000000000000000        7.0000000000000000        6.7439445969350170E-002
   7.0000000000000000        7.3333333333333330        5.2445696465042262E-002
   7.0000000000000000        7.6666666666666661        3.8835865949535482E-002
   7.0000000000000000        8.0000000000000000        2.7868007012537551E-002
   7.0000000000000000        8.3333333333333321        1.8817435338598709E-002
   7.0000000000000000        8.6666666666666661        1.0301253191038280E-002
   7.0000000000000000        9.0000000000000000        6.4424333219629155E-003
   7.0000000000000000        9.3333333333333321        3.5542077653145745E-003
   7.0000000000000000        9.6666666666666661        4.0685852851446972E-004
   7.0000000000000000        10.000000000000000        0.0000000000000000     
 
   7.3333333333333330        0.0000000000000000        0.0000000000000000     
   7.3333333333333330       0.33333333333333331        1.1188485938065614E-003
   7.3333333333333330       0.66666666666666663        2.6251020941593052E-003
   7.3333333333333330        1.0000000000000000        5.0743444850075365E-003
   7.3333333333333330        1.3333333333333333        1.2400982699663603E-002
   7.3333333333333330        1.6666666666666665        1.6157182928456651E-002
   7.3333333333333330        2.0000000000000000        3.5130162223037747E-002
   7.3333333333333330        2.3333333333333330        4.9297047001408044E-002
   7.3333333333333330        2.6666666666666665        8.4627296511907812E-002
   7.3333333333333330        3.0000000000000000       0.13894062287043435     
   7.3333333333333330        3.3333333333333330       0.20177613077379880     
   7.3333333333333330        3.6666666666666665       0.25393413951538818     
   7.3333333333333330        4.0000000000000000       0.32238972623905982     
   7.3333333333333330        4.3333333333333330        9.0968294765169169E-002
   7.3333333333333330        4.6666666666666661        9.9011687980719396E-002
   7.3333333333333330        5.0000000000000000       0.16443919482301234     
   7.3333333333333330        5.3333333333333330       0.19619371207709885     
   7.3333333333333330        5.6666666666666661       0.17704465842744116     
   7.3333333333333330        6.0000000000000000        7.3200394090146517E-002
   7.3333333333333330        6.3333333333333330        8.1891984693506018E-002
   7.3333333333333330        6.6666666666666661        6.7931923129546851E-002
   7.3333333333333330        7.0000000000000000        5.4064818309305977E-002
   7.3333333333333330        7.3333333333333330        4.2117493931804438E-002
   7.3333333333333330        7.6666666666666661        3.1259261627726839E-002
   7.3333333333333330        8.0000000000000000        2.3448325963388948E-002
   7.3333333333333330        8.3333333333333321        1.4484085460485982E-002
   7.3333333333333330        8.6666666666666661        9.6864167242713024E-003
   7.3333333333333330        9.0000000000000000        5.9342942711004439E-003
   7.3333333333333330        9.3333333333333321        2.7783323124418555E-003
   7.3333333333333330        9.6666666666666661        9.0282668319120610E-004
   7.3333333333333330        10.000000000000000        0.0000000000000000     
 
   7.6666666666666661        0.0000000000000000        0.0000000000000000     
   7.6666666666666661       0.33333333333333331        6.5430559358090382E-004
   7.6666666666666661       0.66666666666666663        1.2399723201615149E-003
   7.6666666666666661        1.0000000000000000        9.0896111017927765E-003
   7.6666666666666661        1.3333333333333333        1.1012624224511058E-002
   7.6666666666666661        1.6666666666666665        1.5757860825286556E-002
   7.6666666666666661        2.0000000000000000        2.5790612852557640E-002
   7.6666666666666661        2.3333333333333330        3.6933193472455904E-002
   7.6666666666666661        2.6666666666666665        5.0323138430258318E-002
   7.6666666666666661        3.0000000000000000        3.6448310065559680E-002
   7.6666666666666661        3.3333333333333330       0.11910043022738308     
   7.6666666666666661        3.6666666666666665       0.18079988119139090     
   7.6666666666666661        4.0000000000000000        1.3150423510750362E-002
   7.6666666666666661        4.3333333333333330        4.1099801519551782E-002
   7.6666666666666661        4.6666666666666661        5.7159317584332660E-002
   7.6666666666666661        5.0000000000000000        2.4808096818839494E-002
   7.6666666666666661        5.3333333333333330        8.9747599500161757E-002
   7.6666666666666661        5.6666666666666661        9.6493257695748472E-002
   7.6666666666666661        6.0000000000000000        7.0931774398632561E-002
   7.6666666666666661        6.3333333333333330        6.8264619559906120E-002
   7.6666666666666661        6.6666666666666661        5.8207429300478883E-002
   7.6666666666666661        7.0000000000000000        4.4353954012529360E-002
   7.6666666666666661        7.3333333333333330        3.5542608235883122E-002
   7.6666666666666661        7.6666666666666661        2.4611013737414943E-002
   7.6666666666666661        8.0000000000000000        6.7058385463706445E-003
   7.6666666666666661        8.3333333333333321        8.2379635270794400E-003
   7.6666666666666661        8.6666666666666661        2.1307252928079463E-003
   7.6666666666666661        9.0000000000000000        1.1484533589929773E-003
   7.6666666666666661        9.3333333333333321        1.2781417227460314E-003
   7.6666666666666661        9.6666666666666661        6.1609282775209597E-004
   7.6666666666666661        10.000000000000000        0.0000000000000000     
 
   8.0000000000000000        0.0000000000000000        0.0000000000000000     
   8.0000000000000000       0.33333333333333331        4.0436845793885242E-004
   8.0000000000000000       0.66666666666666663        7.1172794487877299E-004
   8.0000000000000000        1.0000000000000000        7.3514391384915077E-003
   8.0000000000000000        1.3333333333333333        8.9614432151935604E-003
   8.0000000000000000        1.6666666666666665        1.2820296233706971E-002
   8.0000000000000000        2.0000000000000000        1.9223757635281252E-002
   8.0000000000000000        2.3333333333333330        2.7260435662329288E-002
   8.0000000000000000        2.6666666666666665        3.5374717138456593E-002
   8.0000000000000000        3.0000000000000000        4.1895076926092720E-002
   8.0000000000000000        3.3333333333333330        6.7140140930365633E-002
   8.0000000000000000        3.6666666666666665        1.3150423510750362E-002
   8.0000000000000000        4.0000000000000000        1.5433144219577236E-002
   8.0000000000000000        4.3333333333333330        2.9887909363180434E-002
   8.0000000000000000        4.6666666666666661        3.7082658857628452E-002
   8.0000000000000000        5.0000000000000000        2.8825239480762821E-002
   8.0000000000000000        5.3333333333333330        3.9466394787107922E-002
   8.0000000000000000        5.6666666666666661        5.4412012498949072E-002
   8.0000000000000000        6.0000000000000000        5.1827296827194738E-002
   8.0000000000000000        6.3333333333333330        0.0000000000000000     
   8.0000000000000000        6.6666666666666661        3.0151613784053784E-002
   8.0000000000000000        7.0000000000000000        3.4816042007476775E-002
   8.0000000000000000        7.3333333333333330        6.7132679160926646E-003
   8.0000000000000000        7.6666666666666661        1.0363463467309748E-002
   8.0000000000000000        8.0000000000000000        6.4184903444541412E-003
   8.0000000000000000        8.3333333333333321        4.9667527895326923E-003
   8.0000000000000000        8.6666666666666661        2.6113109247787088E-003
   8.0000000000000000        9.0000000000000000        1.2856725670678710E-003
   8.0000000000000000        9.3333333333333321        8.5017261732058761E-004
   8.0000000000000000        9.6666666666666661        4.2123572167334343E-004
   8.0000000000000000        10.000000000000000        0.0000000000000000     
 
   8.3333333333333321        0.0000000000000000        0.0000000000000000     
   8.3333333333333321       0.33333333333333331        3.4850089157942256E-004
   8.3333333333333321       0.66666666666666663        6.6000876757042640E-004
   8.3333333333333321        1.0000000000000000        4.1214701731475296E-003
   8.3333333333333321        1.3333333333333333        6.4845610969056638E-003
   8.3333333333333321        1.6666666666666665        9.6970961178094849E-003
   8.3333333333333321        2.0000000000000000        1.4200650533445023E-002
   8.3333333333333321        2.3333333333333330        2.1624978242148544E-002
   8.3333333333333321        2.6666666666666665        2.6973842096353413E-002
   8.3333333333333321        3.0000000000000000        3.4248786814787116E-002
   8.3333333333333321        3.3333333333333330        4.7647405268307255E-002
   8.3333333333333321        3.6666666666666665        6.6990012263073084E-003
   8.3333333333333321        4.0000000000000000        7.9952528594331666E-003
   8.3333333333333321        4.3333333333333330        1.4632015132378345E-003
   8.3333333333333321        4.6666666666666661        9.9070093525600476E-004
   8.3333333333333321        5.0000000000000000        2.5289520887502789E-002
   8.3333333333333321        5.3333333333333330        2.8829255502456227E-002
   8.3333333333333321        5.6666666666666661        3.4785988041944119E-002
   8.3333333333333321        6.0000000000000000        3.5200409300074460E-002
   8.3333333333333321        6.3333333333333330        1.0455264734614665E-002
   8.3333333333333321        6.6666666666666661        0.0000000000000000     
   8.3333333333333321        7.0000000000000000        3.0640751057245479E-003
   8.3333333333333321        7.3333333333333330        4.2400443503556639E-003
   8.3333333333333321        7.6666666666666661        5.3468505158646689E-003
   8.3333333333333321        8.0000000000000000        4.7973032058661030E-003
   8.3333333333333321        8.3333333333333321        3.5413134316548268E-003
   8.3333333333333321        8.6666666666666661        7.8160056958329418E-004
   8.3333333333333321        9.0000000000000000        8.2636544562861151E-004
   8.3333333333333321        9.3333333333333321        6.1451260212153319E-004
   8.3333333333333321        9.6666666666666661        3.1877445284751992E-004
   8.3333333333333321        10.000000000000000        0.0000000000000000     
 
   8.6666666666666661        0.0000000000000000        0.0000000000000000     
   8.6666666666666661       0.33333333333333331        4.1809517830439539E-004
   8.6666666666666661       0.66666666666666663        1.0853372760426573E-003
   8.6666666666666661        1.0000000000000000        2.6923893041794701E-003
   8.6666666666666661        1.3333333333333333        4.5299993276873198E-003
   8.6666666666666661        1.6666666666666665        7.1784892861490642E-003
   8.6666666666666661        2.0000000000000000        8.8061379261415405E-003
   8.6666666666666661        2.3333333333333330        1.3774939896897648E-002
   8.6666666666666661        2.6666666666666665        2.0873205144282665E-002
   8.6666666666666661        3.0000000000000000        2.5471701395333154E-002
   8.6666666666666661        3.3333333333333330        0.0000000000000000     
   8.6666666666666661        3.6666666666666665        2.0440124292391455E-003
   8.6666666666666661        4.0000000000000000        3.2815288848826517E-003
   8.6666666666666661        4.3333333333333330        1.8153787089014016E-003
   8.6666666666666661        4.6666666666666661        1.2491690367143564E-003
   8.6666666666666661        5.0000000000000000        1.6780243338668184E-002
   8.6666666666666661        5.3333333333333330        1.9406111600190117E-002
   8.6666666666666661        5.6666666666666661        2.4659605743536310E-002
   8.6666666666666661        6.0000000000000000        2.3010254410080276E-002
   8.6666666666666661        6.3333333333333330        1.2180786789700965E-002
   8.6666666666666661        6.6666666666666661        2.4058459286189012E-003
   8.6666666666666661        7.0000000000000000        2.5256400324517262E-003
   8.6666666666666661        7.3333333333333330        2.6475492343296190E-003
   8.6666666666666661        7.6666666666666661        2.9530321955351670E-003
   8.6666666666666661        8.0000000000000000        1.1472336699679087E-003
   8.6666666666666661        8.3333333333333321        1.5686800220135202E-003
   8.6666666666666661        8.6666666666666661        9.3351035392579690E-004
   8.6666666666666661        9.0000000000000000        2.0266559536070807E-004
   8.6666666666666661        9.3333333333333321        9.9392939553891123E-005
   8.6666666666666661        9.6666666666666661        0.0000000000000000     
   8.6666666666666661        10.000000000000000        0.0000000000000000     
 
   9.0000000000000000        0.0000000000000000        0.0000000000000000     
   9.0000000000000000       0.33333333333333331        3.4530077406268151E-004
   9.0000000000000000       0.66666666666666663        8.3822272239982064E-004
   9.0000000000000000        1.0000000000000000        1.6618386710598051E-003
   9.0000000000000000        1.3333333333333333        2.7686672567902278E-003
   9.0000000000000000        1.6666666666666665        3.7707525874486861E-003
   9.0000000000000000        2.0000000000000000        6.8115462725942049E-003
   9.0000000000000000        2.3333333333333330        9.3221877218672682E-003
   9.0000000000000000        2.6666666666666665        6.0161096678794509E-005
   9.0000000000000000        3.0000000000000000        1.2263701449689545E-004
   9.0000000000000000        3.3333333333333330        7.2670928116153229E-004
   9.0000000000000000        3.6666666666666665        1.2469539263022288E-003
   9.0000000000000000        4.0000000000000000        1.9279870640575921E-003
   9.0000000000000000        4.3333333333333330        1.6781680472359947E-003
   9.0000000000000000        4.6666666666666661        1.4510948922050006E-004
   9.0000000000000000        5.0000000000000000        8.6010221457101989E-003
   9.0000000000000000        5.3333333333333330        1.0108936811853136E-002
   9.0000000000000000        5.6666666666666661        2.1085655942103599E-003
   9.0000000000000000        6.0000000000000000        3.2101182079526513E-003
   9.0000000000000000        6.3333333333333330        4.9061521435920094E-003
   9.0000000000000000        6.6666666666666661        2.7920906618182991E-003
   9.0000000000000000        7.0000000000000000        1.0579014620769229E-003
   9.0000000000000000        7.3333333333333330        1.4186468884034341E-003
   9.0000000000000000        7.6666666666666661        1.4532081182771527E-003
   9.0000000000000000        8.0000000000000000        9.9602285948280985E-004
   9.0000000000000000        8.3333333333333321        1.0008756590764026E-003
   9.0000000000000000        8.6666666666666661        6.7541916548616125E-004
   9.0000000000000000        9.0000000000000000        2.5939037100808349E-004
   9.0000000000000000        9.3333333333333321        1.2883068330633623E-004
   9.0000000000000000        9.6666666666666661        8.3986054631010099E-006
   9.0000000000000000        10.000000000000000        0.0000000000000000     
 
   9.3333333333333321        0.0000000000000000        0.0000000000000000     
   9.3333333333333321       0.33333333333333331        2.1497544643465480E-004
   9.3333333333333321       0.66666666666666663        4.7296999091004028E-004
   9.3333333333333321        1.0000000000000000        7.5385111978679641E-004
   9.3333333333333321        1.3333333333333333        8.8496598496803274E-004
   9.3333333333333321        1.6666666666666665        1.5929437032655396E-003
   9.3333333333333321        2.0000000000000000        1.2875172857721928E-004
   9.3333333333333321        2.3333333333333330        6.2892523314828544E-005
   9.3333333333333321        2.6666666666666665        7.8041816933759349E-005
   9.3333333333333321        3.0000000000000000        1.5700044252625766E-004
   9.3333333333333321        3.3333333333333330        3.8119488632825142E-004
   9.3333333333333321        3.6666666666666665        5.7241909724083313E-004
   9.3333333333333321        4.0000000000000000        0.0000000000000000     
   9.3333333333333321        4.3333333333333330        1.3247036968461784E-004
   9.3333333333333321        4.6666666666666661        1.7997162121136803E-004
   9.3333333333333321        5.0000000000000000        2.2482722256926381E-003
   9.3333333333333321        5.3333333333333330        3.9403359332237861E-003
   9.3333333333333321        5.6666666666666661        2.5526480128203392E-003
   9.3333333333333321        6.0000000000000000        2.1071393231386652E-003
   9.3333333333333321        6.3333333333333330        2.2721277037008824E-003
   9.3333333333333321        6.6666666666666661        1.5983645340269057E-003
   9.3333333333333321        7.0000000000000000        9.4002080339299619E-004
   9.3333333333333321        7.3333333333333330        8.2961365282445334E-004
   9.3333333333333321        7.6666666666666661        7.6279059115839552E-004
   9.3333333333333321        8.0000000000000000        6.1722941187654487E-004
   9.3333333333333321        8.3333333333333321        6.4174021566015249E-005
   9.3333333333333321        8.6666666666666661        6.2198269461457558E-005
   9.3333333333333321        9.0000000000000000        9.9338706811475522E-005
   9.3333333333333321        9.3333333333333321        6.3942952677857153E-005
   9.3333333333333321        9.6666666666666661        1.9336185169147111E-005
   9.3333333333333321        10.000000000000000        0.0000000000000000     
 
   9.6666666666666661        0.0000000000000000        0.0000000000000000     
   9.6666666666666661       0.33333333333333331        9.9216052009895692E-005
   9.6666666666666661       0.66666666666666663        2.0900592906240303E-004
   9.6666666666666661        1.0000000000000000        3.2009308363203828E-004
   9.6666666666666661        1.3333333333333333        4.0211227239897386E-004
   9.6666666666666661        1.6666666666666665        5.0801609806969746E-004
   9.6666666666666661        2.0000000000000000        1.6479277456664317E-004
   9.6666666666666661        2.3333333333333330        6.5890584183760280E-005
   9.6666666666666661        2.6666666666666665        5.4137745560073687E-005
   9.6666666666666661        3.0000000000000000        8.7766163871587483E-005
   9.6666666666666661        3.3333333333333330        1.6341332464083142E-004
   9.6666666666666661        3.6666666666666665        2.2646559000494631E-004
   9.6666666666666661        4.0000000000000000        5.1880534159859016E-005
   9.6666666666666661        4.3333333333333330        1.1549373937508449E-004
   9.6666666666666661        4.6666666666666661        3.0273872046372935E-004
   9.6666666666666661        5.0000000000000000        9.7696655597500118E-004
   9.6666666666666661        5.3333333333333330        1.5441233649858136E-003
   9.6666666666666661        5.6666666666666661        3.6319337364278380E-004
   9.6666666666666661        6.0000000000000000        8.0253647324342835E-004
   9.6666666666666661        6.3333333333333330        9.0123421916033029E-004
   9.6666666666666661        6.6666666666666661        7.0868284006878545E-004
   9.6666666666666661        7.0000000000000000        4.8210324796992758E-004
   9.6666666666666661        7.3333333333333330        3.8733423644490475E-004
   9.6666666666666661        7.6666666666666661        3.2832287545597971E-004
   9.6666666666666661        8.0000000000000000        2.4192313995390809E-004
   9.6666666666666661        8.3333333333333321        8.1902696538458506E-005
   9.6666666666666661        8.6666666666666661        4.2880655412118989E-005
   9.6666666666666661        9.0000000000000000        3.9394188295878160E-005
   9.6666666666666661        9.3333333333333321        2.6570667704171838E-005
   9.6666666666666661        9.6666666666666661        1.0683810750726726E-005
   9.6666666666666661        10.000000000000000        0.0000000000000000     
 
   10.000000000000000        0.0000000000000000        0.0000000000000000     
   10.000000000000000       0.33333333333333331        0.0000000000000000     
   10.000000000000000       0.66666666666666663        0.0000000000000000     
   10.000000000000000        1.0000000000000000        0.0000000000000000     
   10.000000000000000        1.3333333333333333        0.0000000000000000     
   10.000000000000000        1.6666666666666665        0.0000000000000000     
   10.000000000000000        2.0000000000000000        0.0000000000000000     
   10.000000000000000        2.3333333333333330        0.0000000000000000     
   10.000000000000000        2.6666666666666665        0.0000000000000000     
   10.000000000000000        3.0000000000000000        0.0000000000000000     
   10.000000000000000        3.3333333333333330        0.0000000000000000     
   10.000000000000000        3.6666666666666665        0.0000000000000000     
   10.000000000000000        4.0000000000000000        0.0000000000000000     
   10.000000000000000        4.3333333333333330        0.0000000000000000     
   10.000000000000000        4.6666666666666661        0.0000000000000000     
   10.000000000000000        5.0000000000000000        0.0000000000000000     
   10.000000000000000        5.3333333333333330        0.0000000000000000     
   10.000000000000000        5.6666666666666661        0.0000000000000000     
   10.000000000000000        6.0000000000000000        0.0000000000000000     
   10.000000000000000        6.3333333333333330        0.0000000000000000     
   10.000000000000000        6.6666666666666661        0.0000000000000000     
   10.000000000000000        7.0000000000000000        0.0000000000000000     
   10.000000000000000        7.3333333333333330        0.0000000000000000     
   10.000000000000000        7.6666666666666661        0.0000000000000000     
   10.000000000000000        8.0000000000000000        0.0000000000000000     
   10.000000000000000        8.3333333333333321        0.0000000000000000     
   10.000000000000000        8.6666666666666661        0.0000000000000000     
   10.000000000000000        9.0000000000000000        0.0000000000000000     
   10.000000000000000        9.3333333333333321        0.0000000000000000     
   10.000000000000000        9.6666666666666661        0.0000000000000000     
   10.000000000000000        10.000000000000000        0.0000000000000000     
 
