   0.0000000000000000        0.0000000000000000        0.0000000000000000     
   0.0000000000000000       0.33333333333333331        0.0000000000000000     
   0.0000000000000000       0.66666666666666663        0.0000000000000000     
   0.0000000000000000        1.0000000000000000        0.0000000000000000     
   0.0000000000000000        1.3333333333333333        0.0000000000000000     
   0.0000000000000000        1.6666666666666665        0.0000000000000000     
   0.0000000000000000        2.0000000000000000        0.0000000000000000     
   0.0000000000000000        2.3333333333333330        0.0000000000000000     
   0.0000000000000000        2.6666666666666665        0.0000000000000000     
   0.0000000000000000        3.0000000000000000        0.0000000000000000     
   0.0000000000000000        3.3333333333333330        0.0000000000000000     
   0.0000000000000000        3.6666666666666665        0.0000000000000000     
   0.0000000000000000        4.0000000000000000        0.0000000000000000     
   0.0000000000000000        4.3333333333333330        0.0000000000000000     
   0.0000000000000000        4.6666666666666661        0.0000000000000000     
   0.0000000000000000        5.0000000000000000        0.0000000000000000     
   0.0000000000000000        5.3333333333333330        0.0000000000000000     
   0.0000000000000000        5.6666666666666661        0.0000000000000000     
   0.0000000000000000        6.0000000000000000        0.0000000000000000     
   0.0000000000000000        6.3333333333333330        0.0000000000000000     
   0.0000000000000000        6.6666666666666661        0.0000000000000000     
   0.0000000000000000        7.0000000000000000        0.0000000000000000     
   0.0000000000000000        7.3333333333333330        0.0000000000000000     
   0.0000000000000000        7.6666666666666661        0.0000000000000000     
   0.0000000000000000        8.0000000000000000        0.0000000000000000     
   0.0000000000000000        8.3333333333333321        0.0000000000000000     
   0.0000000000000000        8.6666666666666661        0.0000000000000000     
   0.0000000000000000        9.0000000000000000        0.0000000000000000     
   0.0000000000000000        9.3333333333333321        0.0000000000000000     
   0.0000000000000000        9.6666666666666661        0.0000000000000000     
   0.0000000000000000        10.000000000000000        0.0000000000000000     
 
  0.33333333333333331        0.0000000000000000        0.0000000000000000     
  0.33333333333333331       0.33333333333333331        3.3958589160366242E-004
  0.33333333333333331       0.66666666666666663        5.8534579135620130E-004
  0.33333333333333331        1.0000000000000000        6.5803535055791696E-004
  0.33333333333333331        1.3333333333333333        1.4092047026520314E-003
  0.33333333333333331        1.6666666666666665        2.0584992107654330E-003
  0.33333333333333331        2.0000000000000000        3.0572108963683878E-003
  0.33333333333333331        2.3333333333333330        3.6777077698526444E-003
  0.33333333333333331        2.6666666666666665        3.1811415160230444E-003
  0.33333333333333331        3.0000000000000000        5.9477543368673383E-003
  0.33333333333333331        3.3333333333333330        6.4893452529244935E-003
  0.33333333333333331        3.6666666666666665        6.3677148605078568E-003
  0.33333333333333331        4.0000000000000000        6.4291500223847969E-003
  0.33333333333333331        4.3333333333333330        6.3042347462185745E-003
  0.33333333333333331        4.6666666666666661        3.8548298920827386E-003
  0.33333333333333331        5.0000000000000000        5.3309663650784158E-003
  0.33333333333333331        5.3333333333333330        1.2211255253777937E-002
  0.33333333333333331        5.6666666666666661        1.4260271920128275E-002
  0.33333333333333331        6.0000000000000000        1.5145246559491723E-002
  0.33333333333333331        6.3333333333333330        1.5180170724913820E-002
  0.33333333333333331        6.6666666666666661        1.0428628504923383E-002
  0.33333333333333331        7.0000000000000000        1.6157621062587911E-002
  0.33333333333333331        7.3333333333333330        8.0254764204917006E-003
  0.33333333333333331        7.6666666666666661        7.9667504538987743E-003
  0.33333333333333331        8.0000000000000000        6.5943378614329766E-003
  0.33333333333333331        8.3333333333333321        4.8660605689239663E-003
  0.33333333333333331        8.6666666666666661        4.0518967970795804E-003
  0.33333333333333331        9.0000000000000000        3.1033125778248734E-003
  0.33333333333333331        9.3333333333333321        1.7784392428081368E-003
  0.33333333333333331        9.6666666666666661        7.9204131689857612E-004
  0.33333333333333331        10.000000000000000        0.0000000000000000     
 
  0.66666666666666663        0.0000000000000000        0.0000000000000000     
  0.66666666666666663       0.33333333333333331        7.8259093676402930E-004
  0.66666666666666663       0.66666666666666663        1.3606695894189766E-003
  0.66666666666666663        1.0000000000000000        3.3532119133837289E-003
  0.66666666666666663        1.3333333333333333        2.9638401857735169E-003
  0.66666666666666663        1.6666666666666665        3.8296149606454502E-003
  0.66666666666666663        2.0000000000000000        6.5804941821228976E-003
  0.66666666666666663        2.3333333333333330        8.5728327128333278E-003
  0.66666666666666663        2.6666666666666665        1.6829286162519962E-002
  0.66666666666666663        3.0000000000000000        1.4261984687475578E-002
  0.66666666666666663        3.3333333333333330        1.3791587424577320E-002
  0.66666666666666663        3.6666666666666665        1.2698597526429930E-002
  0.66666666666666663        4.0000000000000000        1.3188531833402881E-002
  0.66666666666666663        4.3333333333333330        1.5066273051250379E-002
  0.66666666666666663        4.6666666666666661        0.0000000000000000     
  0.66666666666666663        5.0000000000000000        3.3178835561533671E-002
  0.66666666666666663        5.3333333333333330        2.9394926034071817E-002
  0.66666666666666663        5.6666666666666661        2.9820560165511118E-002
  0.66666666666666663        6.0000000000000000        3.1252488566311055E-002
  0.66666666666666663        6.3333333333333330        3.5231347171693940E-002
  0.66666666666666663        6.6666666666666661        5.6820991157000941E-002
  0.66666666666666663        7.0000000000000000        4.6234897587292018E-002
  0.66666666666666663        7.3333333333333330        1.7134557239459662E-002
  0.66666666666666663        7.6666666666666661        1.7322367346622795E-002
  0.66666666666666663        8.0000000000000000        1.3623385506011025E-002
  0.66666666666666663        8.3333333333333321        8.8894515423694996E-003
  0.66666666666666663        8.6666666666666661        8.3083472617835556E-003
  0.66666666666666663        9.0000000000000000        6.6413785302741023E-003
  0.66666666666666663        9.3333333333333321        3.2538916794740795E-003
  0.66666666666666663        9.6666666666666661        1.4060963308357734E-003
  0.66666666666666663        10.000000000000000        0.0000000000000000     
 
   1.0000000000000000        0.0000000000000000        0.0000000000000000     
   1.0000000000000000       0.33333333333333331        1.4511214203501868E-003
   1.0000000000000000       0.66666666666666663        2.7508931092451658E-003
   1.0000000000000000        1.0000000000000000        3.8416220362630618E-003
   1.0000000000000000        1.3333333333333333        3.3532119133837289E-003
   1.0000000000000000        1.6666666666666665        1.1177160756339750E-002
   1.0000000000000000        2.0000000000000000        1.1047288150388797E-002
   1.0000000000000000        2.3333333333333330        1.5686898084310934E-002
   1.0000000000000000        2.6666666666666665        1.9795783355991806E-002
   1.0000000000000000        3.0000000000000000        2.0805363772738238E-002
   1.0000000000000000        3.3333333333333330        2.2018562081784564E-002
   1.0000000000000000        3.6666666666666665        1.7729008485447277E-002
   1.0000000000000000        4.0000000000000000        1.8846889232532572E-002
   1.0000000000000000        4.3333333333333330        2.6015619014308544E-002
   1.0000000000000000        4.6666666666666661        3.6846739759076021E-002
   1.0000000000000000        5.0000000000000000        3.7409123003754152E-002
   1.0000000000000000        5.3333333333333330        4.2707254734946146E-002
   1.0000000000000000        5.6666666666666661        4.4646173113809702E-002
   1.0000000000000000        6.0000000000000000        4.5020756040612037E-002
   1.0000000000000000        6.3333333333333330        5.9417322459151656E-002
   1.0000000000000000        6.6666666666666661        6.7547372349967036E-002
   1.0000000000000000        7.0000000000000000        6.5841532403770442E-002
   1.0000000000000000        7.3333333333333330        5.3220159304805469E-002
   1.0000000000000000        7.6666666666666661        3.0727737080605874E-002
   1.0000000000000000        8.0000000000000000        2.1846623639964834E-002
   1.0000000000000000        8.3333333333333321        1.7010742265145450E-002
   1.0000000000000000        8.6666666666666661        1.3794961382427343E-002
   1.0000000000000000        9.0000000000000000        1.2023259298448724E-002
   1.0000000000000000        9.3333333333333321        1.5726348753427714E-003
   1.0000000000000000        9.6666666666666661        1.6071491310701970E-003
   1.0000000000000000        10.000000000000000        0.0000000000000000     
 
   1.3333333333333333        0.0000000000000000        0.0000000000000000     
   1.3333333333333333       0.33333333333333331        2.3076072922337638E-003
   1.3333333333333333       0.66666666666666663        4.4209041989444571E-003
   1.3333333333333333        1.0000000000000000        6.0129524822794371E-003
   1.3333333333333333        1.3333333333333333        1.2421010967825049E-002
   1.3333333333333333        1.6666666666666665        1.1632413974257745E-002
   1.3333333333333333        2.0000000000000000        2.5101827756115861E-002
   1.3333333333333333        2.3333333333333330        2.3714778698751885E-002
   1.3333333333333333        2.6666666666666665        2.6311429130942497E-002
   1.3333333333333333        3.0000000000000000        2.7587481742565135E-002
   1.3333333333333333        3.3333333333333330        3.6180122321839016E-002
   1.3333333333333333        3.6666666666666665        6.4424250672232244E-002
   1.3333333333333333        4.0000000000000000        5.0744674297049472E-002
   1.3333333333333333        4.3333333333333330        4.4620814024354478E-002
   1.3333333333333333        4.6666666666666661        7.1088718706630680E-002
   1.3333333333333333        5.0000000000000000        6.5400377386041653E-002
   1.3333333333333333        5.3333333333333330        5.9831210209930166E-002
   1.3333333333333333        5.6666666666666661        6.1401137855087905E-002
   1.3333333333333333        6.0000000000000000        9.9526791609146570E-002
   1.3333333333333333        6.3333333333333330        9.0004764409195720E-002
   1.3333333333333333        6.6666666666666661        8.8212390730178281E-002
   1.3333333333333333        7.0000000000000000        8.3838910951152881E-002
   1.3333333333333333        7.3333333333333330        7.5882736269734255E-002
   1.3333333333333333        7.6666666666666661        2.1059440657883125E-002
   1.3333333333333333        8.0000000000000000        2.1435109132668308E-002
   1.3333333333333333        8.3333333333333321        2.0521585893634228E-002
   1.3333333333333333        8.6666666666666661        1.8078961870118735E-002
   1.3333333333333333        9.0000000000000000        1.5849170582387183E-002
   1.3333333333333333        9.3333333333333321        7.4202390697450842E-003
   1.3333333333333333        9.6666666666666661        3.4817465160393584E-003
   1.3333333333333333        10.000000000000000        0.0000000000000000     
 
   1.6666666666666665        0.0000000000000000        0.0000000000000000     
   1.6666666666666665       0.33333333333333331        3.4111585772487229E-003
   1.6666666666666665       0.66666666666666663        6.7143235955150933E-003
   1.6666666666666665        1.0000000000000000        9.9176016968081735E-003
   1.6666666666666665        1.3333333333333333        1.3535686187702112E-002
   1.6666666666666665        1.6666666666666665        2.7711318277255276E-002
   1.6666666666666665        2.0000000000000000        2.7059836350918482E-002
   1.6666666666666665        2.3333333333333330        2.8291491594074940E-002
   1.6666666666666665        2.6666666666666665        3.4696355852507028E-002
   1.6666666666666665        3.0000000000000000        6.2932386626518927E-002
   1.6666666666666665        3.3333333333333330        5.9511551107170685E-002
   1.6666666666666665        3.6666666666666665        6.5296778152483595E-002
   1.6666666666666665        4.0000000000000000        5.7678927302992351E-002
   1.6666666666666665        4.3333333333333330        5.7825028175515034E-002
   1.6666666666666665        4.6666666666666661        7.1985789849934395E-002
   1.6666666666666665        5.0000000000000000        7.1641862219865404E-002
   1.6666666666666665        5.3333333333333330        7.0359358088113513E-002
   1.6666666666666665        5.6666666666666661        8.0151978332024573E-002
   1.6666666666666665        6.0000000000000000       0.10899256925739523     
   1.6666666666666665        6.3333333333333330       0.11282843517920936     
   1.6666666666666665        6.6666666666666661       0.11142858637728369     
   1.6666666666666665        7.0000000000000000       0.10542264269710756     
   1.6666666666666665        7.3333333333333330        9.0664438468149908E-002
   1.6666666666666665        7.6666666666666661        2.1049520507024844E-002
   1.6666666666666665        8.0000000000000000        2.2656649880174958E-002
   1.6666666666666665        8.3333333333333321        2.5884553857320872E-002
   1.6666666666666665        8.6666666666666661        2.2439860152965879E-002
   1.6666666666666665        9.0000000000000000        1.7709156144948730E-002
   1.6666666666666665        9.3333333333333321        1.1485195961641721E-002
   1.6666666666666665        9.6666666666666661        4.9613065958549777E-003
   1.6666666666666665        10.000000000000000        0.0000000000000000     
 
   2.0000000000000000        0.0000000000000000        0.0000000000000000     
   2.0000000000000000       0.33333333333333331        4.6919527718330099E-003
   2.0000000000000000       0.66666666666666663        9.2457551514125921E-003
   2.0000000000000000        1.0000000000000000        1.3617516853202859E-002
   2.0000000000000000        1.3333333333333333        1.8571146220853652E-002
   2.0000000000000000        1.6666666666666665        2.8914931017793955E-002
   2.0000000000000000        2.0000000000000000        2.7711318277255276E-002
   2.0000000000000000        2.3333333333333330        4.9326327361384627E-002
   2.0000000000000000        2.6666666666666665        5.0130178434975303E-002
   2.0000000000000000        3.0000000000000000        6.7111546234192992E-002
   2.0000000000000000        3.3333333333333330        7.4358219490056748E-002
   2.0000000000000000        3.6666666666666665        8.0366492618703031E-002
   2.0000000000000000        4.0000000000000000       0.12001312901384308     
   2.0000000000000000        4.3333333333333330       0.11374206986327967     
   2.0000000000000000        4.6666666666666661        8.8190284935365820E-002
   2.0000000000000000        5.0000000000000000        7.9538665239662437E-002
   2.0000000000000000        5.3333333333333330        0.0000000000000000     
   2.0000000000000000        5.6666666666666661       0.17957049817401488     
   2.0000000000000000        6.0000000000000000       0.14329991043509802     
   2.0000000000000000        6.3333333333333330       0.14062362783933913     
   2.0000000000000000        6.6666666666666661       0.13897962971857697     
   2.0000000000000000        7.0000000000000000       0.13555298537034247     
   2.0000000000000000        7.3333333333333330        1.9356211133086870E-002
   2.0000000000000000        7.6666666666666661        1.9930127998643764E-002
   2.0000000000000000        8.0000000000000000        5.4456746402400752E-002
   2.0000000000000000        8.3333333333333321        3.8253849316068421E-002
   2.0000000000000000        8.6666666666666661        2.8390712430589323E-002
   2.0000000000000000        9.0000000000000000        2.1324679914878981E-002
   2.0000000000000000        9.3333333333333321        1.6029805786042926E-002
   2.0000000000000000        9.6666666666666661        3.2856990149886830E-003
   2.0000000000000000        10.000000000000000        0.0000000000000000     
 
   2.3333333333333330        0.0000000000000000        0.0000000000000000     
   2.3333333333333330       0.33333333333333331        6.1926414227691517E-003
   2.3333333333333330       0.66666666666666663        1.2121665807850722E-002
   2.3333333333333330        1.0000000000000000        1.6981123583006064E-002
   2.3333333333333330        1.3333333333333333        4.1360264591058106E-002
   2.3333333333333330        1.6666666666666665        4.2158734342463769E-002
   2.3333333333333330        2.0000000000000000        7.4645207236439026E-002
   2.3333333333333330        2.3333333333333330        8.7378077605648127E-002
   2.3333333333333330        2.6666666666666665        8.7640180558727146E-002
   2.3333333333333330        3.0000000000000000        8.1749547175704804E-002
   2.3333333333333330        3.3333333333333330        9.1131133437942685E-002
   2.3333333333333330        3.6666666666666665       0.10212117306179611     
   2.3333333333333330        4.0000000000000000       0.12049582973820179     
   2.3333333333333330        4.3333333333333330       0.13972324540099051     
   2.3333333333333330        4.6666666666666661       0.21269198092509528     
   2.3333333333333330        5.0000000000000000       0.23269168787423930     
   2.3333333333333330        5.3333333333333330       0.22808376158848451     
   2.3333333333333330        5.6666666666666661       0.21445949464970029     
   2.3333333333333330        6.0000000000000000       0.19075302008901976     
   2.3333333333333330        6.3333333333333330       0.16671448478613790     
   2.3333333333333330        6.6666666666666661       0.16764405903452514     
   2.3333333333333330        7.0000000000000000       0.16164104930190654     
   2.3333333333333330        7.3333333333333330       0.17808582375014262     
   2.3333333333333330        7.6666666666666661       0.11349666312380288     
   2.3333333333333330        8.0000000000000000        7.0831620730781267E-002
   2.3333333333333330        8.3333333333333321        4.4557449642164640E-002
   2.3333333333333330        8.6666666666666661        3.1843230067521863E-002
   2.3333333333333330        9.0000000000000000        2.3444839109724100E-002
   2.3333333333333330        9.3333333333333321        1.5509408327830838E-002
   2.3333333333333330        9.6666666666666661        6.6204081344876983E-003
   2.3333333333333330        10.000000000000000        0.0000000000000000     
 
   2.6666666666666665        0.0000000000000000        0.0000000000000000     
   2.6666666666666665       0.33333333333333331        8.0463699516569696E-003
   2.6666666666666665       0.66666666666666663        1.6239962523702016E-002
   2.6666666666666665        1.0000000000000000        2.5442343805784057E-002
   2.6666666666666665        1.3333333333333333        4.1025524493780198E-002
   2.6666666666666665        1.6666666666666665        5.6678467824216899E-002
   2.6666666666666665        2.0000000000000000        7.5143473165171101E-002
   2.6666666666666665        2.3333333333333330        8.7852764309876610E-002
   2.6666666666666665        2.6666666666666665        9.4077300123292240E-002
   2.6666666666666665        3.0000000000000000       0.11279055815597488     
   2.6666666666666665        3.3333333333333330       0.10684756043171185     
   2.6666666666666665        3.6666666666666665       0.11695714570466044     
   2.6666666666666665        4.0000000000000000       0.18561333923713652     
   2.6666666666666665        4.3333333333333330       0.18498772342467049     
   2.6666666666666665        4.6666666666666661       0.21139063786091455     
   2.6666666666666665        5.0000000000000000       0.23065194298995947     
   2.6666666666666665        5.3333333333333330       0.23934631922936653     
   2.6666666666666665        5.6666666666666661       0.23361365222134242     
   2.6666666666666665        6.0000000000000000       0.21322186481268168     
   2.6666666666666665        6.3333333333333330       0.22410847523983921     
   2.6666666666666665        6.6666666666666661       0.20204160467988769     
   2.6666666666666665        7.0000000000000000       0.18067090532546490     
   2.6666666666666665        7.3333333333333330       0.17690400485423527     
   2.6666666666666665        7.6666666666666661       0.15572996415272272     
   2.6666666666666665        8.0000000000000000        3.7151340353733062E-002
   2.6666666666666665        8.3333333333333321        3.7548683435365784E-002
   2.6666666666666665        8.6666666666666661        3.1284181945427508E-002
   2.6666666666666665        9.0000000000000000        2.5384200377069521E-002
   2.6666666666666665        9.3333333333333321        1.6153028391839509E-002
   2.6666666666666665        9.6666666666666661        7.7794762803940019E-003
   2.6666666666666665        10.000000000000000        0.0000000000000000     
 
   3.0000000000000000        0.0000000000000000        0.0000000000000000     
   3.0000000000000000       0.33333333333333331        9.8485209576949385E-003
   3.0000000000000000       0.66666666666666663        1.9536225712554249E-002
   3.0000000000000000        1.0000000000000000        2.7798787201602525E-002
   3.0000000000000000        1.3333333333333333        6.3776870137754973E-002
   3.0000000000000000        1.6666666666666665        6.8816261688383104E-002
   3.0000000000000000        2.0000000000000000        8.1823903444482579E-002
   3.0000000000000000        2.3333333333333330        9.5207860801781799E-002
   3.0000000000000000        2.6666666666666665       0.10711718112406569     
   3.0000000000000000        3.0000000000000000       0.11893108243225189     
   3.0000000000000000        3.3333333333333330       0.14850925600562592     
   3.0000000000000000        3.6666666666666665       0.14207782080458009     
   3.0000000000000000        4.0000000000000000       0.20347206585585503     
   3.0000000000000000        4.3333333333333330       0.20248395271467198     
   3.0000000000000000        4.6666666666666661       0.21583512264968982     
   3.0000000000000000        5.0000000000000000       0.23708158692832382     
   3.0000000000000000        5.3333333333333330       0.26239522324143549     
   3.0000000000000000        5.6666666666666661       0.26480316507274793     
   3.0000000000000000        6.0000000000000000       0.26973494313231983     
   3.0000000000000000        6.3333333333333330       0.24358176932238437     
   3.0000000000000000        6.6666666666666661       0.23372362221291659     
   3.0000000000000000        7.0000000000000000       0.20830353291086329     
   3.0000000000000000        7.3333333333333330       0.19185988319596828     
   3.0000000000000000        7.6666666666666661       0.17583672821494092     
   3.0000000000000000        8.0000000000000000       0.15469072279661156     
   3.0000000000000000        8.3333333333333321        3.0270659077755994E-002
   3.0000000000000000        8.6666666666666661        3.0708137307455276E-002
   3.0000000000000000        9.0000000000000000        3.0959988621160846E-002
   3.0000000000000000        9.3333333333333321        1.5345921584454979E-002
   3.0000000000000000        9.6666666666666661        8.4468354968803751E-003
   3.0000000000000000        10.000000000000000        0.0000000000000000     
 
   3.3333333333333330        0.0000000000000000        0.0000000000000000     
   3.3333333333333330       0.33333333333333331        1.1908542342306842E-002
   3.3333333333333330       0.66666666666666663        2.4441619441207769E-002
   3.3333333333333330        1.0000000000000000        3.8664213541700312E-002
   3.3333333333333330        1.3333333333333333        5.9091731349793265E-002
   3.3333333333333330        1.6666666666666665        7.3342491263627241E-002
   3.3333333333333330        2.0000000000000000        8.8441524943713670E-002
   3.3333333333333330        2.3333333333333330       0.10426597703787818     
   3.3333333333333330        2.6666666666666665       0.12036781265892461     
   3.3333333333333330        3.0000000000000000       0.13686399316610617     
   3.3333333333333330        3.3333333333333330       0.15442550967310609     
   3.3333333333333330        3.6666666666666665       0.16040752570122654     
   3.3333333333333330        4.0000000000000000       0.20180585238837295     
   3.3333333333333330        4.3333333333333330       0.20454457391795952     
   3.3333333333333330        4.6666666666666661       0.21085655007610052     
   3.3333333333333330        5.0000000000000000       0.32619237827487380     
   3.3333333333333330        5.3333333333333330       0.30485642550751729     
   3.3333333333333330        5.6666666666666661       0.29472303728983784     
   3.3333333333333330        6.0000000000000000       0.29186263058079615     
   3.3333333333333330        6.3333333333333330       0.27434302743052735     
   3.3333333333333330        6.6666666666666661       0.25265282035764225     
   3.3333333333333330        7.0000000000000000       0.22274090370393460     
   3.3333333333333330        7.3333333333333330       0.20480128538422745     
   3.3333333333333330        7.6666666666666661       0.17868534873875830     
   3.3333333333333330        8.0000000000000000       0.15418234244010331     
   3.3333333333333330        8.3333333333333321        9.5757824232002908E-002
   3.3333333333333330        8.6666666666666661        5.0277862356074232E-002
   3.3333333333333330        9.0000000000000000        3.7128408725612003E-002
   3.3333333333333330        9.3333333333333321        2.2395709224815073E-002
   3.3333333333333330        9.6666666666666661        1.0752775845189768E-002
   3.3333333333333330        10.000000000000000        0.0000000000000000     
 
   3.6666666666666665        0.0000000000000000        0.0000000000000000     
   3.6666666666666665       0.33333333333333331        1.3441616237789649E-002
   3.6666666666666665       0.66666666666666663        2.7841806766453446E-002
   3.6666666666666665        1.0000000000000000        4.3574293347605916E-002
   3.6666666666666665        1.3333333333333333        6.0876093174856316E-002
   3.6666666666666665        1.6666666666666665        7.7287814836620838E-002
   3.6666666666666665        2.0000000000000000        9.4508881810868320E-002
   3.6666666666666665        2.3333333333333330       0.11306468077997368     
   3.6666666666666665        2.6666666666666665       0.13302826488885086     
   3.6666666666666665        3.0000000000000000       0.15328195308266701     
   3.6666666666666665        3.3333333333333330       0.17118518775164057     
   3.6666666666666665        3.6666666666666665       0.18391085801781784     
   3.6666666666666665        4.0000000000000000       0.19778646453639859     
   3.6666666666666665        4.3333333333333330       0.20180585238837295     
   3.6666666666666665        4.6666666666666661       0.36031737317333767     
   3.6666666666666665        5.0000000000000000       0.34139327319343099     
   3.6666666666666665        5.3333333333333330       0.33086065967989542     
   3.6666666666666665        5.6666666666666661       0.31250465535967570     
   3.6666666666666665        6.0000000000000000       0.30632763669963353     
   3.6666666666666665        6.3333333333333330       0.29181749787101585     
   3.6666666666666665        6.6666666666666661       0.27632400170648092     
   3.6666666666666665        7.0000000000000000       0.24070609414858454     
   3.6666666666666665        7.3333333333333330       0.22398942285563270     
   3.6666666666666665        7.6666666666666661       0.12865830464734784     
   3.6666666666666665        8.0000000000000000       0.12854957518683988     
   3.6666666666666665        8.3333333333333321        9.5972880292064605E-002
   3.6666666666666665        8.6666666666666661        6.3722651608396325E-002
   3.6666666666666665        9.0000000000000000        4.5162413502428611E-002
   3.6666666666666665        9.3333333333333321        2.6544165563679313E-002
   3.6666666666666665        9.6666666666666661        1.2266427728359954E-002
   3.6666666666666665        10.000000000000000        0.0000000000000000     
 
   4.0000000000000000        0.0000000000000000        0.0000000000000000     
   4.0000000000000000       0.33333333333333331        1.4112310589831523E-002
   4.0000000000000000       0.66666666666666663        3.0090379075420164E-002
   4.0000000000000000        1.0000000000000000        4.7151846013985275E-002
   4.0000000000000000        1.3333333333333333        6.3796777434134214E-002
   4.0000000000000000        1.6666666666666665        8.0607848089640638E-002
   4.0000000000000000        2.0000000000000000        9.9278300433910435E-002
   4.0000000000000000        2.3333333333333330       0.12025403145690526     
   4.0000000000000000        2.6666666666666665       0.14486816560263840     
   4.0000000000000000        3.0000000000000000       0.17114583425162486     
   4.0000000000000000        3.3333333333333330       0.19189594530337567     
   4.0000000000000000        3.6666666666666665       0.20487844338422018     
   4.0000000000000000        4.0000000000000000       0.20221140292708892     
   4.0000000000000000        4.3333333333333330       0.37461117945764821     
   4.0000000000000000        4.6666666666666661       0.37157342931922688     
   4.0000000000000000        5.0000000000000000       0.37064299759659680     
   4.0000000000000000        5.3333333333333330       0.35831438062467486     
   4.0000000000000000        5.6666666666666661       0.34152720226548078     
   4.0000000000000000        6.0000000000000000       0.32372915453511403     
   4.0000000000000000        6.3333333333333330       0.30540709548822154     
   4.0000000000000000        6.6666666666666661       0.28019788308975468     
   4.0000000000000000        7.0000000000000000       0.25438956042212102     
   4.0000000000000000        7.3333333333333330       0.19175094440009549     
   4.0000000000000000        7.6666666666666661       0.14547089086974732     
   4.0000000000000000        8.0000000000000000       0.13516283731627218     
   4.0000000000000000        8.3333333333333321       0.10237153519926590     
   4.0000000000000000        8.6666666666666661        6.3235064908222505E-002
   4.0000000000000000        9.0000000000000000        5.3510066271918816E-002
   4.0000000000000000        9.3333333333333321        2.0901638513620365E-002
   4.0000000000000000        9.6666666666666661        1.1865853758648626E-002
   4.0000000000000000        10.000000000000000        0.0000000000000000     
 
   4.3333333333333330        0.0000000000000000        0.0000000000000000     
   4.3333333333333330       0.33333333333333331        1.3009685162105209E-002
   4.3333333333333330       0.66666666666666663        3.1432802957700866E-002
   4.3333333333333330        1.0000000000000000        5.1375027872233733E-002
   4.3333333333333330        1.3333333333333333        6.6769511365171452E-002
   4.3333333333333330        1.6666666666666665        8.2194407404135764E-002
   4.3333333333333330        2.0000000000000000       0.10166999525820816     
   4.3333333333333330        2.3333333333333330       0.12341505296820840     
   4.3333333333333330        2.6666666666666665       0.15417270841714323     
   4.3333333333333330        3.0000000000000000       0.19308337116548271     
   4.3333333333333330        3.3333333333333330       0.21845912932689246     
   4.3333333333333330        3.6666666666666665       0.23936073766509802     
   4.3333333333333330        4.0000000000000000       0.36011196641947463     
   4.3333333333333330        4.3333333333333330       0.36922646000657244     
   4.3333333333333330        4.6666666666666661       0.37909894581180553     
   4.3333333333333330        5.0000000000000000       0.37480631060397634     
   4.3333333333333330        5.3333333333333330       0.36583425211110659     
   4.3333333333333330        5.6666666666666661       0.35242301967538642     
   4.3333333333333330        6.0000000000000000       0.33550072014607568     
   4.3333333333333330        6.3333333333333330       0.32045288126430149     
   4.3333333333333330        6.6666666666666661       0.26842198116384947     
   4.3333333333333330        7.0000000000000000       0.23868416986489729     
   4.3333333333333330        7.3333333333333330       0.19005777817482761     
   4.3333333333333330        7.6666666666666661       0.15520297126769944     
   4.3333333333333330        8.0000000000000000       0.13109551786213608     
   4.3333333333333330        8.3333333333333321       0.10239533345960081     
   4.3333333333333330        8.6666666666666661        7.3188055993853071E-002
   4.3333333333333330        9.0000000000000000        5.2380033999430496E-002
   4.3333333333333330        9.3333333333333321        3.0067197995114352E-002
   4.3333333333333330        9.6666666666666661        1.4377191014310614E-002
   4.3333333333333330        10.000000000000000        0.0000000000000000     
 
   4.6666666666666661        0.0000000000000000        0.0000000000000000     
   4.6666666666666661       0.33333333333333331        6.5753057696444706E-003
   4.6666666666666661       0.66666666666666663        6.0035670814605514E-002
   4.6666666666666661        1.0000000000000000        6.0385590052374483E-002
   4.6666666666666661        1.3333333333333333        6.9928637101126873E-002
   4.6666666666666661        1.6666666666666665        7.9844155436623154E-002
   4.6666666666666661        2.0000000000000000       0.11175280670143353     
   4.6666666666666661        2.3333333333333330       0.11709617305280702     
   4.6666666666666661        2.6666666666666665       0.22956972115600383     
   4.6666666666666661        3.0000000000000000       0.22641352835411760     
   4.6666666666666661        3.3333333333333330       0.24664861589711801     
   4.6666666666666661        3.6666666666666665       0.29126497419470854     
   4.6666666666666661        4.0000000000000000       0.34305655074351643     
   4.6666666666666661        4.3333333333333330       0.36469099645572883     
   4.6666666666666661        4.6666666666666661       0.37479598171001366     
   4.6666666666666661        5.0000000000000000       0.37527162647123946     
   4.6666666666666661        5.3333333333333330       0.36982600666923077     
   4.6666666666666661        5.6666666666666661       0.35944210056506565     
   4.6666666666666661        6.0000000000000000       0.33872380951500070     
   4.6666666666666661        6.3333333333333330       0.31438691435812899     
   4.6666666666666661        6.6666666666666661       0.29396179288424379     
   4.6666666666666661        7.0000000000000000       0.17401630722033917     
   4.6666666666666661        7.3333333333333330       0.17286083494267010     
   4.6666666666666661        7.6666666666666661       0.15332219356572996     
   4.6666666666666661        8.0000000000000000       0.13120740926939908     
   4.6666666666666661        8.3333333333333321       0.10286033286429522     
   4.6666666666666661        8.6666666666666661        7.4881748314290203E-002
   4.6666666666666661        9.0000000000000000        5.2951355392158006E-002
   4.6666666666666661        9.3333333333333321        3.2761746280221070E-002
   4.6666666666666661        9.6666666666666661        1.5661013340216769E-002
   4.6666666666666661        10.000000000000000        0.0000000000000000     
 
   5.0000000000000000        0.0000000000000000        0.0000000000000000     
   5.0000000000000000       0.33333333333333331        6.7603466316458550E-003
   5.0000000000000000       0.66666666666666663        5.0520577159189700E-002
   5.0000000000000000        1.0000000000000000        6.0490019118796430E-002
   5.0000000000000000        1.3333333333333333        7.2952878524899678E-002
   5.0000000000000000        1.6666666666666665        8.7582831432467659E-002
   5.0000000000000000        2.0000000000000000       0.10627125420787399     
   5.0000000000000000        2.3333333333333330       0.11586313622285349     
   5.0000000000000000        2.6666666666666665       0.23655092314222104     
   5.0000000000000000        3.0000000000000000       0.23324999446257422     
   5.0000000000000000        3.3333333333333330       0.33764753588865842     
   5.0000000000000000        3.6666666666666665       0.33061494159094235     
   5.0000000000000000        4.0000000000000000       0.34887520642041009     
   5.0000000000000000        4.3333333333333330       0.36360560748986837     
   5.0000000000000000        4.6666666666666661       0.37168517055940792     
   5.0000000000000000        5.0000000000000000       0.37323893001120662     
   5.0000000000000000        5.3333333333333330       0.37059203764719428     
   5.0000000000000000        5.6666666666666661       0.36908406216376904     
   5.0000000000000000        6.0000000000000000       0.30023038801611701     
   5.0000000000000000        6.3333333333333330       0.29853128717809813     
   5.0000000000000000        6.6666666666666661       0.24610614597474126     
   5.0000000000000000        7.0000000000000000       0.18871168444401509     
   5.0000000000000000        7.3333333333333330       0.17282694919817268     
   5.0000000000000000        7.6666666666666661       0.15320697467486905     
   5.0000000000000000        8.0000000000000000       0.13711787925643421     
   5.0000000000000000        8.3333333333333321        8.1784134714050633E-002
   5.0000000000000000        8.6666666666666661        7.0657394211958574E-002
   5.0000000000000000        9.0000000000000000        5.1972016101815226E-002
   5.0000000000000000        9.3333333333333321        3.2528086688049122E-002
   5.0000000000000000        9.6666666666666661        1.5595172284766786E-002
   5.0000000000000000        10.000000000000000        0.0000000000000000     
 
   5.3333333333333330        0.0000000000000000        0.0000000000000000     
   5.3333333333333330       0.33333333333333331        1.3749319502556919E-002
   5.3333333333333330       0.66666666666666663        4.0809605086310333E-002
   5.3333333333333330        1.0000000000000000        5.8362678755702474E-002
   5.3333333333333330        1.3333333333333333        7.4020549166447541E-002
   5.3333333333333330        1.6666666666666665        9.1366355318709930E-002
   5.3333333333333330        2.0000000000000000       0.10979803834536409     
   5.3333333333333330        2.3333333333333330       0.12399060965083379     
   5.3333333333333330        2.6666666666666665       0.21581966496871255     
   5.3333333333333330        3.0000000000000000       0.23353667812774867     
   5.3333333333333330        3.3333333333333330       0.32824921130915841     
   5.3333333333333330        3.6666666666666665       0.33790908633009248     
   5.3333333333333330        4.0000000000000000       0.35078337554613831     
   5.3333333333333330        4.3333333333333330       0.36117962496303208     
   5.3333333333333330        4.6666666666666661       0.36681002701844434     
   5.3333333333333330        5.0000000000000000       0.36707240913948158     
   5.3333333333333330        5.3333333333333330       0.36200904216374108     
   5.3333333333333330        5.6666666666666661       0.30861222386630432     
   5.3333333333333330        6.0000000000000000       0.29658552130712879     
   5.3333333333333330        6.3333333333333330       0.27568596533822648     
   5.3333333333333330        6.6666666666666661       0.24269457454699461     
   5.3333333333333330        7.0000000000000000       0.20293647186688502     
   5.3333333333333330        7.3333333333333330       0.17528892591426712     
   5.3333333333333330        7.6666666666666661       0.14876682937737074     
   5.3333333333333330        8.0000000000000000       0.12644502931781340     
   5.3333333333333330        8.3333333333333321        9.3117250626739409E-002
   5.3333333333333330        8.6666666666666661        7.4207958148575462E-002
   5.3333333333333330        9.0000000000000000        5.1968172196013657E-002
   5.3333333333333330        9.3333333333333321        2.9956692203007063E-002
   5.3333333333333330        9.6666666666666661        1.4287170897921133E-002
   5.3333333333333330        10.000000000000000        0.0000000000000000     
 
   5.6666666666666661        0.0000000000000000        0.0000000000000000     
   5.6666666666666661       0.33333333333333331        7.5066202969914977E-003
   5.6666666666666661       0.66666666666666663        1.9049492461770890E-002
   5.6666666666666661        1.0000000000000000        5.2739280103390622E-002
   5.6666666666666661        1.3333333333333333        7.3575779467233995E-002
   5.6666666666666661        1.6666666666666665        9.4113882805552745E-002
   5.6666666666666661        2.0000000000000000       0.11740834050350323     
   5.6666666666666661        2.3333333333333330       0.14589590898582988     
   5.6666666666666661        2.6666666666666665       0.19537109203211739     
   5.6666666666666661        3.0000000000000000       0.24825095928347701     
   5.6666666666666661        3.3333333333333330       0.31201350026371982     
   5.6666666666666661        3.6666666666666665       0.33504322764200628     
   5.6666666666666661        4.0000000000000000       0.34774097275652460     
   5.6666666666666661        4.3333333333333330       0.35569398345874348     
   5.6666666666666661        4.6666666666666661       0.35925660076163357     
   5.6666666666666661        5.0000000000000000       0.35816942641429250     
   5.6666666666666661        5.3333333333333330       0.34050460975834335     
   5.6666666666666661        5.6666666666666661       0.31494544691763671     
   5.6666666666666661        6.0000000000000000       0.26229180527629425     
   5.6666666666666661        6.3333333333333330       0.26044917481381108     
   5.6666666666666661        6.6666666666666661       0.20704891955632748     
   5.6666666666666661        7.0000000000000000       0.17265277605573301     
   5.6666666666666661        7.3333333333333330       0.14234943069358277     
   5.6666666666666661        7.6666666666666661       0.13942477753638230     
   5.6666666666666661        8.0000000000000000        9.6671081397380051E-002
   5.6666666666666661        8.3333333333333321        9.0150381387199066E-002
   5.6666666666666661        8.6666666666666661        8.1330015451292856E-002
   5.6666666666666661        9.0000000000000000        2.1007657647701711E-002
   5.6666666666666661        9.3333333333333321        2.1225922744038641E-002
   5.6666666666666661        9.6666666666666661        1.1697158365219819E-002
   5.6666666666666661        10.000000000000000        0.0000000000000000     
 
   6.0000000000000000        0.0000000000000000        0.0000000000000000     
   6.0000000000000000       0.33333333333333331        8.8258358124506716E-003
   6.0000000000000000       0.66666666666666663        1.9231917095815704E-002
   6.0000000000000000        1.0000000000000000        3.2096531700380543E-002
   6.0000000000000000        1.3333333333333333        0.0000000000000000     
   6.0000000000000000        1.6666666666666665       0.11944461318545938     
   6.0000000000000000        2.0000000000000000       0.11958889645511991     
   6.0000000000000000        2.3333333333333330       0.15602236762621882     
   6.0000000000000000        2.6666666666666665       0.16937391668864588     
   6.0000000000000000        3.0000000000000000       0.33730120270890662     
   6.0000000000000000        3.3333333333333330       0.33053504773205006     
   6.0000000000000000        3.6666666666666665       0.33574989384941212     
   6.0000000000000000        4.0000000000000000       0.34222675509153266     
   6.0000000000000000        4.3333333333333330       0.34707630410839280     
   6.0000000000000000        4.6666666666666661       0.34867598434491620     
   6.0000000000000000        5.0000000000000000       0.32335783138186480     
   6.0000000000000000        5.3333333333333330       0.31991759430801064     
   6.0000000000000000        5.6666666666666661       0.28975150911879832     
   6.0000000000000000        6.0000000000000000       0.26014468412958658     
   6.0000000000000000        6.3333333333333330       0.23943125546708602     
   6.0000000000000000        6.6666666666666661       0.20489830196065484     
   6.0000000000000000        7.0000000000000000       0.17151158321456378     
   6.0000000000000000        7.3333333333333330       0.14484119592796396     
   6.0000000000000000        7.6666666666666661       0.12674625905294015     
   6.0000000000000000        8.0000000000000000       0.10346647680618914     
   6.0000000000000000        8.3333333333333321        8.9763024725075760E-002
   6.0000000000000000        8.6666666666666661        7.9955575860375230E-002
   6.0000000000000000        9.0000000000000000        3.2090520949313542E-002
   6.0000000000000000        9.3333333333333321        2.2431709679809255E-002
   6.0000000000000000        9.6666666666666661        1.1381270244169432E-002
   6.0000000000000000        10.000000000000000        0.0000000000000000     
 
   6.3333333333333330        0.0000000000000000        0.0000000000000000     
   6.3333333333333330       0.33333333333333331        8.6428612840867471E-003
   6.3333333333333330       0.66666666666666663        1.7114567602167681E-002
   6.3333333333333330        1.0000000000000000        2.4510526468303082E-002
   6.3333333333333330        1.3333333333333333        7.6181158768722265E-002
   6.3333333333333330        1.6666666666666665       0.11009410216389030     
   6.3333333333333330        2.0000000000000000       0.12196448963081648     
   6.3333333333333330        2.3333333333333330       0.14204769672972570     
   6.3333333333333330        2.6666666666666665       0.15563899139853787     
   6.3333333333333330        3.0000000000000000       0.17514459204946103     
   6.3333333333333330        3.3333333333333330       0.33496524553630463     
   6.3333333333333330        3.6666666666666665       0.32853189672668992     
   6.3333333333333330        4.0000000000000000       0.33144977181944657     
   6.3333333333333330        4.3333333333333330       0.33462482507526242     
   6.3333333333333330        4.6666666666666661       0.33253141355349591     
   6.3333333333333330        5.0000000000000000       0.32059876649398311     
   6.3333333333333330        5.3333333333333330       0.25837471181979405     
   6.3333333333333330        5.6666666666666661       0.25897311752856450     
   6.3333333333333330        6.0000000000000000       0.24515837394071219     
   6.3333333333333330        6.3333333333333330       0.22898299194263511     
   6.3333333333333330        6.6666666666666661       0.19945201148593128     
   6.3333333333333330        7.0000000000000000       0.16246775731423557     
   6.3333333333333330        7.3333333333333330       0.13822844992641051     
   6.3333333333333330        7.6666666666666661       0.11907514543070502     
   6.3333333333333330        8.0000000000000000       0.10086716854648328     
   6.3333333333333330        8.3333333333333321        8.5797151761165660E-002
   6.3333333333333330        8.6666666666666661        6.9143018337790740E-002
   6.3333333333333330        9.0000000000000000        4.2061923602958656E-002
   6.3333333333333330        9.3333333333333321        2.5253323747842019E-002
   6.3333333333333330        9.6666666666666661        1.1514126626018308E-002
   6.3333333333333330        10.000000000000000        0.0000000000000000     
 
   6.6666666666666661        0.0000000000000000        0.0000000000000000     
   6.6666666666666661       0.33333333333333331        8.7186195558550707E-003
   6.6666666666666661       0.66666666666666663        1.6232889805355956E-002
   6.6666666666666661        1.0000000000000000        6.1777711250771743E-002
   6.6666666666666661        1.3333333333333333        7.6918739748285961E-002
   6.6666666666666661        1.6666666666666665        9.8618178322797345E-002
   6.6666666666666661        2.0000000000000000       0.11628519976692356     
   6.6666666666666661        2.3333333333333330       0.13433821013230857     
   6.6666666666666661        2.6666666666666665       0.15494615417876681     
   6.6666666666666661        3.0000000000000000       0.17445465158556298     
   6.6666666666666661        3.3333333333333330       0.26928378452493595     
   6.6666666666666661        3.6666666666666665       0.30572522171008021     
   6.6666666666666661        4.0000000000000000       0.31405616084969418     
   6.6666666666666661        4.3333333333333330       0.32093584528715535     
   6.6666666666666661        4.6666666666666661       0.31975656811809677     
   6.6666666666666661        5.0000000000000000       0.29985831670634344     
   6.6666666666666661        5.3333333333333330       0.25393885951299938     
   6.6666666666666661        5.6666666666666661       0.23871409929344736     
   6.6666666666666661        6.0000000000000000       0.22910903402123498     
   6.6666666666666661        6.3333333333333330       0.16173273855580178     
   6.6666666666666661        6.6666666666666661       0.14041377051441137     
   6.6666666666666661        7.0000000000000000       0.13971346882622104     
   6.6666666666666661        7.3333333333333330       0.12614276836214172     
   6.6666666666666661        7.6666666666666661       0.11042937916072393     
   6.6666666666666661        8.0000000000000000        9.5356450099579007E-002
   6.6666666666666661        8.3333333333333321        8.3770031128727024E-002
   6.6666666666666661        8.6666666666666661        4.6316778924241610E-002
   6.6666666666666661        9.0000000000000000        4.2121447055815296E-002
   6.6666666666666661        9.3333333333333321        1.7257935711545224E-002
   6.6666666666666661        9.6666666666666661        9.5486490413834932E-003
   6.6666666666666661        10.000000000000000        0.0000000000000000     
 
   7.0000000000000000        0.0000000000000000        0.0000000000000000     
   7.0000000000000000       0.33333333333333331        1.0100271628856478E-002
   7.0000000000000000       0.66666666666666663        2.3048034852189619E-002
   7.0000000000000000        1.0000000000000000        4.7239244162956821E-002
   7.0000000000000000        1.3333333333333333        7.1745420110004759E-002
   7.0000000000000000        1.6666666666666665        9.1708536626550999E-002
   7.0000000000000000        2.0000000000000000       0.11054024747079726     
   7.0000000000000000        2.3333333333333330       0.12409675081572259     
   7.0000000000000000        2.6666666666666665       0.17458789226195567     
   7.0000000000000000        3.0000000000000000       0.19249454543869735     
   7.0000000000000000        3.3333333333333330       0.22890947428162867     
   7.0000000000000000        3.6666666666666665       0.27093798639121808     
   7.0000000000000000        4.0000000000000000       0.29250984344676428     
   7.0000000000000000        4.3333333333333330       0.30940700418454403     
   7.0000000000000000        4.6666666666666661       0.15571106066712576     
   7.0000000000000000        5.0000000000000000       0.20034316586736362     
   7.0000000000000000        5.3333333333333330       0.21511379804164130     
   7.0000000000000000        5.6666666666666661       0.20963847701581315     
   7.0000000000000000        6.0000000000000000       0.20057439951755485     
   7.0000000000000000        6.3333333333333330       0.16099630956720257     
   7.0000000000000000        6.6666666666666661       0.14085038811736256     
   7.0000000000000000        7.0000000000000000       0.12950076034563687     
   7.0000000000000000        7.3333333333333330       0.11610631165030941     
   7.0000000000000000        7.6666666666666661       0.10128348150309928     
   7.0000000000000000        8.0000000000000000        8.6674579334765328E-002
   7.0000000000000000        8.3333333333333321        7.0563829480194656E-002
   7.0000000000000000        8.6666666666666661        5.1007725869037061E-002
   7.0000000000000000        9.0000000000000000        3.8432298341912391E-002
   7.0000000000000000        9.3333333333333321        2.5205802154172684E-002
   7.0000000000000000        9.6666666666666661        3.7547863643104147E-003
   7.0000000000000000        10.000000000000000        0.0000000000000000     
 
   7.3333333333333330        0.0000000000000000        0.0000000000000000     
   7.3333333333333330       0.33333333333333331        8.7591943753401284E-003
   7.3333333333333330       0.66666666666666663        1.8885227836093921E-002
   7.3333333333333330        1.0000000000000000        3.2870457584202123E-002
   7.3333333333333330        1.3333333333333333        8.2393301421229678E-002
   7.3333333333333330        1.6666666666666665        8.6608318068580895E-002
   7.3333333333333330        2.0000000000000000       0.11470461557529464     
   7.3333333333333330        2.3333333333333330       0.12772330125210141     
   7.3333333333333330        2.6666666666666665       0.15590143324386316     
   7.3333333333333330        3.0000000000000000       0.19070770720207234     
   7.3333333333333330        3.3333333333333330       0.22245366980763426     
   7.3333333333333330        3.6666666666666665       0.24550205076996856     
   7.3333333333333330        4.0000000000000000       0.27093798639121808     
   7.3333333333333330        4.3333333333333330       0.15571106066712576     
   7.3333333333333330        4.6666666666666661       0.15539556416703054     
   7.3333333333333330        5.0000000000000000       0.18373165696888441     
   7.3333333333333330        5.3333333333333330       0.19415098230395492     
   7.3333333333333330        5.6666666666666661       0.18188869713498895     
   7.3333333333333330        6.0000000000000000       0.13468432905014824     
   7.3333333333333330        6.3333333333333330       0.14003152473582975     
   7.3333333333333330        6.6666666666666661       0.13221541176653273     
   7.3333333333333330        7.0000000000000000       0.12126798496504623     
   7.3333333333333330        7.3333333333333330       0.10762127070112447     
   7.3333333333333330        7.6666666666666661        9.2209671116823183E-002
   7.3333333333333330        8.0000000000000000        7.9898551765073350E-002
   7.3333333333333330        8.3333333333333321        6.1274276790070123E-002
   7.3333333333333330        8.6666666666666661        4.9205333821870936E-002
   7.3333333333333330        9.0000000000000000        3.5825538226187018E-002
   7.3333333333333330        9.3333333333333321        2.0254751730239204E-002
   7.3333333333333330        9.6666666666666661        7.5708948518539883E-003
   7.3333333333333330        10.000000000000000        0.0000000000000000     
 
   7.6666666666666661        0.0000000000000000        0.0000000000000000     
   7.6666666666666661       0.33333333333333331        6.1701194657973980E-003
   7.6666666666666661       0.66666666666666663        1.1104108325366775E-002
   7.6666666666666661        1.0000000000000000        7.8032796219325795E-002
   7.6666666666666661        1.3333333333333333        7.9305686527324601E-002
   7.6666666666666661        1.6666666666666665        8.6705911811271755E-002
   7.6666666666666661        2.0000000000000000       0.10233234327171210     
   7.6666666666666661        2.3333333333333330       0.11653230674250821     
   7.6666666666666661        2.6666666666666665       0.13027234854531264     
   7.6666666666666661        3.0000000000000000       0.12824126455562576     
   7.6666666666666661        3.3333333333333330       0.18200742311278467     
   7.6666666666666661        3.6666666666666665       0.21470649554695628     
   7.6666666666666661        4.0000000000000000        7.2591160847705311E-002
   7.6666666666666661        4.3333333333333330       0.11204042056339746     
   7.6666666666666661        4.6666666666666661       0.12604351420109294     
   7.6666666666666661        5.0000000000000000       0.10809353960194563     
   7.6666666666666661        5.3333333333333330       0.14080933980831192     
   7.6666666666666661        5.6666666666666661       0.14039749611234689     
   7.6666666666666661        6.0000000000000000       0.12918622133415908     
   7.6666666666666661        6.3333333333333330       0.13198211959365652     
   7.6666666666666661        6.6666666666666661       0.12665995333382707     
   7.6666666666666661        7.0000000000000000       0.11587476006929748     
   7.6666666666666661        7.3333333333333330       0.10118172137110040     
   7.6666666666666661        7.6666666666666661        8.0428533585550091E-002
   7.6666666666666661        8.0000000000000000        4.2551953403588492E-002
   7.6666666666666661        8.3333333333333321        4.5943163572844115E-002
   7.6666666666666661        8.6666666666666661        2.3915046443634944E-002
   7.6666666666666661        9.0000000000000000        1.3805552381476681E-002
   7.6666666666666661        9.3333333333333321        1.2696539556826055E-002
   7.6666666666666661        9.6666666666666661        6.3914918503438743E-003
   7.6666666666666661        10.000000000000000        0.0000000000000000     
 
   8.0000000000000000        0.0000000000000000        0.0000000000000000     
   8.0000000000000000       0.33333333333333331        4.9151698418309752E-003
   8.0000000000000000       0.66666666666666663        8.4279379714262831E-003
   8.0000000000000000        1.0000000000000000        7.0032090346510811E-002
   8.0000000000000000        1.3333333333333333        7.1259537883461649E-002
   8.0000000000000000        1.6666666666666665        7.9618644065277716E-002
   8.0000000000000000        2.0000000000000000        9.2231832776595635E-002
   8.0000000000000000        2.3333333333333330       0.10642502533463474     
   8.0000000000000000        2.6666666666666665       0.11875243290688543     
   8.0000000000000000        3.0000000000000000       0.12895545181602189     
   8.0000000000000000        3.3333333333333330       0.14844294807192612     
   8.0000000000000000        3.6666666666666665        7.2591160847705311E-002
   8.0000000000000000        4.0000000000000000        7.3624097855403511E-002
   8.0000000000000000        4.3333333333333330        9.8636687505868195E-002
   8.0000000000000000        4.6666666666666661       0.11102752513215007     
   8.0000000000000000        5.0000000000000000       0.10910643503319301     
   8.0000000000000000        5.3333333333333330        9.6888186071939858E-002
   8.0000000000000000        5.6666666666666661       0.10922937686851793     
   8.0000000000000000        6.0000000000000000       0.10954877850103785     
   8.0000000000000000        6.3333333333333330        0.0000000000000000     
   8.0000000000000000        6.6666666666666661       0.11405356823652560     
   8.0000000000000000        7.0000000000000000       0.11469869350115269     
   8.0000000000000000        7.3333333333333330        3.9433912166348131E-002
   8.0000000000000000        7.6666666666666661        4.8355290432910342E-002
   8.0000000000000000        8.0000000000000000        3.9748904992959799E-002
   8.0000000000000000        8.3333333333333321        3.4566158888795967E-002
   8.0000000000000000        8.6666666666666661        2.4407496802862555E-002
   8.0000000000000000        9.0000000000000000        1.5200801934972023E-002
   8.0000000000000000        9.3333333333333321        1.0566021699469484E-002
   8.0000000000000000        9.6666666666666661        5.4169955611845571E-003
   8.0000000000000000        10.000000000000000        0.0000000000000000     
 
   8.3333333333333321        0.0000000000000000        0.0000000000000000     
   8.3333333333333321       0.33333333333333331        5.1561824244966709E-003
   8.3333333333333321       0.66666666666666663        9.4232147658445450E-003
   8.3333333333333321        1.0000000000000000        4.3903867735239896E-002
   8.3333333333333321        1.3333333333333333        5.7213827904884690E-002
   8.3333333333333321        1.6666666666666665        6.9343439357659631E-002
   8.3333333333333321        2.0000000000000000        8.1515730254387464E-002
   8.3333333333333321        2.3333333333333330        9.9017090086136947E-002
   8.3333333333333321        2.6666666666666665       0.11005287128946442     
   8.3333333333333321        3.0000000000000000       0.12097963944763412     
   8.3333333333333321        3.3333333333333330       0.13446987760279910     
   8.3333333333333321        3.6666666666666665        5.0663276646459310E-002
   8.3333333333333321        4.0000000000000000        5.1637467497182440E-002
   8.3333333333333321        4.3333333333333330        2.5831795488814414E-002
   8.3333333333333321        4.6666666666666661        2.4054010078529798E-002
   8.3333333333333321        5.0000000000000000        8.4347747860984285E-002
   8.3333333333333321        5.3333333333333330        8.4801248851508873E-002
   8.3333333333333321        5.6666666666666661        9.0141583334774497E-002
   8.3333333333333321        6.0000000000000000        9.0323159924952032E-002
   8.3333333333333321        6.3333333333333330        4.7769548853491953E-002
   8.3333333333333321        6.6666666666666661        0.0000000000000000     
   8.3333333333333321        7.0000000000000000        2.7338923844638242E-002
   8.3333333333333321        7.3333333333333330        3.1059465803387247E-002
   8.3333333333333321        7.6666666666666661        3.4344864774561140E-002
   8.3333333333333321        8.0000000000000000        3.4083354133343846E-002
   8.3333333333333321        8.3333333333333321        2.8697152963468107E-002
   8.3333333333333321        8.6666666666666661        1.2955199096987776E-002
   8.3333333333333321        9.0000000000000000        1.2345494801134883E-002
   8.3333333333333321        9.3333333333333321        9.1743660427780847E-003
   8.3333333333333321        9.6666666666666661        4.8262896932028398E-003
   8.3333333333333321        10.000000000000000        0.0000000000000000     
 
   8.6666666666666661        0.0000000000000000        0.0000000000000000     
   8.6666666666666661       0.33333333333333331        6.3967677112940578E-003
   8.6666666666666661       0.66666666666666663        1.4884841370259085E-002
   8.6666666666666661        1.0000000000000000        3.1420515851544505E-002
   8.6666666666666661        1.3333333333333333        4.5321154966724106E-002
   8.6666666666666661        1.6666666666666665        6.0054861985914677E-002
   8.6666666666666661        2.0000000000000000        6.6480404277883973E-002
   8.6666666666666661        2.3333333333333330        8.6774957497802466E-002
   8.6666666666666661        2.6666666666666665       0.10233866421699299     
   8.6666666666666661        3.0000000000000000       0.11119137435754911     
   8.6666666666666661        3.3333333333333330        0.0000000000000000     
   8.6666666666666661        3.6666666666666665        2.4161641738422862E-002
   8.6666666666666661        4.0000000000000000        3.1547028230003986E-002
   8.6666666666666661        4.3333333333333330        2.6673699524951987E-002
   8.6666666666666661        4.6666666666666661        2.4933865900666277E-002
   8.6666666666666661        5.0000000000000000        6.7708818612548669E-002
   8.6666666666666661        5.3333333333333330        6.8201790328975123E-002
   8.6666666666666661        5.6666666666666661        7.6504439684651440E-002
   8.6666666666666661        6.0000000000000000        7.1555247815603712E-002
   8.6666666666666661        6.3333333333333330        4.8209697174284132E-002
   8.6666666666666661        6.6666666666666661        2.1852873220221797E-002
   8.6666666666666661        7.0000000000000000        2.4121604213122441E-002
   8.6666666666666661        7.3333333333333330        2.3631898863619168E-002
   8.6666666666666661        7.6666666666666661        2.4398669558971148E-002
   8.6666666666666661        8.0000000000000000        1.5516185995367674E-002
   8.6666666666666661        8.3333333333333321        1.7943284947827574E-002
   8.6666666666666661        8.6666666666666661        1.3892961165291649E-002
   8.6666666666666661        9.0000000000000000        5.5305295944419516E-003
   8.6666666666666661        9.3333333333333321        3.5769054543395426E-003
   8.6666666666666661        9.6666666666666661        0.0000000000000000     
   8.6666666666666661        10.000000000000000        0.0000000000000000     
 
   9.0000000000000000        0.0000000000000000        0.0000000000000000     
   9.0000000000000000       0.33333333333333331        5.6872181285413693E-003
   9.0000000000000000       0.66666666666666663        1.2613841570334733E-002
   9.0000000000000000        1.0000000000000000        2.2191699604969816E-002
   9.0000000000000000        1.3333333333333333        3.3421556139363179E-002
   9.0000000000000000        1.6666666666666665        3.8799211594942477E-002
   9.0000000000000000        2.0000000000000000        5.8877154953458792E-002
   9.0000000000000000        2.3333333333333330        7.2295724331541023E-002
   9.0000000000000000        2.6666666666666665        2.2428640654427213E-003
   9.0000000000000000        3.0000000000000000        3.6350874993286439E-003
   9.0000000000000000        3.3333333333333330        1.2086968691892495E-002
   9.0000000000000000        3.6666666666666665        1.7432771804181440E-002
   9.0000000000000000        4.0000000000000000        2.4495638354860572E-002
   9.0000000000000000        4.3333333333333330        2.5200739276346289E-002
   9.0000000000000000        4.6666666666666661        1.7587373327197079E-003
   9.0000000000000000        5.0000000000000000        4.3792896949237908E-002
   9.0000000000000000        5.3333333333333330        4.4215528396096146E-002
   9.0000000000000000        5.6666666666666661        1.7286243743359866E-002
   9.0000000000000000        6.0000000000000000        1.9997037528531648E-002
   9.0000000000000000        6.3333333333333330        2.5692390396394472E-002
   9.0000000000000000        6.6666666666666661        1.9985270451309291E-002
   9.0000000000000000        7.0000000000000000        1.2604080035082474E-002
   9.0000000000000000        7.3333333333333330        1.5388170278003474E-002
   9.0000000000000000        7.6666666666666661        1.5658844277535743E-002
   9.0000000000000000        8.0000000000000000        1.3455429661520253E-002
   9.0000000000000000        8.3333333333333321        1.4060890474524386E-002
   9.0000000000000000        8.6666666666666661        1.1124321967380495E-002
   9.0000000000000000        9.0000000000000000        5.7095179505156426E-003
   9.0000000000000000        9.3333333333333321        3.7050934687630523E-003
   9.0000000000000000        9.6666666666666661        3.2279636081413180E-004
   9.0000000000000000        10.000000000000000        0.0000000000000000     
 
   9.3333333333333321        0.0000000000000000        0.0000000000000000     
   9.3333333333333321       0.33333333333333331        3.8680975347713891E-003
   9.3333333333333321       0.66666666666666663        7.9698939266333469E-003
   9.3333333333333321        1.0000000000000000        1.1776767062786343E-002
   9.3333333333333321        1.3333333333333333        1.2708072214784923E-002
   9.3333333333333321        1.6666666666666665        1.9407724896350842E-002
   9.3333333333333321        2.0000000000000000        2.7606048219417463E-003
   9.3333333333333321        2.3333333333333330        1.9036071971162923E-003
   9.3333333333333321        2.6666666666666665        2.3300627822822341E-003
   9.3333333333333321        3.0000000000000000        3.7703877080276613E-003
   9.3333333333333321        3.3333333333333330        7.1165844629117996E-003
   9.3333333333333321        3.6666666666666665        9.4961527085115557E-003
   9.3333333333333321        4.0000000000000000        0.0000000000000000     
   9.3333333333333321        4.3333333333333330        1.4015760157804564E-003
   9.3333333333333321        4.6666666666666661        1.7915591383582572E-003
   9.3333333333333321        5.0000000000000000        1.3524382244747174E-002
   9.3333333333333321        5.3333333333333330        2.1024353945282952E-002
   9.3333333333333321        5.6666666666666661        1.7547117672880735E-002
   9.3333333333333321        6.0000000000000000        1.4568730496642606E-002
   9.3333333333333321        6.3333333333333330        1.4880417427215695E-002
   9.3333333333333321        6.6666666666666661        1.2725142254448022E-002
   9.3333333333333321        7.0000000000000000        1.0091913478900339E-002
   9.3333333333333321        7.3333333333333330        9.9779565050882868E-003
   9.3333333333333321        7.6666666666666661        9.7227850121309554E-003
   9.3333333333333321        8.0000000000000000        8.9031171101619389E-003
   9.3333333333333321        8.3333333333333321        1.5533209280790378E-003
   9.3333333333333321        8.6666666666666661        1.8668684975392162E-003
   9.3333333333333321        9.0000000000000000        2.6496773012564217E-003
   9.3333333333333321        9.3333333333333321        1.9524330768196305E-003
   9.3333333333333321        9.6666666666666661        6.5729471475755967E-004
   9.3333333333333321        10.000000000000000        0.0000000000000000     
 
   9.6666666666666661        0.0000000000000000        0.0000000000000000     
   9.6666666666666661       0.33333333333333331        1.9066948366499472E-003
   9.6666666666666661       0.66666666666666663        3.8047870165855619E-003
   9.6666666666666661        1.0000000000000000        5.4326778019310644E-003
   9.6666666666666661        1.3333333333333333        6.2738914945619038E-003
   9.6666666666666661        1.6666666666666665        7.0915681204649535E-003
   9.6666666666666661        2.0000000000000000        2.8322211695672671E-003
   9.6666666666666661        2.3333333333333330        1.5443063778393890E-003
   9.6666666666666661        2.6666666666666665        1.4885575013922014E-003
   9.6666666666666661        3.0000000000000000        2.1318876641364909E-003
   9.6666666666666661        3.3333333333333330        3.3428886911428539E-003
   9.6666666666666661        3.6666666666666665        4.2341204213144157E-003
   9.6666666666666661        4.0000000000000000        5.1367684720875857E-004
   9.6666666666666661        4.3333333333333330        1.0358817095882269E-003
   9.6666666666666661        4.6666666666666661        2.2446111764632807E-003
   9.6666666666666661        5.0000000000000000        6.1821131848400560E-003
   9.6666666666666661        5.3333333333333330        9.0343952628166527E-003
   9.6666666666666661        5.6666666666666661        3.0046133048464950E-003
   9.6666666666666661        6.0000000000000000        6.0571973149964320E-003
   9.6666666666666661        6.3333333333333330        6.7474516507103092E-003
   9.6666666666666661        6.6666666666666661        6.1576284505342619E-003
   9.6666666666666661        7.0000000000000000        5.2670101217201443E-003
   9.6666666666666661        7.3333333333333330        4.9266998455953391E-003
   9.6666666666666661        7.6666666666666661        4.5718850694898127E-003
   9.6666666666666661        8.0000000000000000        3.7455511223460007E-003
   9.6666666666666661        8.3333333333333321        1.6001506512905038E-003
   9.6666666666666661        8.6666666666666661        1.1464124923263423E-003
   9.6666666666666661        9.0000000000000000        1.1553682683252279E-003
   9.6666666666666661        9.3333333333333321        8.6375352717555265E-004
   9.6666666666666661        9.6666666666666661        3.7693682372843878E-004
   9.6666666666666661        10.000000000000000        0.0000000000000000     
 
   10.000000000000000        0.0000000000000000        0.0000000000000000     
   10.000000000000000       0.33333333333333331        0.0000000000000000     
   10.000000000000000       0.66666666666666663        0.0000000000000000     
   10.000000000000000        1.0000000000000000        0.0000000000000000     
   10.000000000000000        1.3333333333333333        0.0000000000000000     
   10.000000000000000        1.6666666666666665        0.0000000000000000     
   10.000000000000000        2.0000000000000000        0.0000000000000000     
   10.000000000000000        2.3333333333333330        0.0000000000000000     
   10.000000000000000        2.6666666666666665        0.0000000000000000     
   10.000000000000000        3.0000000000000000        0.0000000000000000     
   10.000000000000000        3.3333333333333330        0.0000000000000000     
   10.000000000000000        3.6666666666666665        0.0000000000000000     
   10.000000000000000        4.0000000000000000        0.0000000000000000     
   10.000000000000000        4.3333333333333330        0.0000000000000000     
   10.000000000000000        4.6666666666666661        0.0000000000000000     
   10.000000000000000        5.0000000000000000        0.0000000000000000     
   10.000000000000000        5.3333333333333330        0.0000000000000000     
   10.000000000000000        5.6666666666666661        0.0000000000000000     
   10.000000000000000        6.0000000000000000        0.0000000000000000     
   10.000000000000000        6.3333333333333330        0.0000000000000000     
   10.000000000000000        6.6666666666666661        0.0000000000000000     
   10.000000000000000        7.0000000000000000        0.0000000000000000     
   10.000000000000000        7.3333333333333330        0.0000000000000000     
   10.000000000000000        7.6666666666666661        0.0000000000000000     
   10.000000000000000        8.0000000000000000        0.0000000000000000     
   10.000000000000000        8.3333333333333321        0.0000000000000000     
   10.000000000000000        8.6666666666666661        0.0000000000000000     
   10.000000000000000        9.0000000000000000        0.0000000000000000     
   10.000000000000000        9.3333333333333321        0.0000000000000000     
   10.000000000000000        9.6666666666666661        0.0000000000000000     
   10.000000000000000        10.000000000000000        0.0000000000000000     
 
