   0.0000000000000000        0.0000000000000000        0.0000000000000000     
   0.0000000000000000       0.33333333333333331        0.0000000000000000     
   0.0000000000000000       0.66666666666666663        0.0000000000000000     
   0.0000000000000000        1.0000000000000000        0.0000000000000000     
   0.0000000000000000        1.3333333333333333        0.0000000000000000     
   0.0000000000000000        1.6666666666666665        0.0000000000000000     
   0.0000000000000000        2.0000000000000000        0.0000000000000000     
   0.0000000000000000        2.3333333333333330        0.0000000000000000     
   0.0000000000000000        2.6666666666666665        0.0000000000000000     
   0.0000000000000000        3.0000000000000000        0.0000000000000000     
   0.0000000000000000        3.3333333333333330        0.0000000000000000     
   0.0000000000000000        3.6666666666666665        0.0000000000000000     
   0.0000000000000000        4.0000000000000000        0.0000000000000000     
   0.0000000000000000        4.3333333333333330        0.0000000000000000     
   0.0000000000000000        4.6666666666666661        0.0000000000000000     
   0.0000000000000000        5.0000000000000000        0.0000000000000000     
   0.0000000000000000        5.3333333333333330        0.0000000000000000     
   0.0000000000000000        5.6666666666666661        0.0000000000000000     
   0.0000000000000000        6.0000000000000000        0.0000000000000000     
   0.0000000000000000        6.3333333333333330        0.0000000000000000     
   0.0000000000000000        6.6666666666666661        0.0000000000000000     
   0.0000000000000000        7.0000000000000000        0.0000000000000000     
   0.0000000000000000        7.3333333333333330        0.0000000000000000     
   0.0000000000000000        7.6666666666666661        0.0000000000000000     
   0.0000000000000000        8.0000000000000000        0.0000000000000000     
   0.0000000000000000        8.3333333333333321        0.0000000000000000     
   0.0000000000000000        8.6666666666666661        0.0000000000000000     
   0.0000000000000000        9.0000000000000000        0.0000000000000000     
   0.0000000000000000        9.3333333333333321        0.0000000000000000     
   0.0000000000000000        9.6666666666666661        0.0000000000000000     
   0.0000000000000000        10.000000000000000        0.0000000000000000     
 
  0.33333333333333331        0.0000000000000000        0.0000000000000000     
  0.33333333333333331       0.33333333333333331        5.6582853697210594E-005
  0.33333333333333331       0.66666666666666663        9.4567237784112392E-005
  0.33333333333333331        1.0000000000000000        9.4038006241534900E-005
  0.33333333333333331        1.3333333333333333        2.0418066126647418E-004
  0.33333333333333331        1.6666666666666665        3.1302771763755231E-004
  0.33333333333333331        2.0000000000000000        5.0495637269980665E-004
  0.33333333333333331        2.3333333333333330        6.5806362960148224E-004
  0.33333333333333331        2.6666666666666665        6.1171793462203310E-004
  0.33333333333333331        3.0000000000000000        1.2699537921996664E-003
  0.33333333333333331        3.3333333333333330        1.4219127480399334E-003
  0.33333333333333331        3.6666666666666665        1.3614329734877610E-003
  0.33333333333333331        4.0000000000000000        1.3774648044484546E-003
  0.33333333333333331        4.3333333333333330        1.4143421959623222E-003
  0.33333333333333331        4.6666666666666661        9.5908748875061188E-004
  0.33333333333333331        5.0000000000000000        1.5960898515587146E-003
  0.33333333333333331        5.3333333333333330        4.0317113030162851E-003
  0.33333333333333331        5.6666666666666661        5.1915699042334807E-003
  0.33333333333333331        6.0000000000000000        6.0745267077864972E-003
  0.33333333333333331        6.3333333333333330        6.5998479918165506E-003
  0.33333333333333331        6.6666666666666661        4.5211759110792386E-003
  0.33333333333333331        7.0000000000000000        7.4305270223576411E-003
  0.33333333333333331        7.3333333333333330        3.2832733052900105E-003
  0.33333333333333331        7.6666666666666661        2.7753381996552542E-003
  0.33333333333333331        8.0000000000000000        2.0439929744261623E-003
  0.33333333333333331        8.3333333333333321        1.3184780452972190E-003
  0.33333333333333331        8.6666666666666661        9.6689632132628098E-004
  0.33333333333333331        9.0000000000000000        6.8303356799108872E-004
  0.33333333333333331        9.3333333333333321        3.6532339101495850E-004
  0.33333333333333331        9.6666666666666661        1.5530670968365846E-004
  0.33333333333333331        10.000000000000000        0.0000000000000000     
 
  0.66666666666666663        0.0000000000000000        0.0000000000000000     
  0.66666666666666663       0.33333333333333331        1.4114128148759328E-004
  0.66666666666666663       0.66666666666666663        2.4350291037941900E-004
  0.66666666666666663        1.0000000000000000        5.2890745461604653E-004
  0.66666666666666663        1.3333333333333333        4.4543492747799776E-004
  0.66666666666666663        1.6666666666666665        5.9643215760140939E-004
  0.66666666666666663        2.0000000000000000        1.1314311856898769E-003
  0.66666666666666663        2.3333333333333330        1.6190950106315287E-003
  0.66666666666666663        2.6666666666666665        3.6405958641627435E-003
  0.66666666666666663        3.0000000000000000        3.2283504378531488E-003
  0.66666666666666663        3.3333333333333330        3.2578840035514460E-003
  0.66666666666666663        3.6666666666666665        2.8444215536224315E-003
  0.66666666666666663        4.0000000000000000        2.9366669601546148E-003
  0.66666666666666663        4.3333333333333330        3.5251827482976348E-003
  0.66666666666666663        4.6666666666666661        0.0000000000000000     
  0.66666666666666663        5.0000000000000000        9.8835337735179198E-003
  0.66666666666666663        5.3333333333333330        9.8213458960009267E-003
  0.66666666666666663        5.6666666666666661        1.1244397911977082E-002
  0.66666666666666663        6.0000000000000000        1.3150606589031333E-002
  0.66666666666666663        6.3333333333333330        1.6466635841546153E-002
  0.66666666666666663        6.6666666666666661        2.7973072512827973E-002
  0.66666666666666663        7.0000000000000000        2.2654307395155903E-002
  0.66666666666666663        7.3333333333333330        5.4096887174846231E-003
  0.66666666666666663        7.6666666666666661        6.1074647496401077E-003
  0.66666666666666663        8.0000000000000000        4.3450868969666040E-003
  0.66666666666666663        8.3333333333333321        2.4459376872751938E-003
  0.66666666666666663        8.6666666666666661        2.0090902715956616E-003
  0.66666666666666663        9.0000000000000000        1.5051810369275257E-003
  0.66666666666666663        9.3333333333333321        6.8141717652098763E-004
  0.66666666666666663        9.6666666666666661        2.8138880086755639E-004
  0.66666666666666663        10.000000000000000        0.0000000000000000     
 
   1.0000000000000000        0.0000000000000000        0.0000000000000000     
   1.0000000000000000       0.33333333333333331        2.8697710866327662E-004
   1.0000000000000000       0.66666666666666663        5.3367297043910582E-004
   1.0000000000000000        1.0000000000000000        7.0136921649060222E-004
   1.0000000000000000        1.3333333333333333        5.2890745461604653E-004
   1.0000000000000000        1.6666666666666665        1.8236596384885821E-003
   1.0000000000000000        2.0000000000000000        1.9865164488040159E-003
   1.0000000000000000        2.3333333333333330        3.3148538057838580E-003
   1.0000000000000000        2.6666666666666665        4.5706136449520903E-003
   1.0000000000000000        3.0000000000000000        5.1912865959823293E-003
   1.0000000000000000        3.3333333333333330        5.9761438366668041E-003
   1.0000000000000000        3.6666666666666665        4.2232029799715359E-003
   1.0000000000000000        4.0000000000000000        4.4213460045097065E-003
   1.0000000000000000        4.3333333333333330        6.7194341997794602E-003
   1.0000000000000000        4.6666666666666661        9.8612743912651554E-003
   1.0000000000000000        5.0000000000000000        1.1204541041454096E-002
   1.0000000000000000        5.3333333333333330        1.5281185093010768E-002
   1.0000000000000000        5.6666666666666661        1.8035680263391290E-002
   1.0000000000000000        6.0000000000000000        2.0149425308551839E-002
   1.0000000000000000        6.3333333333333330        3.1188606261581597E-002
   1.0000000000000000        6.6666666666666661        3.5887761901472151E-002
   1.0000000000000000        7.0000000000000000        3.4676354620750818E-002
   1.0000000000000000        7.3333333333333330        2.5760701919843653E-002
   1.0000000000000000        7.6666666666666661        1.2622146420255139E-002
   1.0000000000000000        8.0000000000000000        7.3278366099000106E-003
   1.0000000000000000        8.3333333333333321        4.2991383772151203E-003
   1.0000000000000000        8.6666666666666661        3.4111646776175631E-003
   1.0000000000000000        9.0000000000000000        2.8741891767056138E-003
   1.0000000000000000        9.3333333333333321        2.8592841591176246E-004
   1.0000000000000000        9.6666666666666661        3.3441052279308491E-004
   1.0000000000000000        10.000000000000000        0.0000000000000000     
 
   1.3333333333333333        0.0000000000000000        0.0000000000000000     
   1.3333333333333333       0.33333333333333331        5.1668040090247034E-004
   1.3333333333333333       0.66666666666666663        9.8433017804291684E-004
   1.3333333333333333        1.0000000000000000        1.3236926241350464E-003
   1.3333333333333333        1.3333333333333333        2.4142008498635147E-003
   1.3333333333333333        1.6666666666666665        1.9606354798521225E-003
   1.3333333333333333        2.0000000000000000        5.7545889941843916E-003
   1.3333333333333333        2.3333333333333330        5.5587390572022022E-003
   1.3333333333333333        2.6666666666666665        6.7585593200865518E-003
   1.3333333333333333        3.0000000000000000        7.6632399463412385E-003
   1.3333333333333333        3.3333333333333330        1.1965109965363315E-002
   1.3333333333333333        3.6666666666666665        2.2959591606207419E-002
   1.3333333333333333        4.0000000000000000        1.5206466990074391E-002
   1.3333333333333333        4.3333333333333330        1.3100178867305502E-002
   1.3333333333333333        4.6666666666666661        2.4113724588312332E-002
   1.3333333333333333        5.0000000000000000        2.4425773576474828E-002
   1.3333333333333333        5.3333333333333330        2.3753860854309090E-002
   1.3333333333333333        5.6666666666666661        2.7298419065863236E-002
   1.3333333333333333        6.0000000000000000        6.1999378673636800E-002
   1.3333333333333333        6.3333333333333330        5.4854301461203125E-002
   1.3333333333333333        6.6666666666666661        5.2741409629374035E-002
   1.3333333333333333        7.0000000000000000        4.8468974264081643E-002
   1.3333333333333333        7.3333333333333330        4.1293563075908833E-002
   1.3333333333333333        7.6666666666666661        5.1566076116671185E-003
   1.3333333333333333        8.0000000000000000        5.8933236031916362E-003
   1.3333333333333333        8.3333333333333321        5.7863804532327524E-003
   1.3333333333333333        8.6666666666666661        4.9463925834787939E-003
   1.3333333333333333        9.0000000000000000        4.1237506908945645E-003
   1.3333333333333333        9.3333333333333321        1.8305981233566924E-003
   1.3333333333333333        9.6666666666666661        8.2317126976530952E-004
   1.3333333333333333        10.000000000000000        0.0000000000000000     
 
   1.6666666666666665        0.0000000000000000        0.0000000000000000     
   1.6666666666666665       0.33333333333333331        8.6896916115293012E-004
   1.6666666666666665       0.66666666666666663        1.7031707844183035E-003
   1.6666666666666665        1.0000000000000000        2.4735682160825167E-003
   1.6666666666666665        1.3333333333333333        3.2289508645367945E-003
   1.6666666666666665        1.6666666666666665        7.4754768043587263E-003
   1.6666666666666665        2.0000000000000000        6.7456442030645576E-003
   1.6666666666666665        2.3333333333333330        7.1606203366482027E-003
   1.6666666666666665        2.6666666666666665        1.0102918177726170E-002
   1.6666666666666665        3.0000000000000000        2.4900127975252630E-002
   1.6666666666666665        3.3333333333333330        2.3534650951506232E-002
   1.6666666666666665        3.6666666666666665        2.5346406783929354E-002
   1.6666666666666665        4.0000000000000000        1.9137583325160419E-002
   1.6666666666666665        4.3333333333333330        1.8974677519124038E-002
   1.6666666666666665        4.6666666666666661        2.6833915389269391E-002
   1.6666666666666665        5.0000000000000000        2.7694439552592466E-002
   1.6666666666666665        5.3333333333333330        3.0407508337656531E-002
   1.6666666666666665        5.6666666666666661        4.2600091889084667E-002
   1.6666666666666665        6.0000000000000000        7.3335639135296671E-002
   1.6666666666666665        6.3333333333333330        7.7338219543923878E-002
   1.6666666666666665        6.6666666666666661        7.5600764640729456E-002
   1.6666666666666665        7.0000000000000000        6.8884206656981459E-002
   1.6666666666666665        7.3333333333333330        5.3070908596483231E-002
   1.6666666666666665        7.6666666666666661        4.3910813689130180E-003
   1.6666666666666665        8.0000000000000000        6.0819432547658623E-003
   1.6666666666666665        8.3333333333333321        8.7538907194795890E-003
   1.6666666666666665        8.6666666666666661        7.1190579646385121E-003
   1.6666666666666665        9.0000000000000000        5.1175995157400397E-003
   1.6666666666666665        9.3333333333333321        3.1010459495907847E-003
   1.6666666666666665        9.6666666666666661        1.2490240961611344E-003
   1.6666666666666665        10.000000000000000        0.0000000000000000     
 
   2.0000000000000000        0.0000000000000000        0.0000000000000000     
   2.0000000000000000       0.33333333333333331        1.3712632651717419E-003
   2.0000000000000000       0.66666666666666663        2.7107966564372545E-003
   2.0000000000000000        1.0000000000000000        3.9652222658017903E-003
   2.0000000000000000        1.3333333333333333        5.2317115731165846E-003
   2.0000000000000000        1.6666666666666665        9.1345540142230373E-003
   2.0000000000000000        2.0000000000000000        7.4754768043587263E-003
   2.0000000000000000        2.3333333333333330        1.5809527085757866E-002
   2.0000000000000000        2.6666666666666665        1.7574238734872346E-002
   2.0000000000000000        3.0000000000000000        2.8619464518268072E-002
   2.0000000000000000        3.3333333333333330        3.4134352140103116E-002
   2.0000000000000000        3.6666666666666665        3.8178757307516228E-002
   2.0000000000000000        4.0000000000000000        6.4612486916435827E-002
   2.0000000000000000        4.3333333333333330        6.2719225831061501E-002
   2.0000000000000000        4.6666666666666661        3.9338318629687154E-002
   2.0000000000000000        5.0000000000000000        3.1942525943684630E-002
   2.0000000000000000        5.3333333333333330        0.0000000000000000     
   2.0000000000000000        5.6666666666666661       0.16864516735420554     
   2.0000000000000000        6.0000000000000000       0.11571671433751893     
   2.0000000000000000        6.3333333333333330       0.11013458996552226     
   2.0000000000000000        6.6666666666666661       0.10804980353583812     
   2.0000000000000000        7.0000000000000000       0.10287582514895365     
   2.0000000000000000        7.3333333333333330        2.8509698476035824E-003
   2.0000000000000000        7.6666666666666661        3.3474255447150398E-003
   2.0000000000000000        8.0000000000000000        2.9045704431364377E-002
   2.0000000000000000        8.3333333333333321        1.7015628714593063E-002
   2.0000000000000000        8.6666666666666661        1.0509567861650849E-002
   2.0000000000000000        9.0000000000000000        6.7844948269329885E-003
   2.0000000000000000        9.3333333333333321        4.6269916309897271E-003
   2.0000000000000000        9.6666666666666661        8.7451171560669512E-004
   2.0000000000000000        10.000000000000000        0.0000000000000000     
 
   2.3333333333333330        0.0000000000000000        0.0000000000000000     
   2.3333333333333330       0.33333333333333331        2.0732994568628035E-003
   2.3333333333333330       0.66666666666666663        4.1325447114003364E-003
   2.3333333333333330        1.0000000000000000        5.9225408369775467E-003
   2.3333333333333330        1.3333333333333333        1.6770648247009287E-002
   2.3333333333333330        1.6666666666666665        1.7370305860290626E-002
   2.3333333333333330        2.0000000000000000        3.7465440718870861E-002
   2.3333333333333330        2.3333333333333330        4.7100561983816659E-002
   2.3333333333333330        2.6666666666666665        4.6598843337057660E-002
   2.3333333333333330        3.0000000000000000        4.0376727543368553E-002
   2.3333333333333330        3.3333333333333330        4.8985546371132851E-002
   2.3333333333333330        3.6666666666666665        5.8064146615114699E-002
   2.3333333333333330        4.0000000000000000        6.9509343577602398E-002
   2.3333333333333330        4.3333333333333330        9.0586450787618539E-002
   2.3333333333333330        4.6666666666666661       0.18150371179469052     
   2.3333333333333330        5.0000000000000000       0.22998007347841753     
   2.3333333333333330        5.3333333333333330       0.24732643913537827     
   2.3333333333333330        5.6666666666666661       0.22645376533049755     
   2.3333333333333330        6.0000000000000000       0.18050013981198584     
   2.3333333333333330        6.3333333333333330       0.14463783467927940     
   2.3333333333333330        6.6666666666666661       0.14882546575974642     
   2.3333333333333330        7.0000000000000000       0.13697726537157465     
   2.3333333333333330        7.3333333333333330       0.14531402880658054     
   2.3333333333333330        7.6666666666666661        8.2851046484253135E-002
   2.3333333333333330        8.0000000000000000        4.3408676753018703E-002
   2.3333333333333330        8.3333333333333321        2.1334374343558102E-002
   2.3333333333333330        8.6666666666666661        1.2249486159851735E-002
   2.3333333333333330        9.0000000000000000        7.7043592575447078E-003
   2.3333333333333330        9.3333333333333321        4.5978591885949584E-003
   2.3333333333333330        9.6666666666666661        1.8712190881523660E-003
   2.3333333333333330        10.000000000000000        0.0000000000000000     
 
   2.6666666666666665        0.0000000000000000        0.0000000000000000     
   2.6666666666666665       0.33333333333333331        3.0230318741243183E-003
   2.6666666666666665       0.66666666666666663        6.2802011217765290E-003
   2.6666666666666665        1.0000000000000000        1.0308113927861939E-002
   2.6666666666666665        1.3333333333333333        1.7763148057239126E-002
   2.6666666666666665        1.6666666666666665        2.7799998596515312E-002
   2.6666666666666665        2.0000000000000000        4.0400626616340682E-002
   2.6666666666666665        2.3333333333333330        5.0475629290561319E-002
   2.6666666666666665        2.6666666666666665        5.6099946285725698E-002
   2.6666666666666665        3.0000000000000000        7.5581846875885192E-002
   2.6666666666666665        3.3333333333333330        6.6732074055966539E-002
   2.6666666666666665        3.6666666666666665        7.9355056649296790E-002
   2.6666666666666665        4.0000000000000000       0.13779395534627917     
   2.6666666666666665        4.3333333333333330       0.14487038980268960     
   2.6666666666666665        4.6666666666666661       0.18856808280748510     
   2.6666666666666665        5.0000000000000000       0.23573506865589081     
   2.6666666666666665        5.3333333333333330       0.27208696660736725     
   2.6666666666666665        5.6666666666666661       0.26747111680093716     
   2.6666666666666665        6.0000000000000000       0.22176305012728689     
   2.6666666666666665        6.3333333333333330       0.25462237689853462     
   2.6666666666666665        6.6666666666666661       0.21099844200379758     
   2.6666666666666665        7.0000000000000000       0.16489535432465757     
   2.6666666666666665        7.3333333333333330       0.15240554046134502     
   2.6666666666666665        7.6666666666666661       0.12695513672982509     
   2.6666666666666665        8.0000000000000000        1.3024483851177882E-002
   2.6666666666666665        8.3333333333333321        1.4521517705458642E-002
   2.6666666666666665        8.6666666666666661        1.0733208069050331E-002
   2.6666666666666665        9.0000000000000000        8.1022633865520319E-003
   2.6666666666666665        9.3333333333333321        4.7807464840570607E-003
   2.6666666666666665        9.6666666666666661        2.2632330760904108E-003
   2.6666666666666665        10.000000000000000        0.0000000000000000     
 
   3.0000000000000000        0.0000000000000000        0.0000000000000000     
   3.0000000000000000       0.33333333333333331        4.0534034620855501E-003
   3.0000000000000000       0.66666666666666663        8.2914648565840781E-003
   3.0000000000000000        1.0000000000000000        1.2257457673602180E-002
   3.0000000000000000        1.3333333333333333        3.3828213305713610E-002
   3.0000000000000000        1.6666666666666665        3.7838935014435762E-002
   3.0000000000000000        2.0000000000000000        4.8720149929981270E-002
   3.0000000000000000        2.3333333333333330        6.1557520485055695E-002
   3.0000000000000000        2.6666666666666665        7.4604494095079660E-002
   3.0000000000000000        3.0000000000000000        8.8214430811185726E-002
   3.0000000000000000        3.3333333333333330       0.12749541749034485     
   3.0000000000000000        3.6666666666666665       0.11710416293341169     
   3.0000000000000000        4.0000000000000000       0.16162263069295846     
   3.0000000000000000        4.3333333333333330       0.16902125918441011     
   3.0000000000000000        4.6666666666666661       0.19841905270856705     
   3.0000000000000000        5.0000000000000000       0.25708703669249267     
   3.0000000000000000        5.3333333333333330       0.34057814731580821     
   3.0000000000000000        5.6666666666666661       0.35218653192583566     
   3.0000000000000000        6.0000000000000000       0.37147885814723236     
   3.0000000000000000        6.3333333333333330       0.30157764521914893     
   3.0000000000000000        6.6666666666666661       0.27996204719887102     
   3.0000000000000000        7.0000000000000000       0.21066838005553906     
   3.0000000000000000        7.3333333333333330       0.17878328425628748     
   3.0000000000000000        7.6666666666666661       0.15153424513888142     
   3.0000000000000000        8.0000000000000000       0.10655080447076702     
   3.0000000000000000        8.3333333333333321        8.1710011361850066E-003
   3.0000000000000000        8.6666666666666661        9.3011020578001626E-003
   3.0000000000000000        9.0000000000000000        1.0187092407821960E-002
   3.0000000000000000        9.3333333333333321        5.1256674390310767E-003
   3.0000000000000000        9.6666666666666661        2.7011477717746027E-003
   3.0000000000000000        10.000000000000000        0.0000000000000000     
 
   3.3333333333333330        0.0000000000000000        0.0000000000000000     
   3.3333333333333330       0.33333333333333331        5.2929508196274955E-003
   3.3333333333333330       0.66666666666666663        1.1353340977280958E-002
   3.3333333333333330        1.0000000000000000        1.9274642836372837E-002
   3.3333333333333330        1.3333333333333333        3.2293392646802935E-002
   3.3333333333333330        1.6666666666666665        4.3609453822099221E-002
   3.3333333333333330        2.0000000000000000        5.8058162683317753E-002
   3.3333333333333330        2.3333333333333330        7.5704745032213791E-002
   3.3333333333333330        2.6666666666666665        9.5991926012340065E-002
   3.3333333333333330        3.0000000000000000       0.11805374024186018     
   3.3333333333333330        3.3333333333333330       0.14161804168598585     
   3.3333333333333330        3.6666666666666665       0.14822776623103742     
   3.3333333333333330        4.0000000000000000       0.18185876241702909     
   3.3333333333333330        4.3333333333333330       0.17785607628833372     
   3.3333333333333330        4.6666666666666661       0.18491091140966212     
   3.3333333333333330        5.0000000000000000       0.54739161871695541     
   3.3333333333333330        5.3333333333333330       0.47985635721958581     
   3.3333333333333330        5.6666666666666661       0.44678207060780678     
   3.3333333333333330        6.0000000000000000       0.43906870482157168     
   3.3333333333333330        6.3333333333333330       0.39010291498617872     
   3.3333333333333330        6.6666666666666661       0.32928177507291650     
   3.3333333333333330        7.0000000000000000       0.24763177226759833     
   3.3333333333333330        7.3333333333333330       0.20635301831247588     
   3.3333333333333330        7.6666666666666661       0.15501889975963778     
   3.3333333333333330        8.0000000000000000       0.11314089221570679     
   3.3333333333333330        8.3333333333333321        4.8677755866072016E-002
   3.3333333333333330        8.6666666666666661        2.1272840439116418E-002
   3.3333333333333330        9.0000000000000000        1.4396037873450696E-002
   3.3333333333333330        9.3333333333333321        8.1813000255459272E-003
   3.3333333333333330        9.6666666666666661        3.7574485494925218E-003
   3.3333333333333330        10.000000000000000        0.0000000000000000     
 
   3.6666666666666665        0.0000000000000000        0.0000000000000000     
   3.6666666666666665       0.33333333333333331        6.2465753180011739E-003
   3.6666666666666665       0.66666666666666663        1.3534769776376285E-002
   3.6666666666666665        1.0000000000000000        2.2720553756703444E-002
   3.6666666666666665        1.3333333333333333        3.4731237745783426E-002
   3.6666666666666665        1.6666666666666665        4.8938244245232715E-002
   3.6666666666666665        2.0000000000000000        6.7224095194830427E-002
   3.6666666666666665        2.3333333333333330        9.0446639826167394E-002
   3.6666666666666665        2.6666666666666665       0.11890099169385758     
   3.6666666666666665        3.0000000000000000       0.14966482098543671     
   3.6666666666666665        3.3333333333333330       0.17596382643354688     
   3.6666666666666665        3.6666666666666665       0.18930897938856256     
   3.6666666666666665        4.0000000000000000       0.19138348955318629     
   3.6666666666666665        4.3333333333333330       0.18185876241702909     
   3.6666666666666665        4.6666666666666661       0.66644690999163680     
   3.6666666666666665        5.0000000000000000       0.60188384183448673     
   3.6666666666666665        5.3333333333333330       0.57510075163713503     
   3.6666666666666665        5.6666666666666661       0.50862688493572561     
   3.6666666666666665        6.0000000000000000       0.49215726785028158     
   3.6666666666666665        6.3333333333333330       0.44687034813737719     
   3.6666666666666665        6.6666666666666661       0.39875281605551371     
   3.6666666666666665        7.0000000000000000       0.29499348360577693     
   3.6666666666666665        7.3333333333333330       0.24889147443965356     
   3.6666666666666665        7.6666666666666661        7.8369279860464769E-002
   3.6666666666666665        8.0000000000000000        8.3985423563864847E-002
   3.6666666666666665        8.3333333333333321        5.2936562423277649E-002
   3.6666666666666665        8.6666666666666661        3.0316110996058028E-002
   3.6666666666666665        9.0000000000000000        1.9510076142538638E-002
   3.6666666666666665        9.3333333333333321        1.0385375296831789E-002
   3.6666666666666665        9.6666666666666661        4.5947957660659438E-003
   3.6666666666666665        10.000000000000000        0.0000000000000000     
 
   4.0000000000000000        0.0000000000000000        0.0000000000000000     
   4.0000000000000000       0.33333333333333331        6.7055781405751438E-003
   4.0000000000000000       0.66666666666666663        1.4939605291955997E-002
   4.0000000000000000        1.0000000000000000        2.5058365120904313E-002
   4.0000000000000000        1.3333333333333333        3.7280149633073155E-002
   4.0000000000000000        1.6666666666666665        5.2931183078834890E-002
   4.0000000000000000        2.0000000000000000        7.4476120853083777E-002
   4.0000000000000000        2.3333333333333330       0.10305688918220758     
   4.0000000000000000        2.6666666666666665       0.14242173656166277     
   4.0000000000000000        3.0000000000000000       0.18830575757725293     
   4.0000000000000000        3.3333333333333330       0.22554879929062258     
   4.0000000000000000        3.6666666666666665       0.24422087224915751     
   4.0000000000000000        4.0000000000000000       0.21664091169793645     
   4.0000000000000000        4.3333333333333330       0.73206256774671596     
   4.0000000000000000        4.6666666666666661       0.71094731223851326     
   4.0000000000000000        5.0000000000000000       0.74634572791708309     
   4.0000000000000000        5.3333333333333330       0.69307070038258245     
   4.0000000000000000        5.6666666666666661       0.63194237352546434     
   4.0000000000000000        6.0000000000000000       0.56295012096184305     
   4.0000000000000000        6.3333333333333330       0.49841679431221853     
   4.0000000000000000        6.6666666666666661       0.41527088524275124     
   4.0000000000000000        7.0000000000000000       0.34233280868520372     
   4.0000000000000000        7.3333333333333330       0.19814154998125336     
   4.0000000000000000        7.6666666666666661       0.11337282391511080     
   4.0000000000000000        8.0000000000000000        9.6841284274606060E-002
   4.0000000000000000        8.3333333333333321        6.2042865146357075E-002
   4.0000000000000000        8.6666666666666661        3.1492235023954859E-002
   4.0000000000000000        9.0000000000000000        2.4887071622212684E-002
   4.0000000000000000        9.3333333333333321        8.7724960347693361E-003
   4.0000000000000000        9.6666666666666661        4.7561081055246699E-003
   4.0000000000000000        10.000000000000000        0.0000000000000000     
 
   4.3333333333333330        0.0000000000000000        0.0000000000000000     
   4.3333333333333330       0.33333333333333331        6.2134733161163889E-003
   4.3333333333333330       0.66666666666666663        1.5676896729630796E-002
   4.3333333333333330        1.0000000000000000        2.7157019136806099E-002
   4.3333333333333330        1.3333333333333333        3.8807978862774206E-002
   4.3333333333333330        1.6666666666666665        5.3834060136538540E-002
   4.3333333333333330        2.0000000000000000        7.7698598143093225E-002
   4.3333333333333330        2.3333333333333330       0.10781318766608999     
   4.3333333333333330        2.6666666666666665       0.16178414745325925     
   4.3333333333333330        3.0000000000000000       0.23695047620406692     
   4.3333333333333330        3.3333333333333330       0.29400426078825426     
   4.3333333333333330        3.6666666666666665       0.34537456725525528     
   4.3333333333333330        4.0000000000000000       0.70108302387827948     
   4.3333333333333330        4.3333333333333330       0.72680996815631160     
   4.3333333333333330        4.6666666666666661       0.78232086661618494     
   4.3333333333333330        5.0000000000000000       0.76501255180173477     
   4.3333333333333330        5.3333333333333330       0.72865427970690866     
   4.3333333333333330        5.6666666666666661       0.67692599874926895     
   4.3333333333333330        6.0000000000000000       0.61156602983358521     
   4.3333333333333330        6.3333333333333330       0.55613075310810611     
   4.3333333333333330        6.6666666666666661       0.39834307201040403     
   4.3333333333333330        7.0000000000000000       0.31471887584202918     
   4.3333333333333330        7.3333333333333330       0.20181454037496593     
   4.3333333333333330        7.6666666666666661       0.13494916656124212     
   4.3333333333333330        8.0000000000000000        9.8321399258308059E-002
   4.3333333333333330        8.3333333333333321        6.6328936684285883E-002
   4.3333333333333330        8.6666666666666661        4.0810117619193474E-002
   4.3333333333333330        9.0000000000000000        2.5967203495621885E-002
   4.3333333333333330        9.3333333333333321        1.3692159879846120E-002
   4.3333333333333330        9.6666666666666661        6.1672903539195323E-003
   4.3333333333333330        10.000000000000000        0.0000000000000000     
 
   4.6666666666666661        0.0000000000000000        0.0000000000000000     
   4.6666666666666661       0.33333333333333331        3.0066192271186462E-003
   4.6666666666666661       0.66666666666666663        2.8631934680461532E-002
   4.6666666666666661        1.0000000000000000        3.1141655508772785E-002
   4.6666666666666661        1.3333333333333333        3.9516819842923739E-002
   4.6666666666666661        1.6666666666666665        4.8793540533728183E-002
   4.6666666666666661        2.0000000000000000        8.1982975530564772E-002
   4.6666666666666661        2.3333333333333330        9.1643086843422608E-002
   4.6666666666666661        2.6666666666666665       0.30436392626536768     
   4.6666666666666661        3.0000000000000000       0.30350029784295501     
   4.6666666666666661        3.3333333333333330       0.36530593746377554     
   4.6666666666666661        3.6666666666666665       0.49230378186033780     
   4.6666666666666661        4.0000000000000000       0.64818794838065363     
   4.6666666666666661        4.3333333333333330       0.71890259450315486     
   4.6666666666666661        4.6666666666666661       0.76164125339893307     
   4.6666666666666661        5.0000000000000000       0.76618745158204760     
   4.6666666666666661        5.3333333333333330       0.74648765255836214     
   4.6666666666666661        5.6666666666666661       0.70714517524366316     
   4.6666666666666661        6.0000000000000000       0.62794071337564994     
   4.6666666666666661        6.3333333333333330       0.54101609601414147     
   4.6666666666666661        6.6666666666666661       0.47547655722762389     
   4.6666666666666661        7.0000000000000000       0.15714719779252767     
   4.6666666666666661        7.3333333333333330       0.16235545941843385     
   4.6666666666666661        7.6666666666666661       0.13076541577238010     
   4.6666666666666661        8.0000000000000000        9.9860561904694459E-002
   4.6666666666666661        8.3333333333333321        6.8221741736717398E-002
   4.6666666666666661        8.6666666666666661        4.2518022684964282E-002
   4.6666666666666661        9.0000000000000000        2.6724252880506390E-002
   4.6666666666666661        9.3333333333333321        1.5160285123773419E-002
   4.6666666666666661        9.6666666666666661        6.8426241079734716E-003
   4.6666666666666661        10.000000000000000        0.0000000000000000     
 
   5.0000000000000000        0.0000000000000000        0.0000000000000000     
   5.0000000000000000       0.33333333333333331        3.0810003281463447E-003
   5.0000000000000000       0.66666666666666663        2.4971270619259071E-002
   5.0000000000000000        1.0000000000000000        3.1728317252232352E-002
   5.0000000000000000        1.3333333333333333        4.2083421930173559E-002
   5.0000000000000000        1.6666666666666665        5.6056793114846779E-002
   5.0000000000000000        2.0000000000000000        7.6112135613183529E-002
   5.0000000000000000        2.3333333333333330        8.8725251452492840E-002
   5.0000000000000000        2.6666666666666665       0.30456491081145270     
   5.0000000000000000        3.0000000000000000       0.30574009806639535     
   5.0000000000000000        3.3333333333333330       0.61664523932478044     
   5.0000000000000000        3.6666666666666665       0.59639199901260742     
   5.0000000000000000        4.0000000000000000       0.65627757361520400     
   5.0000000000000000        4.3333333333333330       0.70912070348660672     
   5.0000000000000000        4.6666666666666661       0.74383463826745466     
   5.0000000000000000        5.0000000000000000       0.75506596070145859     
   5.0000000000000000        5.3333333333333330       0.74889305929337247     
   5.0000000000000000        5.6666666666666661       0.74570232439018058     
   5.0000000000000000        6.0000000000000000       0.49054679916744198     
   5.0000000000000000        6.3333333333333330       0.48803221638839195     
   5.0000000000000000        6.6666666666666661       0.32825146283310602     
   5.0000000000000000        7.0000000000000000       0.19579341919663201     
   5.0000000000000000        7.3333333333333330       0.16417331493765935     
   5.0000000000000000        7.6666666666666661       0.13063658799807323     
   5.0000000000000000        8.0000000000000000       0.10680883335407210     
   5.0000000000000000        8.3333333333333321        4.5177564146998493E-002
   5.0000000000000000        8.6666666666666661        3.7436962991061515E-002
   5.0000000000000000        9.0000000000000000        2.5516500861354020E-002
   5.0000000000000000        9.3333333333333321        1.4796830724313498E-002
   5.0000000000000000        9.6666666666666661        6.7208038318426694E-003
   5.0000000000000000        10.000000000000000        0.0000000000000000     
 
   5.3333333333333330        0.0000000000000000        0.0000000000000000     
   5.3333333333333330       0.33333333333333331        6.5216499914265763E-003
   5.3333333333333330       0.66666666666666663        2.0328287214215625E-002
   5.3333333333333330        1.0000000000000000        3.1195879212641227E-002
   5.3333333333333330        1.3333333333333333        4.3913065082090731E-002
   5.3333333333333330        1.6666666666666665        6.0516736414172483E-002
   5.3333333333333330        2.0000000000000000        8.1363009747018433E-002
   5.3333333333333330        2.3333333333333330       0.10214850548099894     
   5.3333333333333330        2.6666666666666665       0.26933726223943727     
   5.3333333333333330        3.0000000000000000       0.30916752407527454     
   5.3333333333333330        3.3333333333333330       0.56438685080252959     
   5.3333333333333330        3.6666666666666665       0.60104757051737401     
   5.3333333333333330        4.0000000000000000       0.64731362686897231     
   5.3333333333333330        4.3333333333333330       0.68840874889526937     
   5.3333333333333330        4.6666666666666661       0.71622032843710826     
   5.3333333333333330        5.0000000000000000       0.72604249298542900     
   5.3333333333333330        5.3333333333333330       0.71296071733384547     
   5.3333333333333330        5.6666666666666661       0.52121941381921888     
   5.3333333333333330        6.0000000000000000       0.48124988578187222     
   5.3333333333333330        6.3333333333333330       0.42050301892560632     
   5.3333333333333330        6.6666666666666661       0.32724705481601868     
   5.3333333333333330        7.0000000000000000       0.23106360079759944     
   5.3333333333333330        7.3333333333333330       0.17229134449969466     
   5.3333333333333330        7.6666666666666661       0.12557385090454173     
   5.3333333333333330        8.0000000000000000        9.4737657668323969E-002
   5.3333333333333330        8.3333333333333321        5.6341324564243997E-002
   5.3333333333333330        8.6666666666666661        3.9529402255367073E-002
   5.3333333333333330        9.0000000000000000        2.5339054039993682E-002
   5.3333333333333330        9.3333333333333321        1.3192618635607844E-002
   5.3333333333333330        9.6666666666666661        5.9167042614696576E-003
   5.3333333333333330        10.000000000000000        0.0000000000000000     
 
   5.6666666666666661        0.0000000000000000        0.0000000000000000     
   5.6666666666666661       0.33333333333333331        3.2552100506707529E-003
   5.6666666666666661       0.66666666666666663        7.3156405990743058E-003
   5.6666666666666661        1.0000000000000000        2.9073175973426679E-002
   5.6666666666666661        1.3333333333333333        4.4745889849283883E-002
   5.6666666666666661        1.6666666666666665        6.4075964609383806E-002
   5.6666666666666661        2.0000000000000000        9.0317838470572384E-002
   5.6666666666666661        2.3333333333333330       0.13994003884021000     
   5.6666666666666661        2.6666666666666665       0.23036180205473664     
   5.6666666666666661        3.0000000000000000       0.35198223848618676     
   5.6666666666666661        3.3333333333333330       0.51334187852377666     
   5.6666666666666661        3.6666666666666665       0.57821678572665147     
   5.6666666666666661        4.0000000000000000       0.62134187664105978     
   5.6666666666666661        4.3333333333333330       0.65446255320527480     
   5.6666666666666661        4.6666666666666661       0.67644170106958346     
   5.6666666666666661        5.0000000000000000       0.68766904037805199     
   5.6666666666666661        5.3333333333333330       0.63212606047435127     
   5.6666666666666661        5.6666666666666661       0.54632777253419251     
   5.6666666666666661        6.0000000000000000       0.38191777718986142     
   5.6666666666666661        6.3333333333333330       0.37788529416629618     
   5.6666666666666661        6.6666666666666661       0.24108117230551671     
   5.6666666666666661        7.0000000000000000       0.16765187221888511     
   5.6666666666666661        7.3333333333333330       0.11316557889195521     
   5.6666666666666661        7.6666666666666661       0.10922832137342092     
   5.6666666666666661        8.0000000000000000        5.4727835014227982E-002
   5.6666666666666661        8.3333333333333321        4.9652965494332568E-002
   5.6666666666666661        8.6666666666666661        4.2112737196693319E-002
   5.6666666666666661        9.0000000000000000        7.1387147196197440E-003
   5.6666666666666661        9.3333333333333321        7.9985157850651183E-003
   5.6666666666666661        9.6666666666666661        4.3631330823820178E-003
   5.6666666666666661        10.000000000000000        0.0000000000000000     
 
   6.0000000000000000        0.0000000000000000        0.0000000000000000     
   6.0000000000000000       0.33333333333333331        3.5570557563368447E-003
   6.0000000000000000       0.66666666666666663        8.0874275751857058E-003
   6.0000000000000000        1.0000000000000000        1.5497540699554023E-002
   6.0000000000000000        1.3333333333333333        0.0000000000000000     
   6.0000000000000000        1.6666666666666665        7.4930355924917688E-002
   6.0000000000000000        2.0000000000000000        7.9568677079596084E-002
   6.0000000000000000        2.3333333333333330       0.13115145022244537     
   6.0000000000000000        2.6666666666666665       0.16148803771694714     
   6.0000000000000000        3.0000000000000000       0.55788358174965502     
   6.0000000000000000        3.3333333333333330       0.54804268104755105     
   6.0000000000000000        3.6666666666666665       0.56214581961768606     
   6.0000000000000000        4.0000000000000000       0.58651593460844487     
   6.0000000000000000        4.3333333333333330       0.60910900506063381     
   6.0000000000000000        4.6666666666666661       0.62171845398846837     
   6.0000000000000000        5.0000000000000000       0.55295663133289974     
   6.0000000000000000        5.3333333333333330       0.55705505059324067     
   6.0000000000000000        5.6666666666666661       0.46811908521394885     
   6.0000000000000000        6.0000000000000000       0.38055520466424253     
   6.0000000000000000        6.3333333333333330       0.32606315496823163     
   6.0000000000000000        6.6666666666666661       0.24263290833532861     
   6.0000000000000000        7.0000000000000000       0.17135634759954244     
   6.0000000000000000        7.3333333333333330       0.12169015643866715     
   6.0000000000000000        7.6666666666666661        9.3582833947984306E-002
   6.0000000000000000        8.0000000000000000        6.3709221494435114E-002
   6.0000000000000000        8.3333333333333321        4.9133111063058288E-002
   6.0000000000000000        8.6666666666666661        4.0565266428815708E-002
   6.0000000000000000        9.0000000000000000        1.2112957598094828E-002
   6.0000000000000000        9.3333333333333321        8.1820673291915606E-003
   6.0000000000000000        9.6666666666666661        4.0244046540281204E-003
   6.0000000000000000        10.000000000000000        0.0000000000000000     
 
   6.3333333333333330        0.0000000000000000        0.0000000000000000     
   6.3333333333333330       0.33333333333333331        3.2454553772159672E-003
   6.3333333333333330       0.66666666666666663        6.7596785804101738E-003
   6.3333333333333330        1.0000000000000000        1.0630365996923023E-002
   6.3333333333333330        1.3333333333333333        3.0142459875756436E-002
   6.3333333333333330        1.6666666666666665        6.2170020609881721E-002
   6.3333333333333330        2.0000000000000000        7.7847192652967093E-002
   6.3333333333333330        2.3333333333333330       0.10535639673205213     
   6.3333333333333330        2.6666666666666665       0.12670167922190767     
   6.3333333333333330        3.0000000000000000       0.13581964333892868     
   6.3333333333333330        3.3333333333333330       0.53117699521414563     
   6.3333333333333330        3.6666666666666665       0.52356411508738065     
   6.3333333333333330        4.0000000000000000       0.53860079733609567     
   6.3333333333333330        4.3333333333333330       0.55613646674578654     
   6.3333333333333330        4.6666666666666661       0.56007087268162015     
   6.3333333333333330        5.0000000000000000       0.53273642317454062     
   6.3333333333333330        5.3333333333333330       0.36961145549203939     
   6.3333333333333330        5.6666666666666661       0.37658237108440712     
   6.3333333333333330        6.0000000000000000       0.34016001336208962     
   6.3333333333333330        6.3333333333333330       0.30027019507436548     
   6.3333333333333330        6.6666666666666661       0.23283656239093936     
   6.3333333333333330        7.0000000000000000       0.15651413416256751     
   6.3333333333333330        7.3333333333333330       0.11273162581829456     
   6.3333333333333330        7.6666666666666661        8.3976035591658088E-002
   6.3333333333333330        8.0000000000000000        6.1352210370868125E-002
   6.3333333333333330        8.3333333333333321        4.6239914364570159E-002
   6.3333333333333330        8.6666666666666661        3.3771218535045125E-002
   6.3333333333333330        9.0000000000000000        1.7348226260195745E-002
   6.3333333333333330        9.3333333333333321        9.5072006163701480E-003
   6.3333333333333330        9.6666666666666661        4.0159446139699743E-003
   6.3333333333333330        10.000000000000000        0.0000000000000000     
 
   6.6666666666666661        0.0000000000000000        0.0000000000000000     
   6.6666666666666661       0.33333333333333331        3.0130714134318699E-003
   6.6666666666666661       0.66666666666666663        5.7666802972061318E-003
   6.6666666666666661        1.0000000000000000        2.4471689884068192E-002
   6.6666666666666661        1.3333333333333333        3.3215740548189120E-002
   6.6666666666666661        1.6666666666666665        5.0830747593638391E-002
   6.6666666666666661        2.0000000000000000        6.8878742016357117E-002
   6.6666666666666661        2.3333333333333330        9.0562919803131414E-002
   6.6666666666666661        2.6666666666666665       0.11810322665884131     
   6.6666666666666661        3.0000000000000000       0.14249286635979830     
   6.6666666666666661        3.3333333333333330       0.35534858499994498     
   6.6666666666666661        3.6666666666666665       0.45374472701136803     
   6.6666666666666661        4.0000000000000000       0.47767855613296467     
   6.6666666666666661        4.3333333333333330       0.50406319247503650     
   6.6666666666666661        4.6666666666666661       0.51553332344368974     
   6.6666666666666661        5.0000000000000000       0.47182082618160348     
   6.6666666666666661        5.3333333333333330       0.35781499928651878     
   6.6666666666666661        5.6666666666666661       0.32264132137040441     
   6.6666666666666661        6.0000000000000000       0.29949315871324300     
   6.6666666666666661        6.3333333333333330       0.14519672614220755     
   6.6666666666666661        6.6666666666666661       0.10951124223121400     
   6.6666666666666661        7.0000000000000000       0.11223536036879359     
   6.6666666666666661        7.3333333333333330        9.2676123348516409E-002
   6.6666666666666661        7.6666666666666661        7.2305945274606820E-002
   6.6666666666666661        8.0000000000000000        5.5309273660719020E-002
   6.6666666666666661        8.3333333333333321        4.4137072262720747E-002
   6.6666666666666661        8.6666666666666661        1.7366554913749908E-002
   6.6666666666666661        9.0000000000000000        1.5712521924954145E-002
   6.6666666666666661        9.3333333333333321        5.3355864515398166E-003
   6.6666666666666661        9.6666666666666661        2.9940285823982990E-003
   6.6666666666666661        10.000000000000000        0.0000000000000000     
 
   7.0000000000000000        0.0000000000000000        0.0000000000000000     
   7.0000000000000000       0.33333333333333331        3.3855672648560467E-003
   7.0000000000000000       0.66666666666666663        8.1726726975920490E-003
   7.0000000000000000        1.0000000000000000        1.8210541436921971E-002
   7.0000000000000000        1.3333333333333333        3.0510574360785254E-002
   7.0000000000000000        1.6666666666666665        4.2982998190416725E-002
   7.0000000000000000        2.0000000000000000        6.0794607586737159E-002
   7.0000000000000000        2.3333333333333330        7.4900753700473069E-002
   7.0000000000000000        2.6666666666666665       0.14657321536317403     
   7.0000000000000000        3.0000000000000000       0.17957559141837667     
   7.0000000000000000        3.3333333333333330       0.25690778290380872     
   7.0000000000000000        3.6666666666666665       0.34729123547240842     
   7.0000000000000000        4.0000000000000000       0.40813051808399103     
   7.0000000000000000        4.3333333333333330       0.45845194075315171     
   7.0000000000000000        4.6666666666666661       0.12432013324610290     
   7.0000000000000000        5.0000000000000000       0.22509839723873912     
   7.0000000000000000        5.3333333333333330       0.26303483081091567     
   7.0000000000000000        5.6666666666666661       0.25387447392419860     
   7.0000000000000000        6.0000000000000000       0.23389671461814251     
   7.0000000000000000        6.3333333333333330       0.14906337855169355     
   7.0000000000000000        6.6666666666666661       0.11107173278839449     
   7.0000000000000000        7.0000000000000000        9.4259934998790790E-002
   7.0000000000000000        7.3333333333333330        7.7510203284820070E-002
   7.0000000000000000        7.6666666666666661        6.1218621895241451E-002
   7.0000000000000000        8.0000000000000000        4.7100244972489484E-002
   7.0000000000000000        8.3333333333333321        3.4189921152536003E-002
   7.0000000000000000        8.6666666666666661        2.0858866272965230E-002
   7.0000000000000000        9.0000000000000000        1.4102270470797902E-002
   7.0000000000000000        9.3333333333333321        8.3358475816995986E-003
   7.0000000000000000        9.6666666666666661        1.0513090247846518E-003
   7.0000000000000000        10.000000000000000        0.0000000000000000     
 
   7.3333333333333330        0.0000000000000000        0.0000000000000000     
   7.3333333333333330       0.33333333333333331        2.7524714357847540E-003
   7.3333333333333330       0.66666666666666663        6.2397157189647313E-003
   7.3333333333333330        1.0000000000000000        1.1575678193203393E-002
   7.3333333333333330        1.3333333333333333        2.7906096752281319E-002
   7.3333333333333330        1.6666666666666665        3.3440603904575317E-002
   7.3333333333333330        2.0000000000000000        6.0621294002370325E-002
   7.3333333333333330        2.3333333333333330        7.8157359843223903E-002
   7.3333333333333330        2.6666666666666665       0.11917452283701188     
   7.3333333333333330        3.0000000000000000       0.17761594969391026     
   7.3333333333333330        3.3333333333333330       0.23931817875110153     
   7.3333333333333330        3.6666666666666665       0.28775589398789791     
   7.3333333333333330        4.0000000000000000       0.34729123547240842     
   7.3333333333333330        4.3333333333333330       0.12432013324610290     
   7.3333333333333330        4.6666666666666661       0.12921834058409409     
   7.3333333333333330        5.0000000000000000       0.18894729450061648     
   7.3333333333333330        5.3333333333333330       0.21539742201416701     
   7.3333333333333330        5.6666666666666661       0.19605840926955770     
   7.3333333333333330        6.0000000000000000       0.10122036827488813     
   7.3333333333333330        6.3333333333333330       0.10944242382166665     
   7.3333333333333330        6.6666666666666661        9.5605269466300644E-002
   7.3333333333333330        7.0000000000000000        8.0446683135449878E-002
   7.3333333333333330        7.3333333333333330        6.5974545913197055E-002
   7.3333333333333330        7.6666666666666661        5.1744014093179330E-002
   7.3333333333333330        8.0000000000000000        4.1055327172324907E-002
   7.3333333333333330        8.3333333333333321        2.7458859763474858E-002
   7.3333333333333330        8.6666666666666661        1.9796865042067416E-002
   7.3333333333333330        9.0000000000000000        1.3013435559851816E-002
   7.3333333333333330        9.3333333333333321        6.5400769161450172E-003
   7.3333333333333330        9.6666666666666661        2.2387629286135542E-003
   7.3333333333333330        10.000000000000000        0.0000000000000000     
 
   7.6666666666666661        0.0000000000000000        0.0000000000000000     
   7.6666666666666661       0.33333333333333331        1.7211372387930764E-003
   7.6666666666666661       0.66666666666666663        3.1927225392806755E-003
   7.6666666666666661        1.0000000000000000        2.2649459833102938E-002
   7.6666666666666661        1.3333333333333333        2.5478236529183108E-002
   7.6666666666666661        1.6666666666666665        3.2776686488013629E-002
   7.6666666666666661        2.0000000000000000        4.7563961016024649E-002
   7.6666666666666661        2.3333333333333330        6.2763282611598636E-002
   7.6666666666666661        2.6666666666666665        7.9613912847380494E-002
   7.6666666666666661        3.0000000000000000        6.5916051881872967E-002
   7.6666666666666661        3.3333333333333330       0.15776217829228098     
   7.6666666666666661        3.6666666666666665       0.22034642858206041     
   7.6666666666666661        4.0000000000000000        2.7146047878279018E-002
   7.6666666666666661        4.3333333333333330        6.5152042715564892E-002
   7.6666666666666661        4.6666666666666661        8.3648334062891613E-002
   7.6666666666666661        5.0000000000000000        4.8002771275654992E-002
   7.6666666666666661        5.3333333333333330       0.11696754291362227     
   7.6666666666666661        5.6666666666666661       0.12091480957275569     
   7.6666666666666661        6.0000000000000000        9.7316486429762580E-002
   7.6666666666666661        6.3333333333333330        9.6075160802290255E-002
   7.6666666666666661        6.6666666666666661        8.5824253130084599E-002
   7.6666666666666661        7.0000000000000000        7.0256405607943828E-002
   7.6666666666666661        7.3333333333333330        5.8205725989163126E-002
   7.6666666666666661        7.6666666666666661        4.2273314485974670E-002
   7.6666666666666661        8.0000000000000000        1.4715675086279960E-002
   7.6666666666666661        8.3333333333333321        1.7203561592515435E-002
   7.6666666666666661        8.6666666666666661        5.7610021948572582E-003
   7.6666666666666661        9.0000000000000000        3.2121156767072382E-003
   7.6666666666666661        9.3333333333333321        3.3387577197090258E-003
   7.6666666666666661        9.6666666666666661        1.6418553788436179E-003
   7.6666666666666661        10.000000000000000        0.0000000000000000     
 
   8.0000000000000000        0.0000000000000000        0.0000000000000000     
   8.0000000000000000       0.33333333333333331        1.1656742459569441E-003
   8.0000000000000000       0.66666666666666663        2.0283454274165522E-003
   8.0000000000000000        1.0000000000000000        1.9040368361339887E-002
   8.0000000000000000        1.3333333333333333        2.1518294895990300E-002
   8.0000000000000000        1.6666666666666665        2.7930283165492027E-002
   8.0000000000000000        2.0000000000000000        3.8076661469930655E-002
   8.0000000000000000        2.3333333333333330        5.0230982560627364E-002
   8.0000000000000000        2.6666666666666665        6.1805574780842094E-002
   8.0000000000000000        3.0000000000000000        7.1145178046901722E-002
   8.0000000000000000        3.3333333333333330       0.10062951100876699     
   8.0000000000000000        3.6666666666666665        2.7146047878279018E-002
   8.0000000000000000        4.0000000000000000        2.9848500389985759E-002
   8.0000000000000000        4.3333333333333330        5.0726581249139126E-002
   8.0000000000000000        4.6666666666666661        6.0852766044593651E-002
   8.0000000000000000        5.0000000000000000        5.2302047946626247E-002
   8.0000000000000000        5.3333333333333330        6.0431558148118548E-002
   8.0000000000000000        5.6666666666666661        7.6820011257025603E-002
   8.0000000000000000        6.0000000000000000        7.5123392360725044E-002
   8.0000000000000000        6.3333333333333330        0.0000000000000000     
   8.0000000000000000        6.6666666666666661        5.6203495867757039E-002
   8.0000000000000000        7.0000000000000000        6.0921730821849804E-002
   8.0000000000000000        7.3333333333333330        1.4098531991457193E-002
   8.0000000000000000        7.6666666666666661        1.9985595655932189E-002
   8.0000000000000000        8.0000000000000000        1.3818671766479681E-002
   8.0000000000000000        8.3333333333333321        1.1181830624683659E-002
   8.0000000000000000        8.6666666666666661        6.5495455588827807E-003
   8.0000000000000000        9.0000000000000000        3.5387404397811055E-003
   8.0000000000000000        9.3333333333333321        2.4012827732206145E-003
   8.0000000000000000        9.6666666666666661        1.2104602916285876E-003
   8.0000000000000000        10.000000000000000        0.0000000000000000     
 
   8.3333333333333321        0.0000000000000000        0.0000000000000000     
   8.3333333333333321       0.33333333333333331        1.0810245141998226E-003
   8.3333333333333321       0.66666666666666663        2.0157539646161265E-003
   8.3333333333333321        1.0000000000000000        1.1118756081315623E-002
   8.3333333333333321        1.3333333333333333        1.6214255724374654E-002
   8.3333333333333321        1.6666666666666665        2.2343239798178396E-002
   8.3333333333333321        2.0000000000000000        3.0150548020008036E-002
   8.3333333333333321        2.3333333333333330        4.2460827045638895E-002
   8.3333333333333321        2.6666666666666665        5.0903527568691223E-002
   8.3333333333333321        3.0000000000000000        6.1302615983964796E-002
   8.3333333333333321        3.3333333333333330        7.8355941113595839E-002
   8.3333333333333321        3.6666666666666665        1.5342003208779820E-002
   8.3333333333333321        4.0000000000000000        1.7097240928712346E-002
   8.3333333333333321        4.3333333333333330        4.3768613008071519E-003
   8.3333333333333321        4.6666666666666661        3.3181634853750122E-003
   8.3333333333333321        5.0000000000000000        4.4201556551315441E-002
   8.3333333333333321        5.3333333333333330        4.7545040569323425E-002
   8.3333333333333321        5.6666666666666661        5.4388480099796917E-002
   8.3333333333333321        6.0000000000000000        5.4975815948068572E-002
   8.3333333333333321        6.3333333333333330        2.0571251396197764E-002
   8.3333333333333321        6.6666666666666661        0.0000000000000000     
   8.3333333333333321        7.0000000000000000        7.5690327396286039E-003
   8.3333333333333321        7.3333333333333330        9.6616800812813521E-003
   8.3333333333333321        7.6666666666666661        1.1570454637130332E-002
   8.3333333333333321        8.0000000000000000        1.0857520066482284E-002
   8.3333333333333321        8.3333333333333321        8.4099822680148689E-003
   8.3333333333333321        8.6666666666666661        2.4347297177516485E-003
   8.3333333333333321        9.0000000000000000        2.4857240701512207E-003
   8.3333333333333321        9.3333333333333321        1.8595785907758087E-003
   8.3333333333333321        9.6666666666666661        9.7378349175996758E-004
   8.3333333333333321        10.000000000000000        0.0000000000000000     
 
   8.6666666666666661        0.0000000000000000        0.0000000000000000     
   8.6666666666666661       0.33333333333333331        1.3087050030418882E-003
   8.6666666666666661       0.66666666666666663        3.2435728369509947E-003
   8.6666666666666661        1.0000000000000000        7.5323444242899095E-003
   8.6666666666666661        1.3333333333333333        1.1915845949696968E-002
   8.6666666666666661        1.6666666666666665        1.7640627424270219E-002
   8.6666666666666661        2.0000000000000000        2.0835723565542953E-002
   8.6666666666666661        2.3333333333333330        3.0849434847393307E-002
   8.6666666666666661        2.6666666666666665        4.2432125376051039E-002
   8.6666666666666661        3.0000000000000000        4.9628129771033383E-002
   8.6666666666666661        3.3333333333333330        0.0000000000000000     
   8.6666666666666661        3.6666666666666665        5.3246567220162772E-003
   8.6666666666666661        4.0000000000000000        7.9067828865291376E-003
   8.6666666666666661        4.3333333333333330        5.0454143622917043E-003
   8.6666666666666661        4.6666666666666661        3.8753618132106034E-003
   8.6666666666666661        5.0000000000000000        3.1670623217852502E-002
   8.6666666666666661        5.3333333333333330        3.4400814286362505E-002
   8.6666666666666661        5.6666666666666661        4.1526123286073108E-002
   8.6666666666666661        6.0000000000000000        3.8739404059461684E-002
   8.6666666666666661        6.3333333333333330        2.2466547375583144E-002
   8.6666666666666661        6.6666666666666661        6.0064435177489897E-003
   8.6666666666666661        7.0000000000000000        6.4209147464052768E-003
   8.6666666666666661        7.3333333333333330        6.5122047161397766E-003
   8.6666666666666661        7.6666666666666661        7.0183609950638685E-003
   8.6666666666666661        8.0000000000000000        3.2855459368981740E-003
   8.6666666666666661        8.3333333333333321        4.1963237104104285E-003
   8.6666666666666661        8.6666666666666661        2.7634135019417197E-003
   8.6666666666666661        9.0000000000000000        7.4470849410947270E-004
   8.6666666666666661        9.3333333333333321        4.0224252817952760E-004
   8.6666666666666661        9.6666666666666661        0.0000000000000000     
   8.6666666666666661        10.000000000000000        0.0000000000000000     
 
   9.0000000000000000        0.0000000000000000        0.0000000000000000     
   9.0000000000000000       0.33333333333333331        1.1129582547463118E-003
   9.0000000000000000       0.66666666666666663        2.6009771888317271E-003
   9.0000000000000000        1.0000000000000000        4.9095134515825152E-003
   9.0000000000000000        1.3333333333333333        7.8539423032712007E-003
   9.0000000000000000        1.6666666666666665        1.0201945157694760E-002
   9.0000000000000000        2.0000000000000000        1.7174328912226661E-002
   9.0000000000000000        2.3333333333333330        2.2646969282793028E-002
   9.0000000000000000        2.6666666666666665        2.4434653012603530E-004
   9.0000000000000000        3.0000000000000000        4.5276348888937063E-004
   9.0000000000000000        3.3333333333333330        2.1552184514973716E-003
   9.0000000000000000        3.6666666666666665        3.4545919103839929E-003
   9.0000000000000000        4.0000000000000000        5.1346478220901581E-003
   9.0000000000000000        4.3333333333333330        4.7458427718328738E-003
   9.0000000000000000        4.6666666666666661        4.1916039814007968E-004
   9.0000000000000000        5.0000000000000000        1.7790025313724436E-002
   9.0000000000000000        5.3333333333333330        1.9549095583034123E-002
   9.0000000000000000        5.6666666666666661        5.2169518731786527E-003
   9.0000000000000000        6.0000000000000000        7.0168925865071981E-003
   9.0000000000000000        6.3333333333333330        9.9724021316436300E-003
   9.0000000000000000        6.6666666666666661        6.3491730854539821E-003
   9.0000000000000000        7.0000000000000000        2.9200388246370867E-003
   9.0000000000000000        7.3333333333333330        3.7586480822647860E-003
   9.0000000000000000        7.6666666666666661        3.8158735012931381E-003
   9.0000000000000000        8.0000000000000000        2.8515325522397430E-003
   9.0000000000000000        8.3333333333333321        2.8984857965023694E-003
   9.0000000000000000        8.6666666666666661        2.0730451022933729E-003
   9.0000000000000000        9.0000000000000000        8.7760909568404490E-004
   9.0000000000000000        9.3333333333333321        4.7915518398206828E-004
   9.0000000000000000        9.6666666666666661        3.5063616828409089E-005
   9.0000000000000000        10.000000000000000        0.0000000000000000     
 
   9.3333333333333321        0.0000000000000000        0.0000000000000000     
   9.3333333333333321       0.33333333333333331        7.1872987346595178E-004
   9.3333333333333321       0.66666666666666663        1.5380725797497609E-003
   9.3333333333333321        1.0000000000000000        2.3752784388565121E-003
   9.3333333333333321        1.3333333333333333        2.7369988990113415E-003
   9.3333333333333321        1.6666666666666665        4.6082613489119842E-003
   9.3333333333333321        2.0000000000000000        4.6024205479348087E-004
   9.3333333333333321        2.3333333333333330        2.4074622408592515E-004
   9.3333333333333321        2.6666666666666665        2.9112602281735961E-004
   9.3333333333333321        3.0000000000000000        5.3402523904589694E-004
   9.3333333333333321        3.3333333333333330        1.1809945846464991E-003
   9.3333333333333321        3.6666666666666665        1.6944683989745342E-003
   9.3333333333333321        4.0000000000000000        0.0000000000000000     
   9.3333333333333321        4.3333333333333330        3.6298967294506824E-004
   9.3333333333333321        4.6666666666666661        4.7961986522869720E-004
   9.3333333333333321        5.0000000000000000        4.9406566177525191E-003
   9.3333333333333321        5.3333333333333330        8.2190446943602672E-003
   9.3333333333333321        5.6666666666666661        5.8615364504169386E-003
   9.3333333333333321        6.0000000000000000        4.8159873655249878E-003
   9.3333333333333321        6.3333333333333330        5.0334080301098006E-003
   9.3333333333333321        6.6666666666666661        3.7904912563390555E-003
   9.3333333333333321        7.0000000000000000        2.4891054282018235E-003
   9.3333333333333321        7.3333333333333330        2.2919265569833467E-003
   9.3333333333333321        7.6666666666666661        2.1450979947769087E-003
   9.3333333333333321        8.0000000000000000        1.8199556885977793E-003
   9.3333333333333321        8.3333333333333321        2.2912058397200097E-004
   9.3333333333333321        8.6666666666666661        2.3709627011078097E-004
   9.3333333333333321        9.0000000000000000        3.6088096721823552E-004
   9.3333333333333321        9.3333333333333321        2.4407931017787711E-004
   9.3333333333333321        9.6666666666666661        7.6956254854159518E-005
   9.3333333333333321        10.000000000000000        0.0000000000000000     
 
   9.6666666666666661        0.0000000000000000        0.0000000000000000     
   9.6666666666666661       0.33333333333333331        3.4123179591683548E-004
   9.6666666666666661       0.66666666666666663        7.0309981319156844E-004
   9.6666666666666661        1.0000000000000000        1.0483803937615774E-003
   9.6666666666666661        1.3333333333333333        1.2833853426159455E-003
   9.6666666666666661        1.6666666666666665        1.5492987905417770E-003
   9.6666666666666661        2.0000000000000000        5.3934171560510700E-004
   9.6666666666666661        2.3333333333333330        2.3440439444924192E-004
   9.6666666666666661        2.6666666666666665        1.9797308164318621E-004
   9.6666666666666661        3.0000000000000000        3.0149338528945508E-004
   9.6666666666666661        3.3333333333333330        5.2522968656843025E-004
   9.6666666666666661        3.6666666666666665        7.0315007281859093E-004
   9.6666666666666661        4.0000000000000000        1.3878979870697201E-004
   9.6666666666666661        4.3333333333333330        2.9615324689708200E-004
   9.6666666666666661        4.6666666666666661        7.2086835789100714E-004
   9.6666666666666661        5.0000000000000000        2.1930562693920253E-003
   9.6666666666666661        5.3333333333333330        3.3523974910129634E-003
   9.6666666666666661        5.6666666666666661        8.9414600281373607E-004
   9.6666666666666661        6.0000000000000000        1.8983002428666035E-003
   9.6666666666666661        6.3333333333333330        2.1069842611733808E-003
   9.6666666666666661        6.6666666666666661        1.7424131031268534E-003
   9.6666666666666661        7.0000000000000000        1.2881740284820895E-003
   9.6666666666666661        7.3333333333333330        1.0954844357346943E-003
   9.6666666666666661        7.6666666666666661        9.5834732978716840E-004
   9.6666666666666661        8.0000000000000000        7.3386864791023527E-004
   9.6666666666666661        8.3333333333333321        2.6895699009483895E-004
   9.6666666666666661        8.6666666666666661        1.5672242141640308E-004
   9.6666666666666661        9.0000000000000000        1.4867270059581718E-004
   9.6666666666666661        9.3333333333333321        1.0412936388924536E-004
   9.6666666666666661        9.6666666666666661        4.3211173856933668E-005
   9.6666666666666661        10.000000000000000        0.0000000000000000     
 
   10.000000000000000        0.0000000000000000        0.0000000000000000     
   10.000000000000000       0.33333333333333331        0.0000000000000000     
   10.000000000000000       0.66666666666666663        0.0000000000000000     
   10.000000000000000        1.0000000000000000        0.0000000000000000     
   10.000000000000000        1.3333333333333333        0.0000000000000000     
   10.000000000000000        1.6666666666666665        0.0000000000000000     
   10.000000000000000        2.0000000000000000        0.0000000000000000     
   10.000000000000000        2.3333333333333330        0.0000000000000000     
   10.000000000000000        2.6666666666666665        0.0000000000000000     
   10.000000000000000        3.0000000000000000        0.0000000000000000     
   10.000000000000000        3.3333333333333330        0.0000000000000000     
   10.000000000000000        3.6666666666666665        0.0000000000000000     
   10.000000000000000        4.0000000000000000        0.0000000000000000     
   10.000000000000000        4.3333333333333330        0.0000000000000000     
   10.000000000000000        4.6666666666666661        0.0000000000000000     
   10.000000000000000        5.0000000000000000        0.0000000000000000     
   10.000000000000000        5.3333333333333330        0.0000000000000000     
   10.000000000000000        5.6666666666666661        0.0000000000000000     
   10.000000000000000        6.0000000000000000        0.0000000000000000     
   10.000000000000000        6.3333333333333330        0.0000000000000000     
   10.000000000000000        6.6666666666666661        0.0000000000000000     
   10.000000000000000        7.0000000000000000        0.0000000000000000     
   10.000000000000000        7.3333333333333330        0.0000000000000000     
   10.000000000000000        7.6666666666666661        0.0000000000000000     
   10.000000000000000        8.0000000000000000        0.0000000000000000     
   10.000000000000000        8.3333333333333321        0.0000000000000000     
   10.000000000000000        8.6666666666666661        0.0000000000000000     
   10.000000000000000        9.0000000000000000        0.0000000000000000     
   10.000000000000000        9.3333333333333321        0.0000000000000000     
   10.000000000000000        9.6666666666666661        0.0000000000000000     
   10.000000000000000        10.000000000000000        0.0000000000000000     
 
