   0.0000000000000000        0.0000000000000000        0.0000000000000000     
   0.0000000000000000       0.33333333333333331        0.0000000000000000     
   0.0000000000000000       0.66666666666666663        0.0000000000000000     
   0.0000000000000000        1.0000000000000000        0.0000000000000000     
   0.0000000000000000        1.3333333333333333        0.0000000000000000     
   0.0000000000000000        1.6666666666666665        0.0000000000000000     
   0.0000000000000000        2.0000000000000000        0.0000000000000000     
   0.0000000000000000        2.3333333333333330        0.0000000000000000     
   0.0000000000000000        2.6666666666666665        0.0000000000000000     
   0.0000000000000000        3.0000000000000000        0.0000000000000000     
   0.0000000000000000        3.3333333333333330        0.0000000000000000     
   0.0000000000000000        3.6666666666666665        0.0000000000000000     
   0.0000000000000000        4.0000000000000000        0.0000000000000000     
   0.0000000000000000        4.3333333333333330        0.0000000000000000     
   0.0000000000000000        4.6666666666666661        0.0000000000000000     
   0.0000000000000000        5.0000000000000000        0.0000000000000000     
   0.0000000000000000        5.3333333333333330        0.0000000000000000     
   0.0000000000000000        5.6666666666666661        0.0000000000000000     
   0.0000000000000000        6.0000000000000000        0.0000000000000000     
   0.0000000000000000        6.3333333333333330        0.0000000000000000     
   0.0000000000000000        6.6666666666666661        0.0000000000000000     
   0.0000000000000000        7.0000000000000000        0.0000000000000000     
   0.0000000000000000        7.3333333333333330        0.0000000000000000     
   0.0000000000000000        7.6666666666666661        0.0000000000000000     
   0.0000000000000000        8.0000000000000000        0.0000000000000000     
   0.0000000000000000        8.3333333333333321        0.0000000000000000     
   0.0000000000000000        8.6666666666666661        0.0000000000000000     
   0.0000000000000000        9.0000000000000000        0.0000000000000000     
   0.0000000000000000        9.3333333333333321        0.0000000000000000     
   0.0000000000000000        9.6666666666666661        0.0000000000000000     
   0.0000000000000000        10.000000000000000        0.0000000000000000     
 
  0.33333333333333331        0.0000000000000000        0.0000000000000000     
  0.33333333333333331       0.33333333333333331        6.5658702770371411E-005
  0.33333333333333331       0.66666666666666663        1.0995213510509902E-004
  0.33333333333333331        1.0000000000000000        1.1035134426777515E-004
  0.33333333333333331        1.3333333333333333        2.3922768273174273E-004
  0.33333333333333331        1.6666666666666665        3.6518066472829167E-004
  0.33333333333333331        2.0000000000000000        5.8506966790982610E-004
  0.33333333333333331        2.3333333333333330        7.5767214851586891E-004
  0.33333333333333331        2.6666666666666665        7.0056263265461777E-004
  0.33333333333333331        3.0000000000000000        1.4427319159155388E-003
  0.33333333333333331        3.3333333333333330        1.6128020063321570E-003
  0.33333333333333331        3.6666666666666665        1.5494249305606977E-003
  0.33333333333333331        4.0000000000000000        1.5697788292507902E-003
  0.33333333333333331        4.3333333333333330        1.6076439803050619E-003
  0.33333333333333331        4.6666666666666661        1.0839848655646812E-003
  0.33333333333333331        5.0000000000000000        1.7830860363646482E-003
  0.33333333333333331        5.3333333333333330        4.4730452167573214E-003
  0.33333333333333331        5.6666666666666661        5.7213456334071393E-003
  0.33333333333333331        6.0000000000000000        6.6526017705396002E-003
  0.33333333333333331        6.3333333333333330        7.1901169457916072E-003
  0.33333333333333331        6.6666666666666661        4.9368858214909172E-003
  0.33333333333333331        7.0000000000000000        8.0824403265355831E-003
  0.33333333333333331        7.3333333333333330        3.6022911727391850E-003
  0.33333333333333331        7.6666666666666661        3.0788978208353816E-003
  0.33333333333333331        8.0000000000000000        2.2860475162994696E-003
  0.33333333333333331        8.3333333333333321        1.4889762350449390E-003
  0.33333333333333331        8.6666666666666661        1.1017260640695694E-003
  0.33333333333333331        9.0000000000000000        7.8299577313081044E-004
  0.33333333333333331        9.3333333333333321        4.2119498496213980E-004
  0.33333333333333331        9.6666666666666661        1.7976704235188312E-004
  0.33333333333333331        10.000000000000000        0.0000000000000000     
 
  0.66666666666666663        0.0000000000000000        0.0000000000000000     
  0.66666666666666663       0.33333333333333331        1.6276617205433666E-004
  0.66666666666666663       0.66666666666666663        2.8089379967958264E-004
  0.66666666666666663        1.0000000000000000        6.1544107255256920E-004
  0.66666666666666663        1.3333333333333333        5.2031932425544020E-004
  0.66666666666666663        1.6666666666666665        6.9437277692504498E-004
  0.66666666666666663        2.0000000000000000        1.3064411585970617E-003
  0.66666666666666663        2.3333333333333330        1.8557323065027914E-003
  0.66666666666666663        2.6666666666666665        4.1309476955364013E-003
  0.66666666666666663        3.0000000000000000        3.6495385516669260E-003
  0.66666666666666663        3.3333333333333330        3.6711504248414495E-003
  0.66666666666666663        3.6666666666666665        3.2239989788262697E-003
  0.66666666666666663        4.0000000000000000        3.3357271989548727E-003
  0.66666666666666663        4.3333333333333330        3.9915917613277917E-003
  0.66666666666666663        4.6666666666666661        0.0000000000000000     
  0.66666666666666663        5.0000000000000000        1.1047505414848497E-002
  0.66666666666666663        5.3333333333333330        1.0878121590176622E-002
  0.66666666666666663        5.6666666666666661        1.2348374817839214E-002
  0.66666666666666663        6.0000000000000000        1.4341249768548194E-002
  0.66666666666666663        6.3333333333333330        1.7826835622394337E-002
  0.66666666666666663        6.6666666666666661        3.0253509487608417E-002
  0.66666666666666663        7.0000000000000000        2.4514933750801410E-002
  0.66666666666666663        7.3333333333333330        6.0514607363237058E-003
  0.66666666666666663        7.6666666666666661        6.7645411462981730E-003
  0.66666666666666663        8.0000000000000000        4.8452654397647408E-003
  0.66666666666666663        8.3333333333333321        2.7575740659196400E-003
  0.66666666666666663        8.6666666666666661        2.2847429245207757E-003
  0.66666666666666663        9.0000000000000000        1.7201305703677078E-003
  0.66666666666666663        9.3333333333333321        7.8409646743829811E-004
  0.66666666666666663        9.6666666666666661        3.2505165126306261E-004
  0.66666666666666663        10.000000000000000        0.0000000000000000     
 
   1.0000000000000000        0.0000000000000000        0.0000000000000000     
   1.0000000000000000       0.33333333333333331        3.2854014553328274E-004
   1.0000000000000000       0.66666666666666663        6.1150798385776442E-004
   1.0000000000000000        1.0000000000000000        8.0671129126744885E-004
   1.0000000000000000        1.3333333333333333        6.1544107255256920E-004
   1.0000000000000000        1.6666666666666665        2.1143780165026383E-003
   1.0000000000000000        2.0000000000000000        2.2850449358274572E-003
   1.0000000000000000        2.3333333333333330        3.7660134839346770E-003
   1.0000000000000000        2.6666666666666665        5.1571920731726317E-003
   1.0000000000000000        3.0000000000000000        5.8213102442156604E-003
   1.0000000000000000        3.3333333333333330        6.6574460734370559E-003
   1.0000000000000000        3.6666666666666665        4.7614458577927695E-003
   1.0000000000000000        4.0000000000000000        5.0009390091836853E-003
   1.0000000000000000        4.3333333333333330        7.5496358409365390E-003
   1.0000000000000000        4.6666666666666661        1.1116024977041736E-002
   1.0000000000000000        5.0000000000000000        1.2510188999779156E-002
   1.0000000000000000        5.3333333333333330        1.6817754864308289E-002
   1.0000000000000000        5.6666666666666661        1.9679422663057562E-002
   1.0000000000000000        6.0000000000000000        2.1860123425695991E-002
   1.0000000000000000        6.3333333333333330        3.3460474247596461E-002
   1.0000000000000000        6.6666666666666661        3.8525906324744466E-002
   1.0000000000000000        7.0000000000000000        3.7276216397716250E-002
   1.0000000000000000        7.3333333333333330        2.7867441973394570E-002
   1.0000000000000000        7.6666666666666661        1.3812626622632263E-002
   1.0000000000000000        8.0000000000000000        8.1286531155159748E-003
   1.0000000000000000        8.3333333333333321        4.8606801869808371E-003
   1.0000000000000000        8.6666666666666661        3.8658212451819062E-003
   1.0000000000000000        9.0000000000000000        3.2675199376787606E-003
   1.0000000000000000        9.3333333333333321        3.3278936312903422E-004
   1.0000000000000000        9.6666666666666661        3.8485681147845826E-004
   1.0000000000000000        10.000000000000000        0.0000000000000000     
 
   1.3333333333333333        0.0000000000000000        0.0000000000000000     
   1.3333333333333333       0.33333333333333331        5.8606798227358356E-004
   1.3333333333333333       0.66666666666666663        1.1163702302434515E-003
   1.3333333333333333        1.0000000000000000        1.5015010401255170E-003
   1.3333333333333333        1.3333333333333333        2.7591909380227939E-003
   1.3333333333333333        1.6666666666666665        2.2667313128463258E-003
   1.3333333333333333        2.0000000000000000        6.5035543915116581E-003
   1.3333333333333333        2.3333333333333330        6.2673738049820555E-003
   1.3333333333333333        2.6666666666666665        7.5622499069875771E-003
   1.3333333333333333        3.0000000000000000        8.5210908218683219E-003
   1.3333333333333333        3.3333333333333330        1.3132879640670335E-002
   1.3333333333333333        3.6666666666666665        2.5124832016857872E-002
   1.3333333333333333        4.0000000000000000        1.6889688368804626E-002
   1.3333333333333333        4.3333333333333330        1.4578821018939444E-002
   1.3333333333333333        4.6666666666666661        2.6596137999541164E-002
   1.3333333333333333        5.0000000000000000        2.6774354503533323E-002
   1.3333333333333333        5.3333333333333330        2.5910583504629180E-002
   1.3333333333333333        5.6666666666666661        2.9517817760723358E-002
   1.3333333333333333        6.0000000000000000        6.5580108145901081E-002
   1.3333333333333333        6.3333333333333330        5.8153329119208882E-002
   1.3333333333333333        6.6666666666666661        5.6044698921829839E-002
   1.3333333333333333        7.0000000000000000        5.1676546031090564E-002
   1.3333333333333333        7.3333333333333330        4.4263081360868178E-002
   1.3333333333333333        7.6666666666666661        5.8487818984362385E-003
   1.3333333333333333        8.0000000000000000        6.6178635556038597E-003
   1.3333333333333333        8.3333333333333321        6.4794738106906235E-003
   1.3333333333333333        8.6666666666666661        5.5555148431172072E-003
   1.3333333333333333        9.0000000000000000        4.6536415057975931E-003
   1.3333333333333333        9.3333333333333321        2.0777267436314657E-003
   1.3333333333333333        9.6666666666666661        9.3763756005203140E-004
   1.3333333333333333        10.000000000000000        0.0000000000000000     
 
   1.6666666666666665        0.0000000000000000        0.0000000000000000     
   1.6666666666666665       0.33333333333333331        9.7645827406240768E-004
   1.6666666666666665       0.66666666666666663        1.9131157739906465E-003
   1.6666666666666665        1.0000000000000000        2.7789867633442504E-003
   1.6666666666666665        1.3333333333333333        3.6349726719113696E-003
   1.6666666666666665        1.6666666666666665        8.3385777092551631E-003
   1.6666666666666665        2.0000000000000000        7.5719192345086459E-003
   1.6666666666666665        2.3333333333333330        8.0250491767329610E-003
   1.6666666666666665        2.6666666666666665        1.1196331143477218E-002
   1.6666666666666665        3.0000000000000000        2.7012644127538784E-002
   1.6666666666666665        3.3333333333333330        2.5517623461005057E-002
   1.6666666666666665        3.6666666666666665        2.7530653829488057E-002
   1.6666666666666665        4.0000000000000000        2.1070799625966849E-002
   1.6666666666666665        4.3333333333333330        2.0940074121329911E-002
   1.6666666666666665        4.6666666666666661        2.9354373742170231E-002
   1.6666666666666665        5.0000000000000000        3.0247658291830945E-002
   1.6666666666666665        5.3333333333333330        3.2928764083817300E-002
   1.6666666666666665        5.6666666666666661        4.5429444548917612E-002
   1.6666666666666665        6.0000000000000000        7.6985474794571976E-002
   1.6666666666666665        6.3333333333333330        8.1193619824492871E-002
   1.6666666666666665        6.6666666666666661        7.9493337752194040E-002
   1.6666666666666665        7.0000000000000000        7.2686157080421976E-002
   1.6666666666666665        7.3333333333333330        5.6544722149291918E-002
   1.6666666666666665        7.6666666666666661        5.0065725609320256E-003
   1.6666666666666665        8.0000000000000000        6.8195896764951369E-003
   1.6666666666666665        8.3333333333333321        9.6539392563670182E-003
   1.6666666666666665        8.6666666666666661        7.8999249872089613E-003
   1.6666666666666665        9.0000000000000000        5.7266561953466010E-003
   1.6666666666666665        9.3333333333333321        3.4924027607196859E-003
   1.6666666666666665        9.6666666666666661        1.4151515648017866E-003
   1.6666666666666665        10.000000000000000        0.0000000000000000     
 
   2.0000000000000000        0.0000000000000000        0.0000000000000000     
   2.0000000000000000       0.33333333333333331        1.5260817060124784E-003
   2.0000000000000000       0.66666666666666663        3.0139195019937737E-003
   2.0000000000000000        1.0000000000000000        4.4057116427665827E-003
   2.0000000000000000        1.3333333333333333        5.8178760700732402E-003
   2.0000000000000000        1.6666666666666665        1.0064237718307370E-002
   2.0000000000000000        2.0000000000000000        8.3385777092551631E-003
   2.0000000000000000        2.3333333333333330        1.7423402879645961E-002
   2.0000000000000000        2.6666666666666665        1.9216598380596292E-002
   2.0000000000000000        3.0000000000000000        3.0854904343410670E-002
   2.0000000000000000        3.3333333333333330        3.6597618077648268E-002
   2.0000000000000000        3.6666666666666665        4.0836300008392903E-002
   2.0000000000000000        4.0000000000000000        6.8868572428815458E-002
   2.0000000000000000        4.3333333333333330        6.6617764494406081E-002
   2.0000000000000000        4.6666666666666661        4.2434131895794855E-002
   2.0000000000000000        5.0000000000000000        3.4770049457099932E-002
   2.0000000000000000        5.3333333333333330        0.0000000000000000     
   2.0000000000000000        5.6666666666666661       0.17250113129069547     
   2.0000000000000000        6.0000000000000000       0.11979409889187351     
   2.0000000000000000        6.3333333333333330       0.11442611532661916     
   2.0000000000000000        6.6666666666666661       0.11237395514886947     
   2.0000000000000000        7.0000000000000000       0.10725441098418373     
   2.0000000000000000        7.3333333333333330        3.3371901268585747E-003
   2.0000000000000000        7.6666666666666661        3.8774333026320887E-003
   2.0000000000000000        8.0000000000000000        3.1070021272222033E-002
   2.0000000000000000        8.3333333333333321        1.8416820952938416E-002
   2.0000000000000000        8.6666666666666661        1.1531219278981229E-002
   2.0000000000000000        9.0000000000000000        7.5373846755872817E-003
   2.0000000000000000        9.3333333333333321        5.1849168932359595E-003
   2.0000000000000000        9.6666666666666661        9.8862450534556619E-004
   2.0000000000000000        10.000000000000000        0.0000000000000000     
 
   2.3333333333333330        0.0000000000000000        0.0000000000000000     
   2.3333333333333330       0.33333333333333331        2.2859701628828886E-003
   2.3333333333333330       0.66666666666666663        4.5475731880887929E-003
   2.3333333333333330        1.0000000000000000        6.5014965250333664E-003
   2.3333333333333330        1.3333333333333333        1.8194450277288086E-002
   2.3333333333333330        1.6666666666666665        1.8794902136765389E-002
   2.3333333333333330        2.0000000000000000        4.0033847762426751E-002
   2.3333333333333330        2.3333333333333330        5.0031973102130103E-002
   2.3333333333333330        2.6666666666666665        4.9456059323305109E-002
   2.3333333333333330        3.0000000000000000        4.3076578624440746E-002
   2.3333333333333330        3.3333333333333330        5.1918605978992484E-002
   2.3333333333333330        3.6666666666666665        6.1333453119204864E-002
   2.3333333333333330        4.0000000000000000        7.3597557160432564E-002
   2.3333333333333330        4.3333333333333330        9.5133106379036589E-002
   2.3333333333333330        4.6666666666666661       0.18723450995940633     
   2.3333333333333330        5.0000000000000000       0.23443593726336598     
   2.3333333333333330        5.3333333333333330       0.25015174627736297     
   2.3333333333333330        5.6666666666666661       0.22949256696710785     
   2.3333333333333330        6.0000000000000000       0.18475110456680582     
   2.3333333333333330        6.3333333333333330       0.14911114743443965     
   2.3333333333333330        6.6666666666666661       0.15312656716307457     
   2.3333333333333330        7.0000000000000000       0.14156821545509185     
   2.3333333333333330        7.3333333333333330       0.15108947287847885     
   2.3333333333333330        7.6666666666666661        8.6727024104689548E-002
   2.3333333333333330        8.0000000000000000        4.5972460816556829E-002
   2.3333333333333330        8.3333333333333321        2.2968983888727416E-002
   2.3333333333333330        8.6666666666666661        1.3405913417850903E-002
   2.3333333333333330        9.0000000000000000        8.5432896568665082E-003
   2.3333333333333330        9.3333333333333321        5.1448798909527124E-003
   2.3333333333333330        9.6666666666666661        2.1040409460107799E-003
   2.3333333333333330        10.000000000000000        0.0000000000000000     
 
   2.6666666666666665        0.0000000000000000        0.0000000000000000     
   2.6666666666666665       0.33333333333333331        3.3065268540487564E-003
   2.6666666666666665       0.66666666666666663        6.8500473783379128E-003
   2.6666666666666665        1.0000000000000000        1.1194490380623430E-002
   2.6666666666666665        1.3333333333333333        1.9176001869409213E-002
   2.6666666666666665        1.6666666666666665        2.9708901845391406E-002
   2.6666666666666665        2.0000000000000000        4.2887632923033880E-002
   2.6666666666666665        2.3333333333333330        5.3289096463246324E-002
   2.6666666666666665        2.6666666666666665        5.9010223937618747E-002
   2.6666666666666665        3.0000000000000000        7.8793176109557772E-002
   2.6666666666666665        3.3333333333333330        6.9925729348129323E-002
   2.6666666666666665        3.6666666666666665        8.2613911680812988E-002
   2.6666666666666665        4.0000000000000000       0.14368747802086462     
   2.6666666666666665        4.3333333333333330       0.15023583586940428     
   2.6666666666666665        4.6666666666666661       0.19360206378839348     
   2.6666666666666665        5.0000000000000000       0.23938689603431260     
   2.6666666666666665        5.3333333333333330       0.27395015564514913     
   2.6666666666666665        5.6666666666666661       0.26920126676167644     
   2.6666666666666665        6.0000000000000000       0.22511435276341696     
   2.6666666666666665        6.3333333333333330       0.25689607346660309     
   2.6666666666666665        6.6666666666666661       0.21423195043853357     
   2.6666666666666665        7.0000000000000000       0.16942472140706635     
   2.6666666666666665        7.3333333333333330       0.15750662603286214     
   2.6666666666666665        7.6666666666666661       0.13178822550125047     
   2.6666666666666665        8.0000000000000000        1.4385136355714406E-002
   2.6666666666666665        8.3333333333333321        1.5896972373205809E-002
   2.6666666666666665        8.6666666666666661        1.1865078868833151E-002
   2.6666666666666665        9.0000000000000000        9.0171252908595161E-003
   2.6666666666666665        9.3333333333333321        5.3550720958174362E-003
   2.6666666666666665        9.6666666666666661        2.5413497984356770E-003
   2.6666666666666665        10.000000000000000        0.0000000000000000     
 
   3.0000000000000000        0.0000000000000000        0.0000000000000000     
   3.0000000000000000       0.33333333333333331        4.4050831997329643E-003
   3.0000000000000000       0.66666666666666663        8.9847650293441751E-003
   3.0000000000000000        1.0000000000000000        1.3235277068490717E-002
   3.0000000000000000        1.3333333333333333        3.5984040691549840E-002
   3.0000000000000000        1.6666666666666665        4.0098075499744680E-002
   3.0000000000000000        2.0000000000000000        5.1282027269970103E-002
   3.0000000000000000        2.3333333333333330        6.4352628590692379E-002
   3.0000000000000000        2.6666666666666665        7.7519157860056684E-002
   3.0000000000000000        3.0000000000000000        9.1228766807032458E-002
   3.0000000000000000        3.3333333333333330       0.13053289000706586     
   3.0000000000000000        3.6666666666666665       0.12020350318743668     
   3.0000000000000000        4.0000000000000000       0.16771405528495331     
   3.0000000000000000        4.3333333333333330       0.17448230647081600     
   3.0000000000000000        4.6666666666666661       0.20314432062819640     
   3.0000000000000000        5.0000000000000000       0.25961701665170916     
   3.0000000000000000        5.3333333333333330       0.33913091714587273     
   3.0000000000000000        5.6666666666666661       0.35017038161488218     
   3.0000000000000000        6.0000000000000000       0.36885570765037862     
   3.0000000000000000        6.3333333333333330       0.30208652760727944     
   3.0000000000000000        6.6666666666666661       0.28107322683500680     
   3.0000000000000000        7.0000000000000000       0.21455775029254123     
   3.0000000000000000        7.3333333333333330       0.18339195250437781     
   3.0000000000000000        7.6666666666666661       0.15650112192614263     
   3.0000000000000000        8.0000000000000000       0.11209753266607322     
   3.0000000000000000        8.3333333333333321        9.2258667838475486E-003
   3.0000000000000000        8.6666666666666661        1.0397937870439324E-002
   3.0000000000000000        9.0000000000000000        1.1321573321971609E-002
   3.0000000000000000        9.3333333333333321        5.7035824775362185E-003
   3.0000000000000000        9.6666666666666661        3.0153052814138122E-003
   3.0000000000000000        10.000000000000000        0.0000000000000000     
 
   3.3333333333333330        0.0000000000000000        0.0000000000000000     
   3.3333333333333330       0.33333333333333331        5.7197981271252685E-003
   3.3333333333333330       0.66666666666666663        1.2218982719344162E-002
   3.3333333333333330        1.0000000000000000        2.0613043916608700E-002
   3.3333333333333330        1.3333333333333333        3.4265368331566709E-002
   3.3333333333333330        1.6666666666666665        4.5927490755430359E-002
   3.3333333333333330        2.0000000000000000        6.0636299615530617E-002
   3.3333333333333330        2.3333333333333330        7.8425909749514106E-002
   3.3333333333333330        2.6666666666666665        9.8723528226187060E-002
   3.3333333333333330        3.0000000000000000       0.12072322869658261     
   3.3333333333333330        3.3333333333333330       0.14423724763760845     
   3.3333333333333330        3.6666666666666665       0.15090742084476036     
   3.3333333333333330        4.0000000000000000       0.18630519060908690     
   3.3333333333333330        4.3333333333333330       0.18290284158891318     
   3.3333333333333330        4.6666666666666661       0.19012619888623034     
   3.3333333333333330        5.0000000000000000       0.53563662664797285     
   3.3333333333333330        5.3333333333333330       0.47117808607623413     
   3.3333333333333330        5.6666666666666661       0.43993878635381334     
   3.3333333333333330        6.0000000000000000       0.43271027447699495     
   3.3333333333333330        6.3333333333333330       0.38607010459215502     
   3.3333333333333330        6.6666666666666661       0.32813584680914887     
   3.3333333333333330        7.0000000000000000       0.25004506973216550     
   3.3333333333333330        7.3333333333333330       0.21012305339352255     
   3.3333333333333330        7.6666666666666661       0.15984193632234134     
   3.3333333333333330        8.0000000000000000       0.11826056311370584     
   3.3333333333333330        8.3333333333333321        5.2411626549337391E-002
   3.3333333333333330        8.6666666666666661        2.3210964636499683E-002
   3.3333333333333330        9.0000000000000000        1.5810190347915351E-002
   3.3333333333333330        9.3333333333333321        9.0339870370509407E-003
   3.3333333333333330        9.6666666666666661        4.1653528066494337E-003
   3.3333333333333330        10.000000000000000        0.0000000000000000     
 
   3.6666666666666665        0.0000000000000000        0.0000000000000000     
   3.6666666666666665       0.33333333333333331        6.7293993303254298E-003
   3.6666666666666665       0.66666666666666663        1.4520151849676007E-002
   3.6666666666666665        1.0000000000000000        2.4219656349764942E-002
   3.6666666666666665        1.3333333333333333        3.6727986891804593E-002
   3.6666666666666665        1.6666666666666665        5.1285810838547725E-002
   3.6666666666666665        2.0000000000000000        6.9774371193727230E-002
   3.6666666666666665        2.3333333333333330        9.3014698181506636E-002
   3.6666666666666665        2.6666666666666665       0.12126093123435674     
   3.6666666666666665        3.0000000000000000       0.15166947034033992     
   3.6666666666666665        3.3333333333333330       0.17769568157585447     
   3.6666666666666665        3.6666666666666665       0.19125890700977591     
   3.6666666666666665        4.0000000000000000       0.19464801810510005     
   3.6666666666666665        4.3333333333333330       0.18630519060908690     
   3.6666666666666665        4.6666666666666661       0.64860232196608325     
   3.6666666666666665        5.0000000000000000       0.58703406255507340     
   3.6666666666666665        5.3333333333333330       0.56036348153843130     
   3.6666666666666665        5.6666666666666661       0.49809275479178045     
   3.6666666666666665        6.0000000000000000       0.48227140297595428     
   3.6666666666666665        6.3333333333333330       0.43952345861237074     
   3.6666666666666665        6.6666666666666661       0.39408173032003252     
   3.6666666666666665        7.0000000000000000       0.29547098978294162     
   3.6666666666666665        7.3333333333333330       0.25140218222181843     
   3.6666666666666665        7.6666666666666661        8.3182604008685920E-002
   3.6666666666666665        8.0000000000000000        8.8530742838545035E-002
   3.6666666666666665        8.3333333333333321        5.6560373834581013E-002
   3.6666666666666665        8.6666666666666661        3.2765210747454865E-002
   3.6666666666666665        9.0000000000000000        2.1245517090736524E-002
   3.6666666666666665        9.3333333333333321        1.1404253841647435E-002
   3.6666666666666665        9.6666666666666661        5.0653451202730768E-003
   3.6666666666666665        10.000000000000000        0.0000000000000000     
 
   4.0000000000000000        0.0000000000000000        0.0000000000000000     
   4.0000000000000000       0.33333333333333331        7.2141207167237317E-003
   4.0000000000000000       0.66666666666666663        1.6007434074359131E-002
   4.0000000000000000        1.0000000000000000        2.6683117226615184E-002
   4.0000000000000000        1.3333333333333333        3.9359716215074253E-002
   4.0000000000000000        1.6666666666666665        5.5321808611348541E-002
   4.0000000000000000        2.0000000000000000        7.6994312626747080E-002
   4.0000000000000000        2.3333333333333330       0.10545098162090145     
   4.0000000000000000        2.6666666666666665       0.14425818110330135     
   4.0000000000000000        3.0000000000000000       0.18922542939195885     
   4.0000000000000000        3.3333333333333330       0.22554138583541064     
   4.0000000000000000        3.6666666666666665       0.24395109442997126     
   4.0000000000000000        4.0000000000000000       0.21835003994383825     
   4.0000000000000000        4.3333333333333330       0.70919080233377862     
   4.0000000000000000        4.6666666666666661       0.69034325869556390     
   4.0000000000000000        5.0000000000000000       0.71772793595313011     
   4.0000000000000000        5.3333333333333330       0.66877427867821648     
   4.0000000000000000        5.6666666666666661       0.61173924378359690     
   4.0000000000000000        6.0000000000000000       0.54777482431617730     
   4.0000000000000000        6.3333333333333330       0.48750738401103866     
   4.0000000000000000        6.6666666666666661       0.40939578820294042     
   4.0000000000000000        7.0000000000000000       0.34007036246999511     
   4.0000000000000000        7.3333333333333330       0.20089416218459724     
   4.0000000000000000        7.6666666666666661       0.11755236036347601     
   4.0000000000000000        8.0000000000000000       0.10116978442972867     
   4.0000000000000000        8.3333333333333321        6.5719145274145713E-002
   4.0000000000000000        8.6666666666666661        3.3876331940615581E-002
   4.0000000000000000        9.0000000000000000        2.6930680748334993E-002
   4.0000000000000000        9.3333333333333321        9.5804448104793247E-003
   4.0000000000000000        9.6666666666666661        5.2146062315526938E-003
   4.0000000000000000        10.000000000000000        0.0000000000000000     
 
   4.3333333333333330        0.0000000000000000        0.0000000000000000     
   4.3333333333333330       0.33333333333333331        6.6846953127107306E-003
   4.3333333333333330       0.66666666666666663        1.6798826603365322E-002
   4.3333333333333330        1.0000000000000000        2.8950937612712772E-002
   4.3333333333333330        1.3333333333333333        4.1016588032988924E-002
   4.3333333333333330        1.6666666666666665        5.6303639928736243E-002
   4.3333333333333330        2.0000000000000000        8.0228083358554012E-002
   4.3333333333333330        2.3333333333333330       0.11019683559965612     
   4.3333333333333330        2.6666666666666665       0.16313587759094811     
   4.3333333333333330        3.0000000000000000       0.23645453819742282     
   4.3333333333333330        3.3333333333333330       0.29128509985150491     
   4.3333333333333330        3.6666666666666665       0.34035429253664656     
   4.3333333333333330        4.0000000000000000       0.67798243383787127     
   4.3333333333333330        4.3333333333333330       0.70262527472996372     
   4.3333333333333330        4.6666666666666661       0.75102996283398671     
   4.3333333333333330        5.0000000000000000       0.73488405084673969     
   4.3333333333333330        5.3333333333333330       0.70123539907479449     
   4.3333333333333330        5.6666666666666661       0.65325574227300720     
   4.3333333333333330        6.0000000000000000       0.59271982840420900     
   4.3333333333333330        6.3333333333333330       0.54121389480378002     
   4.3333333333333330        6.6666666666666661       0.39237025105336054     
   4.3333333333333330        7.0000000000000000       0.31283048276862419     
   4.3333333333333330        7.3333333333333330       0.20395261992976091     
   4.3333333333333330        7.6666666666666661       0.13857886366108818     
   4.3333333333333330        8.0000000000000000       0.10223569420598387     
   4.3333333333333330        8.3333333333333321        6.9803900586223891E-002
   4.3333333333333330        8.6666666666666661        4.3470980221802007E-002
   4.3333333333333330        9.0000000000000000        2.7940870816625767E-002
   4.3333333333333330        9.3333333333333321        1.4844004756848486E-002
   4.3333333333333330        9.6666666666666661        6.7220782421416256E-003
   4.3333333333333330        10.000000000000000        0.0000000000000000     
 
   4.6666666666666661        0.0000000000000000        0.0000000000000000     
   4.6666666666666661       0.33333333333333331        3.2494145770214982E-003
   4.6666666666666661       0.66666666666666663        3.0842396140872592E-002
   4.6666666666666661        1.0000000000000000        3.3298465449908228E-002
   4.6666666666666661        1.3333333333333333        4.1906064233494862E-002
   4.6666666666666661        1.6666666666666665        5.1392061553282221E-002
   4.6666666666666661        2.0000000000000000        8.5151154030437770E-002
   4.6666666666666661        2.3333333333333330        9.4620897978090451E-002
   4.6666666666666661        2.6666666666666665       0.30306450504547289     
   4.6666666666666661        3.0000000000000000       0.30162070183741285     
   4.6666666666666661        3.3333333333333330       0.35976889187894140     
   4.6666666666666661        3.6666666666666665       0.48024860079200321     
   4.6666666666666661        4.0000000000000000       0.62767227473505605     
   4.6666666666666661        4.3333333333333330       0.69383070961382221     
   4.6666666666666661        4.6666666666666661       0.73240819950534042     
   4.6666666666666661        5.0000000000000000       0.73606679393125474     
   4.6666666666666661        5.3333333333333330       0.71756209939972038     
   4.6666666666666661        5.6666666666666661       0.68102821749305087     
   4.6666666666666661        6.0000000000000000       0.60769462697166166     
   4.6666666666666661        6.3333333333333330       0.52684018696484303     
   4.6666666666666661        6.6666666666666661       0.46527355349452809     
   4.6666666666666661        7.0000000000000000       0.16128502932018474     
   4.6666666666666661        7.3333333333333330       0.16588261446757005     
   4.6666666666666661        7.6666666666666661       0.13460777582341862     
   4.6666666666666661        8.0000000000000000       0.10373944321821275     
   4.6666666666666661        8.3333333333333321        7.1650851439199845E-002
   4.6666666666666661        8.6666666666666661        4.5219331977063758E-002
   4.6666666666666661        9.0000000000000000        2.8710782384940698E-002
   4.6666666666666661        9.3333333333333321        1.6412452835617021E-002
   4.6666666666666661        9.6666666666666661        7.4461336591849425E-003
   4.6666666666666661        10.000000000000000        0.0000000000000000     
 
   5.0000000000000000        0.0000000000000000        0.0000000000000000     
   5.0000000000000000       0.33333333333333331        3.3333211572783086E-003
   5.0000000000000000       0.66666666666666663        2.6826148655850271E-002
   5.0000000000000000        1.0000000000000000        3.3890917900751563E-002
   5.0000000000000000        1.3333333333333333        4.4571860698327005E-002
   5.0000000000000000        1.6666666666666665        5.8853724377016116E-002
   5.0000000000000000        2.0000000000000000        7.9201608701376242E-002
   5.0000000000000000        2.3333333333333330        9.1823382908354262E-002
   5.0000000000000000        2.6666666666666665       0.30482142136727947     
   5.0000000000000000        3.0000000000000000       0.30510643143765848     
   5.0000000000000000        3.3333333333333330       0.59919427008158255     
   5.0000000000000000        3.6666666666666665       0.57980429628196395     
   5.0000000000000000        4.0000000000000000       0.63583216254994168     
   5.0000000000000000        4.3333333333333330       0.68475943750451929     
   5.0000000000000000        4.6666666666666661       0.71622415646658655     
   5.0000000000000000        5.0000000000000000       0.72594542510371951     
   5.0000000000000000        5.3333333333333330       0.71977848308313030     
   5.0000000000000000        5.6666666666666661       0.71658155621664998     
   5.0000000000000000        6.0000000000000000       0.48008267285658474     
   5.0000000000000000        6.3333333333333330       0.47742765999002973     
   5.0000000000000000        6.6666666666666661       0.32674263284527588     
   5.0000000000000000        7.0000000000000000       0.19851675429129237     
   5.0000000000000000        7.3333333333333330       0.16760409014853564     
   5.0000000000000000        7.6666666666666661       0.13449946702528309     
   5.0000000000000000        8.0000000000000000       0.11077331735692225     
   5.0000000000000000        8.3333333333333321        4.8146233874516921E-002
   5.0000000000000000        8.6666666666666661        4.0046168713607083E-002
   5.0000000000000000        9.0000000000000000        2.7477729806383785E-002
   5.0000000000000000        9.3333333333333321        1.6040188115543360E-002
   5.0000000000000000        9.6666666666666661        7.3205694578785327E-003
   5.0000000000000000        10.000000000000000        0.0000000000000000     
 
   5.3333333333333330        0.0000000000000000        0.0000000000000000     
   5.3333333333333330       0.33333333333333331        7.0309053922638807E-003
   5.3333333333333330       0.66666666666666663        2.1822355227826780E-002
   5.3333333333333330        1.0000000000000000        3.3270087953132153E-002
   5.3333333333333330        1.3333333333333333        4.6401666824963418E-002
   5.3333333333333330        1.6666666666666665        6.3357070305590818E-002
   5.3333333333333330        2.0000000000000000        8.4410919562485934E-002
   5.3333333333333330        2.3333333333333330       0.10509001091604900     
   5.3333333333333330        2.6666666666666665       0.26951916271650339     
   5.3333333333333330        3.0000000000000000       0.30817309498382534     
   5.3333333333333330        3.3333333333333330       0.55163103241236489     
   5.3333333333333330        3.6666666666666665       0.58551136877164933     
   5.3333333333333330        4.0000000000000000       0.62837552073013447     
   5.3333333333333330        4.3333333333333330       0.66608264890386981     
   5.3333333333333330        4.6666666666666661       0.69110524620611946     
   5.3333333333333330        5.0000000000000000       0.69935610916181112     
   5.3333333333333330        5.3333333333333330       0.68667532116477881     
   5.3333333333333330        5.6666666666666661       0.50840710705157499     
   5.3333333333333330        6.0000000000000000       0.47111087488356068     
   5.3333333333333330        6.3333333333333330       0.41357727557205792     
   5.3333333333333330        6.6666666666666661       0.32506615742123868     
   5.3333333333333330        7.0000000000000000       0.23245534277380325     
   5.3333333333333330        7.3333333333333330       0.17532949459278002     
   5.3333333333333330        7.6666666666666661       0.12930476939020291     
   5.3333333333333330        8.0000000000000000        9.8486020866638005E-002
   5.3333333333333330        8.3333333333333321        5.9544821812281830E-002
   5.3333333333333330        8.6666666666666661        4.2240495740852979E-002
   5.3333333333333330        9.0000000000000000        2.7292923247308074E-002
   5.3333333333333330        9.3333333333333321        1.4331510842255417E-002
   5.3333333333333330        9.6666666666666661        6.4623635423720202E-003
   5.3333333333333330        10.000000000000000        0.0000000000000000     
 
   5.6666666666666661        0.0000000000000000        0.0000000000000000     
   5.6666666666666661       0.33333333333333331        3.5337845381688093E-003
   5.6666666666666661       0.66666666666666663        8.0116697439257794E-003
   5.6666666666666661        1.0000000000000000        3.0895251251594171E-002
   5.6666666666666661        1.3333333333333333        4.7172762816363345E-002
   5.6666666666666661        1.6666666666666665        6.6917895764518676E-002
   5.6666666666666661        2.0000000000000000        9.3381555880296244E-002
   5.6666666666666661        2.3333333333333330       0.14230406907631235     
   5.6666666666666661        2.6666666666666665       0.23106734044841065     
   5.6666666666666661        3.0000000000000000       0.34878876743375242     
   5.6666666666666661        3.3333333333333330       0.50357756493087114     
   5.6666666666666661        3.6666666666666665       0.56497218076836198     
   5.6666666666666661        4.0000000000000000       0.60503356545474640     
   5.6666666666666661        4.3333333333333330       0.63528361469279637     
   5.6666666666666661        4.6666666666666661       0.65485242493760465     
   5.6666666666666661        5.0000000000000000       0.66404690659540921     
   5.6666666666666661        5.3333333333333330       0.61168537345518614     
   5.6666666666666661        5.6666666666666661       0.53146745108830273     
   5.6666666666666661        6.0000000000000000       0.37686789681961086     
   5.6666666666666661        6.3333333333333330       0.37300913968812338     
   5.6666666666666661        6.6666666666666661       0.24196055354309612     
   5.6666666666666661        7.0000000000000000       0.17051803153464265     
   5.6666666666666661        7.3333333333333330       0.11693734461871516     
   5.6666666666666661        7.6666666666666661       0.11304955706231591     
   5.6666666666666661        8.0000000000000000        5.8107579813236360E-002
   5.6666666666666661        8.3333333333333321        5.2865976810458813E-002
   5.6666666666666661        8.6666666666666661        4.5090397719832566E-002
   5.6666666666666661        9.0000000000000000        7.9237461602571502E-003
   5.6666666666666661        9.3333333333333321        8.7960035162798593E-003
   5.6666666666666661        9.6666666666666661        4.8036607488654961E-003
   5.6666666666666661        10.000000000000000        0.0000000000000000     
 
   6.0000000000000000        0.0000000000000000        0.0000000000000000     
   6.0000000000000000       0.33333333333333331        3.8799755171626295E-003
   6.0000000000000000       0.66666666666666663        8.7850354222985452E-003
   6.0000000000000000        1.0000000000000000        1.6642267862885411E-002
   6.0000000000000000        1.3333333333333333        0.0000000000000000     
   6.0000000000000000        1.6666666666666665        7.8893724997815634E-002
   6.0000000000000000        2.0000000000000000        8.3297469605966679E-002
   6.0000000000000000        2.3333333333333330       0.13485932888611707     
   6.0000000000000000        2.6666666666666665       0.16444129328002877     
   6.0000000000000000        3.0000000000000000       0.54849774668925089     
   6.0000000000000000        3.3333333333333330       0.53806904293916824     
   6.0000000000000000        3.6666666666666665       0.55105000006083937     
   6.0000000000000000        4.0000000000000000       0.57338260628826532     
   6.0000000000000000        4.3333333333333330       0.59385589330779165     
   6.0000000000000000        4.6666666666666661       0.60498585487594059     
   6.0000000000000000        5.0000000000000000       0.53913038542793235     
   6.0000000000000000        5.3333333333333330       0.54183994604200003     
   6.0000000000000000        5.6666666666666661       0.45779841388849851     
   6.0000000000000000        6.0000000000000000       0.37511567446195049     
   6.0000000000000000        6.3333333333333330       0.32316429441195815     
   6.0000000000000000        6.6666666666666661       0.24293764509272184     
   6.0000000000000000        7.0000000000000000       0.17370265203903343     
   6.0000000000000000        7.3333333333333330       0.12501598003009945     
   6.0000000000000000        7.6666666666666661        9.7152372624245920E-002
   6.0000000000000000        8.0000000000000000        6.7104456018549377E-002
   6.0000000000000000        8.3333333333333321        5.2291120169594960E-002
   6.0000000000000000        8.6666666666666661        4.3473232601162447E-002
   6.0000000000000000        9.0000000000000000        1.3291215217508536E-002
   6.0000000000000000        9.3333333333333321        9.0111956277038642E-003
   6.0000000000000000        9.6666666666666661        4.4457532386426519E-003
   6.0000000000000000        10.000000000000000        0.0000000000000000     
 
   6.3333333333333330        0.0000000000000000        0.0000000000000000     
   6.3333333333333330       0.33333333333333331        3.5598818313707478E-003
   6.3333333333333330       0.66666666666666663        7.3813483750249653E-003
   6.3333333333333330        1.0000000000000000        1.1518435940286531E-002
   6.3333333333333330        1.3333333333333333        3.2903444909505988E-002
   6.3333333333333330        1.6666666666666665        6.5925430029787305E-002
   6.3333333333333330        2.0000000000000000        8.1760232166737348E-002
   6.3333333333333330        2.3333333333333330       0.10939723158073739     
   6.3333333333333330        2.6666666666666665       0.13067860520982677     
   6.3333333333333330        3.0000000000000000       0.14130669571554808     
   6.3333333333333330        3.3333333333333330       0.52372617325115634     
   6.3333333333333330        3.6666666666666665       0.51544748527497841     
   6.3333333333333330        4.0000000000000000       0.52899838960087497     
   6.3333333333333330        4.3333333333333330       0.54482360166719745     
   6.3333333333333330        4.6666666666666661       0.54765747187870351     
   6.3333333333333330        5.0000000000000000       0.52105833165625182     
   6.3333333333333330        5.3333333333333330       0.36509319798451473     
   6.3333333333333330        5.6666666666666661       0.37130317634096516     
   6.3333333333333330        6.0000000000000000       0.33658817440796113     
   6.3333333333333330        6.3333333333333330       0.29837376274411742     
   6.3333333333333330        6.6666666666666661       0.23326167289346222     
   6.3333333333333330        7.0000000000000000       0.15894595661087679     
   6.3333333333333330        7.3333333333333330       0.11596691068848686     
   6.3333333333333330        7.6666666666666661        8.7405650447990313E-002
   6.3333333333333330        8.0000000000000000        6.4639232755408560E-002
   6.3333333333333330        8.3333333333333321        4.9229715423262210E-002
   6.3333333333333330        8.6666666666666661        3.6269254519825780E-002
   6.3333333333333330        9.0000000000000000        1.8880411085420309E-002
   6.3333333333333330        9.3333333333333321        1.0433063337648736E-002
   6.3333333333333330        9.6666666666666661        4.4363206358285553E-003
   6.3333333333333330        10.000000000000000        0.0000000000000000     
 
   6.6666666666666661        0.0000000000000000        0.0000000000000000     
   6.6666666666666661       0.33333333333333331        3.3275662666406381E-003
   6.6666666666666661       0.66666666666666663        6.3527845292322901E-003
   6.6666666666666661        1.0000000000000000        2.6702201410635701E-002
   6.6666666666666661        1.3333333333333333        3.5971207705287001E-002
   6.6666666666666661        1.6666666666666665        5.4263306460151650E-002
   6.6666666666666661        2.0000000000000000        7.2768619716367333E-002
   6.6666666666666661        2.3333333333333330        9.4780576204083727E-002
   6.6666666666666661        2.6666666666666665       0.12261609923241665     
   6.6666666666666661        3.0000000000000000       0.14740342008358528     
   6.6666666666666661        3.3333333333333330       0.35459734251395458     
   6.6666666666666661        3.6666666666666665       0.44899690240280038     
   6.6666666666666661        4.0000000000000000       0.47167052245850971     
   6.6666666666666661        4.3333333333333330       0.49621280610992335     
   6.6666666666666661        4.6666666666666661       0.50596943425057850     
   6.6666666666666661        5.0000000000000000       0.46341147540836375     
   6.6666666666666661        5.3333333333333330       0.35386293118076645     
   6.6666666666666661        5.6666666666666661       0.31986714965678359     
   6.6666666666666661        6.0000000000000000       0.29759137274300157     
   6.6666666666666661        6.3333333333333330       0.14829632988201022     
   6.6666666666666661        6.6666666666666661       0.11306137547016176     
   6.6666666666666661        7.0000000000000000       0.11555461462693029     
   6.6666666666666661        7.3333333333333330        9.6094815045721219E-002
   6.6666666666666661        7.6666666666666661        7.5674767520523253E-002
   6.6666666666666661        8.0000000000000000        5.8469356607921873E-002
   6.6666666666666661        8.3333333333333321        4.7041257272656560E-002
   6.6666666666666661        8.6666666666666661        1.9027191085059715E-002
   6.6666666666666661        9.0000000000000000        1.7230539483323343E-002
   6.6666666666666661        9.3333333333333321        5.9415808211062083E-003
   6.6666666666666661        9.6666666666666661        3.3335513721229689E-003
   6.6666666666666661        10.000000000000000        0.0000000000000000     
 
   7.0000000000000000        0.0000000000000000        0.0000000000000000     
   7.0000000000000000       0.33333333333333331        3.7470373264926644E-003
   7.0000000000000000       0.66666666666666663        9.0006659526407542E-003
   7.0000000000000000        1.0000000000000000        1.9911542424825391E-002
   7.0000000000000000        1.3333333333333333        3.3077508092899957E-002
   7.0000000000000000        1.6666666666666665        4.6201923965368548E-002
   7.0000000000000000        2.0000000000000000        6.4592452122278654E-002
   7.0000000000000000        2.3333333333333330        7.9026640484151645E-002
   7.0000000000000000        2.6666666666666665       0.15111287153846975     
   7.0000000000000000        3.0000000000000000       0.18374363509863903     
   7.0000000000000000        3.3333333333333330       0.25936306880727261     
   7.0000000000000000        3.6666666666666665       0.34763341282708843     
   7.0000000000000000        4.0000000000000000       0.40579840007341617     
   7.0000000000000000        4.3333333333333330       0.45366501006781962     
   7.0000000000000000        4.6666666666666661       0.12832052241538811     
   7.0000000000000000        5.0000000000000000       0.22624920040981297     
   7.0000000000000000        5.3333333333333330       0.26268871496033713     
   7.0000000000000000        5.6666666666666661       0.25362870685451905     
   7.0000000000000000        6.0000000000000000       0.23420569879333569     
   7.0000000000000000        6.3333333333333330       0.15174033598063408     
   7.0000000000000000        6.6666666666666661       0.11451272905425501     
   7.0000000000000000        7.0000000000000000        9.7804371290000330E-002
   7.0000000000000000        7.3333333333333330        8.0981512725372087E-002
   7.0000000000000000        7.6666666666666661        6.4472384487244239E-002
   7.0000000000000000        8.0000000000000000        5.0033372486055903E-002
   7.0000000000000000        8.3333333333333321        3.6651571485424597E-002
   7.0000000000000000        8.6666666666666661        2.2668994885716005E-002
   7.0000000000000000        9.0000000000000000        1.5470701986982886E-002
   7.0000000000000000        9.3333333333333321        9.2229374742543620E-003
   7.0000000000000000        9.6666666666666661        1.1776289779076082E-003
   7.0000000000000000        10.000000000000000        0.0000000000000000     
 
   7.3333333333333330        0.0000000000000000        0.0000000000000000     
   7.3333333333333330       0.33333333333333331        3.0615507351157245E-003
   7.3333333333333330       0.66666666666666663        6.9112921432900676E-003
   7.3333333333333330        1.0000000000000000        1.2755796085825059E-002
   7.3333333333333330        1.3333333333333333        3.0737034290537629E-002
   7.3333333333333330        1.6666666666666665        3.6451013655204881E-002
   7.3333333333333330        2.0000000000000000        6.4520033517169340E-002
   7.3333333333333330        2.3333333333333330        8.2291211987417831E-002
   7.3333333333333330        2.6666666666666665       0.12352617109879960     
   7.3333333333333330        3.0000000000000000       0.18172634270150226     
   7.3333333333333330        3.3333333333333330       0.24247632681281181     
   7.3333333333333330        3.6666666666666665       0.28984862538646516     
   7.3333333333333330        4.0000000000000000       0.34763341282708843     
   7.3333333333333330        4.3333333333333330       0.12832052241538811     
   7.3333333333333330        4.6666666666666661       0.13276539991393549     
   7.3333333333333330        5.0000000000000000       0.19108836077985727     
   7.3333333333333330        5.3333333333333330       0.21662944745712256     
   7.3333333333333330        5.6666666666666661       0.19748018808325829     
   7.3333333333333330        6.0000000000000000       0.10481589497365858     
   7.3333333333333330        6.3333333333333330       0.11292098298967507     
   7.3333333333333330        6.6666666666666661        9.9268162151426573E-002
   7.3333333333333330        7.0000000000000000        8.4106890531072356E-002
   7.3333333333333330        7.3333333333333330        6.9411491110546328E-002
   7.3333333333333330        7.6666666666666661        5.4815177275435001E-002
   7.3333333333333330        8.0000000000000000        4.3799207315626344E-002
   7.3333333333333330        8.3333333333333321        2.9597828802070947E-002
   7.3333333333333330        8.6666666666666661        2.1537768102045871E-002
   7.3333333333333330        9.0000000000000000        1.4280817620954929E-002
   7.3333333333333330        9.3333333333333321        7.2421844620484035E-003
   7.3333333333333330        9.6666666666666661        2.4956134427528767E-003
   7.3333333333333330        10.000000000000000        0.0000000000000000     
 
   7.6666666666666661        0.0000000000000000        0.0000000000000000     
   7.6666666666666661       0.33333333333333331        1.9312947936024570E-003
   7.6666666666666661       0.66666666666666663        3.5733517253082321E-003
   7.6666666666666661        1.0000000000000000        2.5263761638367976E-002
   7.6666666666666661        1.3333333333333333        2.8168540153466756E-002
   7.6666666666666661        1.6666666666666665        3.5758982434309701E-002
   7.6666666666666661        2.0000000000000000        5.1080787565661243E-002
   7.6666666666666661        2.3333333333333330        6.6685172774597401E-002
   7.6666666666666661        2.6666666666666665        8.3809423633889962E-002
   7.6666666666666661        3.0000000000000000        7.0473698089823497E-002
   7.6666666666666661        3.3333333333333330       0.16213812930422405     
   7.6666666666666661        3.6666666666666665       0.22397660879064896     
   7.6666666666666661        4.0000000000000000        2.9578942143600559E-002
   7.6666666666666661        4.3333333333333330        6.8656583626228632E-002
   7.6666666666666661        4.6666666666666661        8.7273371312975856E-002
   7.6666666666666661        5.0000000000000000        5.1810335039736928E-002
   7.6666666666666661        5.3333333333333330       0.12018604841679012     
   7.6666666666666661        5.6666666666666661       0.12376216710898727     
   7.6666666666666661        6.0000000000000000       0.10070583718830665     
   7.6666666666666661        6.3333333333333330        9.9724603690792599E-002
   7.6666666666666661        6.6666666666666661        8.9601928215241627E-002
   7.6666666666666661        7.0000000000000000        7.4010435592555546E-002
   7.6666666666666661        7.3333333333333330        6.1561211953494316E-002
   7.6666666666666661        7.6666666666666661        4.4990027119320694E-002
   7.6666666666666661        8.0000000000000000        1.6161811582165415E-002
   7.6666666666666661        8.3333333333333321        1.8779401164495568E-002
   7.6666666666666661        8.6666666666666661        6.5016827895239635E-003
   7.6666666666666661        9.0000000000000000        3.6393904319876802E-003
   7.6666666666666661        9.3333333333333321        3.7494888945355685E-003
   7.6666666666666661        9.6666666666666661        1.8480293745371703E-003
   7.6666666666666661        10.000000000000000        0.0000000000000000     
 
   8.0000000000000000        0.0000000000000000        0.0000000000000000     
   8.0000000000000000       0.33333333333333331        1.3237851420996962E-003
   8.0000000000000000       0.66666666666666663        2.3003894496039187E-003
   8.0000000000000000        1.0000000000000000        2.1344008996834245E-002
   8.0000000000000000        1.3333333333333333        2.3903608162532047E-002
   8.0000000000000000        1.6666666666666665        3.0649249895878847E-002
   8.0000000000000000        2.0000000000000000        4.1266545369842395E-002
   8.0000000000000000        2.3333333333333330        5.3916922988982902E-002
   8.0000000000000000        2.6666666666666665        6.5878606655434921E-002
   8.0000000000000000        3.0000000000000000        7.5537749866280215E-002
   8.0000000000000000        3.3333333333333330       0.10516181927850041     
   8.0000000000000000        3.6666666666666665        2.9578942143600559E-002
   8.0000000000000000        4.0000000000000000        3.2282161066782160E-002
   8.0000000000000000        4.3333333333333330        5.3933731524800660E-002
   8.0000000000000000        4.6666666666666661        6.4425953113017992E-002
   8.0000000000000000        5.0000000000000000        5.6040965552947589E-002
   8.0000000000000000        5.3333333333333330        6.3431089426299450E-002
   8.0000000000000000        5.6666666666666661        7.9840327161964528E-002
   8.0000000000000000        6.0000000000000000        7.8286627781576079E-002
   8.0000000000000000        6.3333333333333330        0.0000000000000000     
   8.0000000000000000        6.6666666666666661        6.0343191061273775E-002
   8.0000000000000000        7.0000000000000000        6.4942854552289708E-002
   8.0000000000000000        7.3333333333333330        1.5413183958934746E-002
   8.0000000000000000        7.6666666666666661        2.1612262839531115E-002
   8.0000000000000000        8.0000000000000000        1.5151040077121961E-002
   8.0000000000000000        8.3333333333333321        1.2329495594124294E-002
   8.0000000000000000        8.6666666666666661        7.3246603680226065E-003
   8.0000000000000000        9.0000000000000000        4.0040409725251155E-003
   8.0000000000000000        9.3333333333333321        2.7247188793216516E-003
   8.0000000000000000        9.6666666666666661        1.3760978095585122E-003
   8.0000000000000000        10.000000000000000        0.0000000000000000     
 
   8.3333333333333321        0.0000000000000000        0.0000000000000000     
   8.3333333333333321       0.33333333333333331        1.2391347457497547E-003
   8.3333333333333321       0.66666666666666663        2.3063022550642185E-003
   8.3333333333333321        1.0000000000000000        1.2530794019423995E-002
   8.3333333333333321        1.3333333333333333        1.8102980424934474E-002
   8.3333333333333321        1.6666666666666665        2.4688936444287091E-002
   8.3333333333333321        2.0000000000000000        3.2963536929913564E-002
   8.3333333333333321        2.3333333333333330        4.5932856639119536E-002
   8.3333333333333321        2.6666666666666665        5.4775920546974249E-002
   8.3333333333333321        3.0000000000000000        6.5517511065718764E-002
   8.3333333333333321        3.3333333333333330        8.2845478020801930E-002
   8.3333333333333321        3.6666666666666665        1.6952100137446729E-002
   8.3333333333333321        4.0000000000000000        1.8741100258347014E-002
   8.3333333333333321        4.3333333333333330        5.0203584465154964E-003
   8.3333333333333321        4.6666666666666661        3.8634842211068905E-003
   8.3333333333333321        5.0000000000000000        4.7116186773477127E-002
   8.3333333333333321        5.3333333333333330        5.0354664636904196E-002
   8.3333333333333321        5.6666666666666661        5.7237330356686260E-002
   8.3333333333333321        6.0000000000000000        5.7828425214582008E-002
   8.3333333333333321        6.3333333333333330        2.2257036569772026E-002
   8.3333333333333321        6.6666666666666661        0.0000000000000000     
   8.3333333333333321        7.0000000000000000        8.4450515086683491E-003
   8.3333333333333321        7.3333333333333330        1.0674829001606908E-002
   8.3333333333333321        7.6666666666666661        1.2702207332201218E-002
   8.3333333333333321        8.0000000000000000        1.1980999913050627E-002
   8.3333333333333321        8.3333333333333321        9.3380629157996473E-003
   8.3333333333333321        8.6666666666666661        2.7990432793966423E-003
   8.3333333333333321        9.0000000000000000        2.8443943990949581E-003
   8.3333333333333321        9.3333333333333321        2.1286206335047078E-003
   8.3333333333333321        9.6666666666666661        1.1156838512517966E-003
   8.3333333333333321        10.000000000000000        0.0000000000000000     
 
   8.6666666666666661        0.0000000000000000        0.0000000000000000     
   8.6666666666666661       0.33333333333333331        1.5021293414302316E-003
   8.6666666666666661       0.66666666666666663        3.7022130814665191E-003
   8.6666666666666661        1.0000000000000000        8.5275374287920435E-003
   8.6666666666666661        1.3333333333333333        1.3387164317224209E-002
   8.6666666666666661        1.6666666666666665        1.9646306897167558E-002
   8.6666666666666661        2.0000000000000000        2.3091352142761513E-002
   8.6666666666666661        2.3333333333333330        3.3912336746314761E-002
   8.6666666666666661        2.6666666666666665        4.6077367111292358E-002
   8.6666666666666661        3.0000000000000000        5.3594114094857495E-002
   8.6666666666666661        3.3333333333333330        0.0000000000000000     
   8.6666666666666661        3.6666666666666665        5.9955218147446799E-003
   8.6666666666666661        4.0000000000000000        8.8155521892925304E-003
   8.6666666666666661        4.3333333333333330        5.7353578539628049E-003
   8.6666666666666661        4.6666666666666661        4.4693990449387478E-003
   8.6666666666666661        5.0000000000000000        3.4079417447096520E-002
   8.6666666666666661        5.3333333333333330        3.6755855744793169E-002
   8.6666666666666661        5.6666666666666661        4.4091293454676828E-002
   8.6666666666666661        6.0000000000000000        4.1130883776540075E-002
   8.6666666666666661        6.3333333333333330        2.4130130932656441E-002
   8.6666666666666661        6.6666666666666661        6.7092505676507779E-003
   8.6666666666666661        7.0000000000000000        7.1886277091691196E-003
   8.6666666666666661        7.3333333333333330        7.2645946975218425E-003
   8.6666666666666661        7.6666666666666661        7.7982392133354034E-003
   8.6666666666666661        8.0000000000000000        3.7381466081802318E-003
   8.6666666666666661        8.3333333333333321        4.7348940759174103E-003
   8.6666666666666661        8.6666666666666661        3.1584840882327462E-003
   8.6666666666666661        9.0000000000000000        8.7570915731872197E-004
   8.6666666666666661        9.3333333333333321        4.7917272610821071E-004
   8.6666666666666661        9.6666666666666661        0.0000000000000000     
   8.6666666666666661        10.000000000000000        0.0000000000000000     
 
   9.0000000000000000        0.0000000000000000        0.0000000000000000     
   9.0000000000000000       0.33333333333333331        1.2820849935668247E-003
   9.0000000000000000       0.66666666666666663        2.9824831398568567E-003
   9.0000000000000000        1.0000000000000000        5.5957464397765697E-003
   9.0000000000000000        1.3333333333333333        8.9066297087518932E-003
   9.0000000000000000        1.6666666666666665        1.1487442344373051E-002
   9.0000000000000000        2.0000000000000000        1.9170465418904350E-002
   9.0000000000000000        2.3333333333333330        2.5150532293686259E-002
   9.0000000000000000        2.6666666666666665        2.9113429623225576E-004
   9.0000000000000000        3.0000000000000000        5.3306204089005138E-004
   9.0000000000000000        3.3333333333333330        2.4669592144849518E-003
   9.0000000000000000        3.6666666666666665        3.9208992060952678E-003
   9.0000000000000000        4.0000000000000000        5.7999750808247676E-003
   9.0000000000000000        4.3333333333333330        5.4027287109286604E-003
   9.0000000000000000        4.6666666666666661        4.7613015020122750E-004
   9.0000000000000000        5.0000000000000000        1.9364899455201753E-002
   9.0000000000000000        5.3333333333333330        2.1114760335654660E-002
   9.0000000000000000        5.6666666666666661        5.8108050455955547E-003
   9.0000000000000000        6.0000000000000000        7.7021350707028252E-003
   9.0000000000000000        6.3333333333333330        1.0850899582034413E-002
   9.0000000000000000        6.6666666666666661        7.0107701517365300E-003
   9.0000000000000000        7.0000000000000000        3.3041150846878664E-003
   9.0000000000000000        7.3333333333333330        4.2326719345773143E-003
   9.0000000000000000        7.6666666666666661        4.2944469019963330E-003
   9.0000000000000000        8.0000000000000000        3.2442879062142826E-003
   9.0000000000000000        8.3333333333333321        3.3032930469092444E-003
   9.0000000000000000        8.6666666666666661        2.3804821171977300E-003
   9.0000000000000000        9.0000000000000000        1.0212650301774386E-003
   9.0000000000000000        9.3333333333333321        5.6465067628230455E-004
   9.0000000000000000        9.6666666666666661        4.1914941204919658E-005
   9.0000000000000000        10.000000000000000        0.0000000000000000     
 
   9.3333333333333321        0.0000000000000000        0.0000000000000000     
   9.3333333333333321       0.33333333333333331        8.3164501089452443E-004
   9.3333333333333321       0.66666666666666663        1.7737833292782760E-003
   9.3333333333333321        1.0000000000000000        2.7288143670928799E-003
   9.3333333333333321        1.3333333333333333        3.1336566800594929E-003
   9.3333333333333321        1.6666666666666665        5.2327489905606367E-003
   9.3333333333333321        2.0000000000000000        5.3705833117677912E-004
   9.3333333333333321        2.3333333333333330        2.8429405604789830E-004
   9.3333333333333321        2.6666666666666665        3.4312083297315078E-004
   9.3333333333333321        3.0000000000000000        6.2228290106571525E-004
   9.3333333333333321        3.3333333333333330        1.3593989888028572E-003
   9.3333333333333321        3.6666666666666665        1.9392614309549738E-003
   9.3333333333333321        4.0000000000000000        0.0000000000000000     
   9.3333333333333321        4.3333333333333330        4.0954477837599367E-004
   9.3333333333333321        4.6666666666666661        5.3942974595415903E-004
   9.3333333333333321        5.0000000000000000        5.4209327902408587E-003
   9.3333333333333321        5.3333333333333330        8.9631539013096360E-003
   9.3333333333333321        5.6666666666666661        6.4706419664368508E-003
   9.3333333333333321        6.0000000000000000        5.3147513811953534E-003
   9.3333333333333321        6.3333333333333330        5.5366696554399906E-003
   9.3333333333333321        6.6666666666666661        4.2072677684800693E-003
   9.3333333333333321        7.0000000000000000        2.8023096865599723E-003
   9.3333333333333321        7.3333333333333330        2.5942228312015396E-003
   9.3333333333333321        7.6666666666666661        2.4343360776944547E-003
   9.3333333333333321        8.0000000000000000        2.0776607528805039E-003
   9.3333333333333321        8.3333333333333321        2.6811140381040647E-004
   9.3333333333333321        8.6666666666666661        2.8009387447166677E-004
   9.3333333333333321        9.0000000000000000        4.2383608987952285E-004
   9.3333333333333321        9.3333333333333321        2.8850869058783668E-004
   9.3333333333333321        9.6666666666666661        9.1442568747717159E-005
   9.3333333333333321        10.000000000000000        0.0000000000000000     
 
   9.6666666666666661        0.0000000000000000        0.0000000000000000     
   9.6666666666666661       0.33333333333333331        3.9617254586621245E-004
   9.6666666666666661       0.66666666666666663        8.1409105611305254E-004
   9.6666666666666661        1.0000000000000000        1.2097305616212686E-003
   9.6666666666666661        1.3333333333333333        1.4752944990171601E-003
   9.6666666666666661        1.6666666666666665        1.7710232981329632E-003
   9.6666666666666661        2.0000000000000000        6.2240950548683250E-004
   9.6666666666666661        2.3333333333333330        2.7385370220895690E-004
   9.6666666666666661        2.6666666666666665        2.3254416108363306E-004
   9.6666666666666661        3.0000000000000000        3.5161429255574188E-004
   9.6666666666666661        3.3333333333333330        6.0732014939406337E-004
   9.6666666666666661        3.6666666666666665        8.0947921667485589E-004
   9.6666666666666661        4.0000000000000000        1.5608523894655046E-004
   9.6666666666666661        4.3333333333333330        3.3138760883002219E-004
   9.6666666666666661        4.6666666666666661        7.9906982897427216E-004
   9.6666666666666661        5.0000000000000000        2.4123521175087614E-003
   9.6666666666666661        5.3333333333333330        3.6730683108976070E-003
   9.6666666666666661        5.6666666666666661        9.9554027162278248E-004
   9.6666666666666661        6.0000000000000000        2.1037408792914901E-003
   9.6666666666666661        6.3333333333333330        2.3329391075748553E-003
   9.6666666666666661        6.6666666666666661        1.9424072063919471E-003
   9.6666666666666661        7.0000000000000000        1.4516375897888367E-003
   9.6666666666666661        7.3333333333333330        1.2434582752000212E-003
   9.6666666666666661        7.6666666666666661        1.0923889778579746E-003
   9.6666666666666661        8.0000000000000000        8.4069678774507256E-004
   9.6666666666666661        8.3333333333333321        3.1143426439242123E-004
   9.6666666666666661        8.6666666666666661        1.8412647094656544E-004
   9.6666666666666661        9.0000000000000000        1.7542700528321356E-004
   9.6666666666666661        9.3333333333333321        1.2347154369173256E-004
   9.6666666666666661        9.6666666666666661        5.1442143014510770E-005
   9.6666666666666661        10.000000000000000        0.0000000000000000     
 
   10.000000000000000        0.0000000000000000        0.0000000000000000     
   10.000000000000000       0.33333333333333331        0.0000000000000000     
   10.000000000000000       0.66666666666666663        0.0000000000000000     
   10.000000000000000        1.0000000000000000        0.0000000000000000     
   10.000000000000000        1.3333333333333333        0.0000000000000000     
   10.000000000000000        1.6666666666666665        0.0000000000000000     
   10.000000000000000        2.0000000000000000        0.0000000000000000     
   10.000000000000000        2.3333333333333330        0.0000000000000000     
   10.000000000000000        2.6666666666666665        0.0000000000000000     
   10.000000000000000        3.0000000000000000        0.0000000000000000     
   10.000000000000000        3.3333333333333330        0.0000000000000000     
   10.000000000000000        3.6666666666666665        0.0000000000000000     
   10.000000000000000        4.0000000000000000        0.0000000000000000     
   10.000000000000000        4.3333333333333330        0.0000000000000000     
   10.000000000000000        4.6666666666666661        0.0000000000000000     
   10.000000000000000        5.0000000000000000        0.0000000000000000     
   10.000000000000000        5.3333333333333330        0.0000000000000000     
   10.000000000000000        5.6666666666666661        0.0000000000000000     
   10.000000000000000        6.0000000000000000        0.0000000000000000     
   10.000000000000000        6.3333333333333330        0.0000000000000000     
   10.000000000000000        6.6666666666666661        0.0000000000000000     
   10.000000000000000        7.0000000000000000        0.0000000000000000     
   10.000000000000000        7.3333333333333330        0.0000000000000000     
   10.000000000000000        7.6666666666666661        0.0000000000000000     
   10.000000000000000        8.0000000000000000        0.0000000000000000     
   10.000000000000000        8.3333333333333321        0.0000000000000000     
   10.000000000000000        8.6666666666666661        0.0000000000000000     
   10.000000000000000        9.0000000000000000        0.0000000000000000     
   10.000000000000000        9.3333333333333321        0.0000000000000000     
   10.000000000000000        9.6666666666666661        0.0000000000000000     
   10.000000000000000        10.000000000000000        0.0000000000000000     
 
