   0.0000000000000000        0.0000000000000000        0.0000000000000000     
   0.0000000000000000       0.33333333333333331        0.0000000000000000     
   0.0000000000000000       0.66666666666666663        0.0000000000000000     
   0.0000000000000000        1.0000000000000000        0.0000000000000000     
   0.0000000000000000        1.3333333333333333        0.0000000000000000     
   0.0000000000000000        1.6666666666666665        0.0000000000000000     
   0.0000000000000000        2.0000000000000000        0.0000000000000000     
   0.0000000000000000        2.3333333333333330        0.0000000000000000     
   0.0000000000000000        2.6666666666666665        0.0000000000000000     
   0.0000000000000000        3.0000000000000000        0.0000000000000000     
   0.0000000000000000        3.3333333333333330        0.0000000000000000     
   0.0000000000000000        3.6666666666666665        0.0000000000000000     
   0.0000000000000000        4.0000000000000000        0.0000000000000000     
   0.0000000000000000        4.3333333333333330        0.0000000000000000     
   0.0000000000000000        4.6666666666666661        0.0000000000000000     
   0.0000000000000000        5.0000000000000000        0.0000000000000000     
   0.0000000000000000        5.3333333333333330        0.0000000000000000     
   0.0000000000000000        5.6666666666666661        0.0000000000000000     
   0.0000000000000000        6.0000000000000000        0.0000000000000000     
   0.0000000000000000        6.3333333333333330        0.0000000000000000     
   0.0000000000000000        6.6666666666666661        0.0000000000000000     
   0.0000000000000000        7.0000000000000000        0.0000000000000000     
   0.0000000000000000        7.3333333333333330        0.0000000000000000     
   0.0000000000000000        7.6666666666666661        0.0000000000000000     
   0.0000000000000000        8.0000000000000000        0.0000000000000000     
   0.0000000000000000        8.3333333333333321        0.0000000000000000     
   0.0000000000000000        8.6666666666666661        0.0000000000000000     
   0.0000000000000000        9.0000000000000000        0.0000000000000000     
   0.0000000000000000        9.3333333333333321        0.0000000000000000     
   0.0000000000000000        9.6666666666666661        0.0000000000000000     
   0.0000000000000000        10.000000000000000        0.0000000000000000     
 
  0.33333333333333331        0.0000000000000000        0.0000000000000000     
  0.33333333333333331       0.33333333333333331        2.7048516578232196E-005
  0.33333333333333331       0.66666666666666663        4.4826311544602183E-005
  0.33333333333333331        1.0000000000000000        4.2685026799100010E-005
  0.33333333333333331        1.3333333333333333        9.3497242750068734E-005
  0.33333333333333331        1.6666666666666665        1.4654028498944379E-004
  0.33333333333333331        2.0000000000000000        2.4451420549520775E-004
  0.33333333333333331        2.3333333333333330        3.2857745214022861E-004
  0.33333333333333331        2.6666666666666665        3.1344098158925043E-004
  0.33333333333333331        3.0000000000000000        6.7669717030150193E-004
  0.33333333333333331        3.3333333333333330        7.6353756168329949E-004
  0.33333333333333331        3.6666666666666665        7.1771833820267854E-004
  0.33333333333333331        4.0000000000000000        7.1980071198113132E-004
  0.33333333333333331        4.3333333333333330        7.4737269383805282E-004
  0.33333333333333331        4.6666666666666661        5.1910531451858691E-004
  0.33333333333333331        5.0000000000000000        9.1086277925363267E-004
  0.33333333333333331        5.3333333333333330        2.3778546268316794E-003
  0.33333333333333331        5.6666666666666661        3.1570052479610714E-003
  0.33333333333333331        6.0000000000000000        3.7985711874484163E-003
  0.33333333333333331        6.3333333333333330        4.2267074238615783E-003
  0.33333333333333331        6.6666666666666661        2.8529642658671459E-003
  0.33333333333333331        7.0000000000000000        4.7729831557897524E-003
  0.33333333333333331        7.3333333333333330        2.0240093180336409E-003
  0.33333333333333331        7.6666666666666661        1.6254896064127353E-003
  0.33333333333333331        8.0000000000000000        1.1524953041346926E-003
  0.33333333333333331        8.3333333333333321        7.1022209586423088E-004
  0.33333333333333331        8.6666666666666661        4.9954565688081830E-004
  0.33333333333333331        9.0000000000000000        3.4289514253025937E-004
  0.33333333333333331        9.3333333333333321        1.7831802968686246E-004
  0.33333333333333331        9.6666666666666661        7.4344674456701472E-005
  0.33333333333333331        10.000000000000000        0.0000000000000000     
 
  0.66666666666666663        0.0000000000000000        0.0000000000000000     
  0.66666666666666663       0.33333333333333331        6.9522813506859088E-005
  0.66666666666666663       0.66666666666666663        1.1985958087114881E-004
  0.66666666666666663        1.0000000000000000        2.5042922974331686E-004
  0.66666666666666663        1.3333333333333333        2.0700808264575784E-004
  0.66666666666666663        1.6666666666666665        2.8211115974568249E-004
  0.66666666666666663        2.0000000000000000        5.5736240516227672E-004
  0.66666666666666663        2.3333333333333330        8.2676522401213233E-004
  0.66666666666666663        2.6666666666666665        1.9502846345954702E-003
  0.66666666666666663        3.0000000000000000        1.7627239299837928E-003
  0.66666666666666663        3.3333333333333330        1.8080211852203117E-003
  0.66666666666666663        3.6666666666666665        1.5309474754306841E-003
  0.66666666666666663        4.0000000000000000        1.5601113754915060E-003
  0.66666666666666663        4.3333333333333330        1.9001293174183236E-003
  0.66666666666666663        4.6666666666666661        0.0000000000000000     
  0.66666666666666663        5.0000000000000000        5.6338452163032975E-003
  0.66666666666666663        5.3333333333333330        5.8507765571338766E-003
  0.66666666666666663        5.6666666666666661        6.9664517065146855E-003
  0.66666666666666663        6.0000000000000000        8.4020894792029722E-003
  0.66666666666666663        6.3333333333333330        1.0885907563729761E-002
  0.66666666666666663        6.6666666666666661        1.8491417459964382E-002
  0.66666666666666663        7.0000000000000000        1.4928910654319361E-002
  0.66666666666666663        7.3333333333333330        3.0424559802908961E-003
  0.66666666666666663        7.6666666666666661        3.6102686767121236E-003
  0.66666666666666663        8.0000000000000000        2.4881456718098653E-003
  0.66666666666666663        8.3333333333333321        1.3294239250789173E-003
  0.66666666666666663        8.6666666666666661        1.0494671257140920E-003
  0.66666666666666663        9.0000000000000000        7.6800442779430440E-004
  0.66666666666666663        9.3333333333333321        3.3602439623453670E-004
  0.66666666666666663        9.6666666666666661        1.3612683342921773E-004
  0.66666666666666663        10.000000000000000        0.0000000000000000     
 
   1.0000000000000000        0.0000000000000000        0.0000000000000000     
   1.0000000000000000       0.33333333333333331        1.4644835345625599E-004
   1.0000000000000000       0.66666666666666663        2.7154509881547321E-004
   1.0000000000000000        1.0000000000000000        3.5121015581553871E-004
   1.0000000000000000        1.3333333333333333        2.5042922974331686E-004
   1.0000000000000000        1.6666666666666665        8.8057231084625231E-004
   1.0000000000000000        2.0000000000000000        9.9745968781179148E-004
   1.0000000000000000        2.3333333333333330        1.7663875788939175E-003
   1.0000000000000000        2.6666666666666665        2.5183862024656463E-003
   1.0000000000000000        3.0000000000000000        2.9499469412679765E-003
   1.0000000000000000        3.3333333333333330        3.5087926007597186E-003
   1.0000000000000000        3.6666666666666665        2.3346522520440913E-003
   1.0000000000000000        4.0000000000000000        2.3986272267468231E-003
   1.0000000000000000        4.3333333333333330        3.7620286308204473E-003
   1.0000000000000000        4.6666666666666661        5.3998504828240033E-003
   1.0000000000000000        5.0000000000000000        6.4324974768936857E-003
   1.0000000000000000        5.3333333333333330        9.4070203878146835E-003
   1.0000000000000000        5.6666666666666661        1.1551347754949245E-002
   1.0000000000000000        6.0000000000000000        1.3211030969027603E-002
   1.0000000000000000        6.3333333333333330        2.1548011823614835E-002
   1.0000000000000000        6.6666666666666661        2.4659635391874421E-002
   1.0000000000000000        7.0000000000000000        2.3641456162620315E-002
   1.0000000000000000        7.3333333333333330        1.7030796444322288E-002
   1.0000000000000000        7.6666666666666661        7.9066649998022643E-003
   1.0000000000000000        8.0000000000000000        4.3106242136073851E-003
   1.0000000000000000        8.3333333333333321        2.3179838052701006E-003
   1.0000000000000000        8.6666666666666661        1.8166957416101456E-003
   1.0000000000000000        9.0000000000000000        1.5064013712196226E-003
   1.0000000000000000        9.3333333333333321        1.3352218957232180E-004
   1.0000000000000000        9.6666666666666661        1.6497682995444602E-004
   1.0000000000000000        10.000000000000000        0.0000000000000000     
 
   1.3333333333333333        0.0000000000000000        0.0000000000000000     
   1.3333333333333333       0.33333333333333331        2.7547901111402574E-004
   1.3333333333333333       0.66666666666666663        5.2579829504133810E-004
   1.3333333333333333        1.0000000000000000        7.0762594238038209E-004
   1.3333333333333333        1.3333333333333333        1.2505593447519709E-003
   1.3333333333333333        1.6666666666666665        9.6026813465079986E-004
   1.3333333333333333        2.0000000000000000        3.1368908566678346E-003
   1.3333333333333333        2.3333333333333330        3.0698496854281920E-003
   1.3333333333333333        2.6666666666666665        3.8779374613824428E-003
   1.3333333333333333        3.0000000000000000        4.5353629549850696E-003
   1.3333333333333333        3.3333333333333330        7.5341221108688487E-003
   1.3333333333333333        3.6666666666666665        1.4612575089308891E-002
   1.3333333333333333        4.0000000000000000        9.0022036377804086E-003
   1.3333333333333333        4.3333333333333330        7.6778925037489839E-003
   1.3333333333333333        4.6666666666666661        1.4717048293951035E-002
   1.3333333333333333        5.0000000000000000        1.5328581599206702E-002
   1.3333333333333333        5.3333333333333330        1.5278844122972651E-002
   1.3333333333333333        5.6666666666666661        1.8319014124960332E-002
   1.3333333333333333        6.0000000000000000        4.5920981059797451E-002
   1.3333333333333333        6.3333333333333330        4.0159578427099100E-002
   1.3333333333333333        6.6666666666666661        3.8131810302143701E-002
   1.3333333333333333        7.0000000000000000        3.4442369904189078E-002
   1.3333333333333333        7.3333333333333330        2.8549461539413935E-002
   1.3333333333333333        7.6666666666666661        2.7327764228669716E-003
   1.3333333333333333        8.0000000000000000        3.2828076905473463E-003
   1.3333333333333333        8.3333333333333321        3.2736706214154363E-003
   1.3333333333333333        8.6666666666666661        2.7556404179430085E-003
   1.3333333333333333        9.0000000000000000        2.2422082091982519E-003
   1.3333333333333333        9.3333333333333321        9.6574603554489707E-004
   1.3333333333333333        9.6666666666666661        4.2670537029749367E-004
   1.3333333333333333        10.000000000000000        0.0000000000000000     
 
   1.6666666666666665        0.0000000000000000        0.0000000000000000     
   1.6666666666666665       0.33333333333333331        4.8428657544818981E-004
   1.6666666666666665       0.66666666666666663        9.5233895006891552E-004
   1.6666666666666665        1.0000000000000000        1.3850930256806859E-003
   1.6666666666666665        1.3333333333333333        1.7959935873123284E-003
   1.6666666666666665        1.6666666666666665        4.3458305659862459E-003
   1.6666666666666665        2.0000000000000000        3.8026883701413952E-003
   1.6666666666666665        2.3333333333333330        4.0716125363929418E-003
   1.6666666666666665        2.6666666666666665        6.0694230925403747E-003
   1.6666666666666665        3.0000000000000000        1.6515987269929810E-002
   1.6666666666666665        3.3333333333333330        1.5681343196122889E-002
   1.6666666666666665        3.6666666666666665        1.6759576645208298E-002
   1.6666666666666665        4.0000000000000000        1.1836757434162213E-002
   1.6666666666666665        4.3333333333333330        1.1580523298459142E-002
   1.6666666666666665        4.6666666666666661        1.7070210214029487E-002
   1.6666666666666665        5.0000000000000000        1.7715546992907165E-002
   1.6666666666666665        5.3333333333333330        2.0276123628598958E-002
   1.6666666666666665        5.6666666666666661        3.0554219259520152E-002
   1.6666666666666665        6.0000000000000000        5.6515288318644337E-002
   1.6666666666666665        6.3333333333333330        5.9413501592205341E-002
   1.6666666666666665        6.6666666666666661        5.7577330776119810E-002
   1.6666666666666665        7.0000000000000000        5.1531686787373833E-002
   1.6666666666666665        7.3333333333333330        3.7808194046190083E-002
   1.6666666666666665        7.6666666666666661        2.2937688871283992E-003
   1.6666666666666665        8.0000000000000000        3.4284735114413992E-003
   1.6666666666666665        8.3333333333333321        5.3349574110934600E-003
   1.6666666666666665        8.6666666666666661        4.2047969984159014E-003
   1.6666666666666665        9.0000000000000000        2.8993587788108499E-003
   1.6666666666666665        9.3333333333333321        1.7006682067116511E-003
   1.6666666666666665        9.6666666666666661        6.6472808236007553E-004
   1.6666666666666665        10.000000000000000        0.0000000000000000     
 
   2.0000000000000000        0.0000000000000000        0.0000000000000000     
   2.0000000000000000       0.33333333333333331        7.9954650646010307E-004
   2.0000000000000000       0.66666666666666663        1.5903189630439732E-003
   2.0000000000000000        1.0000000000000000        2.3391363793942945E-003
   2.0000000000000000        1.3333333333333333        3.0844168948511983E-003
   2.0000000000000000        1.6666666666666665        5.6386125224417169E-003
   2.0000000000000000        2.0000000000000000        4.3458305659862459E-003
   2.0000000000000000        2.3333333333333330        9.7172457803603469E-003
   2.0000000000000000        2.6666666666666665        1.1246564150294109E-002
   2.0000000000000000        3.0000000000000000        1.9583603968114777E-002
   2.0000000000000000        3.3333333333333330        2.4004576943170954E-002
   2.0000000000000000        3.6666666666666665        2.7171410434457286E-002
   2.0000000000000000        4.0000000000000000        4.6304753267641087E-002
   2.0000000000000000        4.3333333333333330        4.5912233011404679E-002
   2.0000000000000000        4.6666666666666661        2.6783923241877696E-002
   2.0000000000000000        5.0000000000000000        2.0781462181862709E-002
   2.0000000000000000        5.3333333333333330        0.0000000000000000     
   2.0000000000000000        5.6666666666666661       0.14744328297239545     
   2.0000000000000000        6.0000000000000000        9.5382344643927738E-002
   2.0000000000000000        6.3333333333333330        8.8987133743868199E-002
   2.0000000000000000        6.6666666666666661        8.6817307579666103E-002
   2.0000000000000000        7.0000000000000000        8.1592044361529170E-002
   2.0000000000000000        7.3333333333333330        1.3139861850135868E-003
   2.0000000000000000        7.6666666666666661        1.6236527573732359E-003
   2.0000000000000000        8.0000000000000000        2.0319058997761704E-002
   2.0000000000000000        8.3333333333333321        1.1292836887406548E-002
   2.0000000000000000        8.6666666666666661        6.5458125278820755E-003
   2.0000000000000000        9.0000000000000000        3.9786434498091964E-003
   2.0000000000000000        9.3333333333333321        2.5991244588176874E-003
   2.0000000000000000        9.6666666666666661        4.6921070965667448E-004
   2.0000000000000000        10.000000000000000        0.0000000000000000     
 
   2.3333333333333330        0.0000000000000000        0.0000000000000000     
   2.3333333333333330       0.33333333333333331        1.2626900183576846E-003
   2.3333333333333330       0.66666666666666663        2.5435357263715931E-003
   2.3333333333333330        1.0000000000000000        3.6934479493758859E-003
   2.3333333333333330        1.3333333333333333        1.1075568383012123E-002
   2.3333333333333330        1.6666666666666665        1.1653793819302096E-002
   2.3333333333333330        2.0000000000000000        2.6586782105464182E-002
   2.3333333333333330        2.3333333333333330        3.4427869567094420E-002
   2.3333333333333330        2.6666666666666665        3.4331163717557213E-002
   2.3333333333333330        3.0000000000000000        2.9027512169842236E-002
   2.3333333333333330        3.3333333333333330        3.6395210620953897E-002
   2.3333333333333330        3.6666666666666665        4.3831064976209054E-002
   2.3333333333333330        4.0000000000000000        5.1588319850864185E-002
   2.3333333333333330        4.3333333333333330        6.9921965437000994E-002
   2.3333333333333330        4.6666666666666661       0.15206204786276628     
   2.3333333333333330        5.0000000000000000       0.20426918036159430     
   2.3333333333333330        5.3333333333333330       0.22844541601128140     
   2.3333333333333330        5.6666666666666661       0.20722182365692274     
   2.3333333333333330        6.0000000000000000       0.15694989231601503     
   2.3333333333333330        6.3333333333333330       0.12130996514810137     
   2.3333333333333330        6.6666666666666661       0.12608631772935341     
   2.3333333333333330        7.0000000000000000       0.11334340899972285     
   2.3333333333333330        7.3333333333333330       0.11606677925471134     
   2.3333333333333330        7.6666666666666661        6.4201046548863383E-002
   2.3333333333333330        8.0000000000000000        3.1856659406349991E-002
   2.3333333333333330        8.3333333333333321        1.4530020200045280E-002
   2.3333333333333330        8.6666666666666661        7.7262162942892216E-003
   2.3333333333333330        9.0000000000000000        4.5577866342850692E-003
   2.3333333333333330        9.3333333333333321        2.5995068987418948E-003
   2.3333333333333330        9.6666666666666661        1.0316773263656671E-003
   2.3333333333333330        10.000000000000000        0.0000000000000000     
 
   2.6666666666666665        0.0000000000000000        0.0000000000000000     
   2.6666666666666665       0.33333333333333331        1.9122058511091484E-003
   2.6666666666666665       0.66666666666666663        4.0311217027930099E-003
   2.6666666666666665        1.0000000000000000        6.7680405463684812E-003
   2.6666666666666665        1.3333333333333333        1.2021849501704584E-002
   2.6666666666666665        1.6666666666666665        1.9787072342651073E-002
   2.6666666666666665        2.0000000000000000        2.9688648735618450E-002
   2.6666666666666665        2.3333333333333330        3.8127640446038849E-002
   2.6666666666666665        2.6666666666666665        4.3203883214684727E-002
   2.6666666666666665        3.0000000000000000        6.0780520447624740E-002
   2.6666666666666665        3.3333333333333330        5.2384428466179772E-002
   2.6666666666666665        3.6666666666666665        6.4370985348168250E-002
   2.6666666666666665        4.0000000000000000       0.10949769615349043     
   2.6666666666666665        4.3333333333333330       0.11859786836188514     
   2.6666666666666665        4.6666666666666661       0.16214589433726778     
   2.6666666666666665        5.0000000000000000       0.21396252848198172     
   2.6666666666666665        5.3333333333333330       0.25752437324356359     
   2.6666666666666665        5.6666666666666661       0.25351729394621614     
   2.6666666666666665        6.0000000000000000       0.20118196348855086     
   2.6666666666666665        6.3333333333333330       0.23720190577489977     
   2.6666666666666665        6.6666666666666661       0.19086358270910986     
   2.6666666666666665        7.0000000000000000       0.14044995979217545     
   2.6666666666666665        7.3333333333333330       0.12586346691738742     
   2.6666666666666665        7.6666666666666661       0.10252537752396829     
   2.6666666666666665        8.0000000000000000        7.8323327036495510E-003
   2.6666666666666665        8.3333333333333321        9.1367891912908922E-003
   2.6666666666666665        8.6666666666666661        6.4450548488249300E-003
   2.6666666666666665        9.0000000000000000        4.7031362118461519E-003
   2.6666666666666665        9.3333333333333321        2.6864497483755786E-003
   2.6666666666666665        9.6666666666666661        1.2549557803137894E-003
   2.6666666666666665        10.000000000000000        0.0000000000000000     
 
   3.0000000000000000        0.0000000000000000        0.0000000000000000     
   3.0000000000000000       0.33333333333333331        2.6442329083683136E-003
   3.0000000000000000       0.66666666666666663        5.4918328156348031E-003
   3.0000000000000000        1.0000000000000000        8.2703424400393591E-003
   3.0000000000000000        1.3333333333333333        2.4570293499001365E-002
   3.0000000000000000        1.6666666666666665        2.8053387363448600E-002
   3.0000000000000000        2.0000000000000000        3.7373254123664615E-002
   3.0000000000000000        2.3333333333333330        4.8865087428779132E-002
   3.0000000000000000        2.6666666666666665        6.1038300210208445E-002
   3.0000000000000000        3.0000000000000000        7.3832080718209930E-002
   3.0000000000000000        3.3333333333333330       0.11186645849669907     
   3.0000000000000000        3.6666666666666665       0.10160155427494226     
   3.0000000000000000        4.0000000000000000       0.13150164060707500     
   3.0000000000000000        4.3333333333333330       0.14145947955002847     
   3.0000000000000000        4.6666666666666661       0.17320205737291597     
   3.0000000000000000        5.0000000000000000       0.24032278828725015     
   3.0000000000000000        5.3333333333333330       0.34073416468299894     
   3.0000000000000000        5.6666666666666661       0.35451755827898279     
   3.0000000000000000        6.0000000000000000       0.37506955065508846     
   3.0000000000000000        6.3333333333333330       0.29135297521963049     
   3.0000000000000000        6.6666666666666661       0.26773679994078387     
   3.0000000000000000        7.0000000000000000       0.18764437156441480     
   3.0000000000000000        7.3333333333333330       0.15355794894579958     
   3.0000000000000000        7.6666666666666661       0.12571428963520442     
   3.0000000000000000        8.0000000000000000        8.0706634621963591E-002
   3.0000000000000000        8.3333333333333321        4.4187360336880093E-003
   3.0000000000000000        8.6666666666666661        5.2845702269909778E-003
   3.0000000000000000        9.0000000000000000        5.9511105144257640E-003
   3.0000000000000000        9.3333333333333321        2.9673922578577205E-003
   3.0000000000000000        9.6666666666666661        1.5395420104163183E-003
   3.0000000000000000        10.000000000000000        0.0000000000000000     
 
   3.3333333333333330        0.0000000000000000        0.0000000000000000     
   3.3333333333333330       0.33333333333333331        3.5492024170923086E-003
   3.3333333333333330       0.66666666666666663        7.7766632873879846E-003
   3.3333333333333330        1.0000000000000000        1.3639682517297424E-002
   3.3333333333333330        1.3333333333333333        2.3771213420438437E-002
   3.3333333333333330        1.6666666666666665        3.3352366761247483E-002
   3.3333333333333330        2.0000000000000000        4.6299636700690143E-002
   3.3333333333333330        2.3333333333333330        6.2848181655857802E-002
   3.3333333333333330        2.6666666666666665        8.2564440238549322E-002
   3.3333333333333330        3.0000000000000000       0.10436676306621055     
   3.3333333333333330        3.3333333333333330       0.12759860218398947     
   3.3333333333333330        3.6666666666666665       0.13385479969212552     
   3.3333333333333330        4.0000000000000000       0.15852779650279816     
   3.3333333333333330        4.3333333333333330       0.15184423498417932     
   3.3333333333333330        4.6666666666666661       0.15782903793968925     
   3.3333333333333330        5.0000000000000000       0.59255962256064709     
   3.3333333333333330        5.3333333333333330       0.51277274100941084     
   3.3333333333333330        5.6666666666666661       0.47100253327164254     
   3.3333333333333330        6.0000000000000000       0.46069526693657625     
   3.3333333333333330        6.3333333333333330       0.40104615408589722     
   3.3333333333333330        6.6666666666666661       0.32727864743744350     
   3.3333333333333330        7.0000000000000000       0.23056788688042809     
   3.3333333333333330        7.3333333333333330       0.18411248774072173     
   3.3333333333333330        7.6666666666666661       0.12996763701813957     
   3.3333333333333330        8.0000000000000000        8.8736640442519651E-002
   3.3333333333333330        8.3333333333333321        3.3043693737654950E-002
   3.3333333333333330        8.6666666666666661        1.3571683741534064E-002
   3.3333333333333330        9.0000000000000000        8.9023099511664518E-003
   3.3333333333333330        9.3333333333333321        4.9218971647547443E-003
   3.3333333333333330        9.6666666666666661        2.2159528672830650E-003
   3.3333333333333330        10.000000000000000        0.0000000000000000     
 
   3.6666666666666665        0.0000000000000000        0.0000000000000000     
   3.6666666666666665       0.33333333333333331        4.2519101206074036E-003
   3.6666666666666665       0.66666666666666663        9.4162012327163504E-003
   3.6666666666666665        1.0000000000000000        1.6336796534713940E-002
   3.6666666666666665        1.3333333333333333        2.6011810552728672E-002
   3.6666666666666665        1.6666666666666665        3.8365940905087839E-002
   3.6666666666666665        2.0000000000000000        5.5279126713597089E-002
   3.6666666666666665        2.3333333333333330        7.7813105519189435E-002
   3.6666666666666665        2.6666666666666665       0.10651401368987541     
   3.6666666666666665        3.0000000000000000       0.13824988810653963     
   3.6666666666666665        3.3333333333333330       0.16537816632453095     
   3.6666666666666665        3.6666666666666665       0.17756655963054332     
   3.6666666666666665        4.0000000000000000       0.17339626257197480     
   3.6666666666666665        4.3333333333333330       0.15852779650279816     
   3.6666666666666665        4.6666666666666661       0.73770543681174028     
   3.6666666666666665        5.0000000000000000       0.66156171712662704     
   3.6666666666666665        5.3333333333333330       0.63900221045095718     
   3.6666666666666665        5.6666666666666661       0.55105032300909706     
   3.6666666666666665        6.0000000000000000       0.53199656977947274     
   3.6666666666666665        6.3333333333333330       0.47415402803110701     
   3.6666666666666665        6.6666666666666661       0.41296818290814835     
   3.6666666666666665        7.0000000000000000       0.28548448943431659     
   3.6666666666666665        7.3333333333333330       0.23088675506246875     
   3.6666666666666665        7.6666666666666661        5.6969325059053000E-002
   3.6666666666666665        8.0000000000000000        6.3316486954663909E-002
   3.6666666666666665        8.3333333333333321        3.7391858128259306E-002
   3.6666666666666665        8.6666666666666661        2.0264689209585268E-002
   3.6666666666666665        9.0000000000000000        1.2571623024679028E-002
   3.6666666666666665        9.3333333333333321        6.4202316338373431E-003
   3.6666666666666665        9.6666666666666661        2.7839354769193790E-003
   3.6666666666666665        10.000000000000000        0.0000000000000000     
 
   4.0000000000000000        0.0000000000000000        0.0000000000000000     
   4.0000000000000000       0.33333333333333331        4.5934979130081675E-003
   4.0000000000000000       0.66666666666666663        1.0454224236413141E-002
   4.0000000000000000        1.0000000000000000        1.8110556104270311E-002
   4.0000000000000000        1.3333333333333333        2.8150073829243675E-002
   4.0000000000000000        1.6666666666666665        4.2057909885076197E-002
   4.0000000000000000        2.0000000000000000        6.2455969345570787E-002
   4.0000000000000000        2.3333333333333330        9.0855382500842449E-002
   4.0000000000000000        2.6666666666666665       0.13184400391254067     
   4.0000000000000000        3.0000000000000000       0.18107993782930598     
   4.0000000000000000        3.3333333333333330       0.22231520922868286     
   4.0000000000000000        3.6666666666666665       0.24224745125691538     
   4.0000000000000000        4.0000000000000000       0.20554802399225447     
   4.0000000000000000        4.3333333333333330       0.83117114247946600     
   4.0000000000000000        4.6666666666666661       0.79577860131316880     
   4.0000000000000000        5.0000000000000000       0.89001162370295894     
   4.0000000000000000        5.3333333333333330       0.81183486306607777     
   4.0000000000000000        5.6666666666666661       0.72821996044897264     
   4.0000000000000000        6.0000000000000000       0.63160437903293354     
   4.0000000000000000        6.3333333333333330       0.54442141132646438     
   4.0000000000000000        6.6666666666666661       0.43566709568563144     
   4.0000000000000000        7.0000000000000000       0.34563540388456521     
   4.0000000000000000        7.3333333333333330       0.18089373174288451     
   4.0000000000000000        7.6666666666666661        9.2979248671415521E-002
   4.0000000000000000        8.0000000000000000        7.6461474848048910E-002
   4.0000000000000000        8.3333333333333321        4.5698507576348836E-002
   4.0000000000000000        8.6666666666666661        2.1554717531328125E-002
   4.0000000000000000        9.0000000000000000        1.6536147342481076E-002
   4.0000000000000000        9.3333333333333321        5.5623212122246548E-003
   4.0000000000000000        9.6666666666666661        2.9574925644609089E-003
   4.0000000000000000        10.000000000000000        0.0000000000000000     
 
   4.3333333333333330        0.0000000000000000        0.0000000000000000     
   4.3333333333333330       0.33333333333333331        4.2547642881439864E-003
   4.3333333333333330       0.66666666666666663        1.0960557398163477E-002
   4.3333333333333330        1.0000000000000000        1.9501892473815750E-002
   4.3333333333333330        1.3333333333333333        2.9132873135207436E-002
   4.3333333333333330        1.6666666666666665        4.2623524752335967E-002
   4.3333333333333330        2.0000000000000000        6.5547008964006503E-002
   4.3333333333333330        2.3333333333333330        9.5542035687557508E-002
   4.3333333333333330        2.6666666666666665       0.15298257621591146     
   4.3333333333333330        3.0000000000000000       0.23521516787614022     
   4.3333333333333330        3.3333333333333330       0.30269020176775802     
   4.3333333333333330        3.6666666666666665       0.36525737677571318     
   4.3333333333333330        4.0000000000000000       0.80780648075285577     
   4.3333333333333330        4.3333333333333330       0.83775485181714382     
   4.3333333333333330        4.6666666666666661       0.94125948170261342     
   4.3333333333333330        5.0000000000000000       0.91759455490719322     
   4.3333333333333330        5.3333333333333330       0.86586329837394904     
   4.3333333333333330        5.6666666666666661       0.79296410615746338     
   4.3333333333333330        6.0000000000000000       0.70045187680028376     
   4.3333333333333330        6.3333333333333330       0.62329029829868099     
   4.3333333333333330        6.6666666666666661       0.41982145835243173     
   4.3333333333333330        7.0000000000000000       0.31729370699069825     
   4.3333333333333330        7.3333333333333330       0.18784263534747633     
   4.3333333333333330        7.6666666666666661       0.11619282628681164     
   4.3333333333333330        8.0000000000000000        7.9537834347260222E-002
   4.3333333333333330        8.3333333333333321        5.0565760248387388E-002
   4.3333333333333330        8.6666666666666661        2.9334163754997103E-002
   4.3333333333333330        9.0000000000000000        1.7749362173089478E-002
   4.3333333333333330        9.3333333333333321        9.0095609075640185E-003
   4.3333333333333330        9.6666666666666661        3.9486654947900306E-003
   4.3333333333333330        10.000000000000000        0.0000000000000000     
 
   4.6666666666666661        0.0000000000000000        0.0000000000000000     
   4.6666666666666661       0.33333333333333331        2.0094598279443046E-003
   4.6666666666666661       0.66666666666666663        1.9460697893306587E-002
   4.6666666666666661        1.0000000000000000        2.2000022694208591E-002
   4.6666666666666661        1.3333333333333333        2.9120024796137938E-002
   4.6666666666666661        1.6666666666666665        3.7213061474958897E-002
   4.6666666666666661        2.0000000000000000        6.6836657092783344E-002
   4.6666666666666661        2.3333333333333330        7.7071382947492689E-002
   4.6666666666666661        2.6666666666666665       0.30317395066268593     
   4.6666666666666661        3.0000000000000000       0.30603831339779791     
   4.6666666666666661        3.3333333333333330       0.38654266230771289     
   4.6666666666666661        3.6666666666666665       0.54563350604684591     
   4.6666666666666661        4.0000000000000000       0.74381345382392505     
   4.6666666666666661        4.3333333333333330       0.83924048888170955     
   4.6666666666666661        4.6666666666666661       0.90816316979281575     
   4.6666666666666661        5.0000000000000000       0.91895371986873475     
   4.6666666666666661        5.3333333333333330       0.89288928985805238     
   4.6666666666666661        5.6666666666666661       0.83756299226893982     
   4.6666666666666661        6.0000000000000000       0.72487492714334989     
   4.6666666666666661        6.3333333333333330       0.60430651079555875     
   4.6666666666666661        6.6666666666666661       0.51786634701397949     
   4.6666666666666661        7.0000000000000000       0.13469871627178104     
   4.6666666666666661        7.3333333333333330       0.14277207380676771     
   4.6666666666666661        7.6666666666666661       0.11091981238444092     
   4.6666666666666661        8.0000000000000000        8.1000839834670629E-002
   4.6666666666666661        8.3333333333333321        5.2499389252022681E-002
   4.6666666666666661        8.6666666666666661        3.0781867201578453E-002
   4.6666666666666661        9.0000000000000000        1.8397968631680764E-002
   4.6666666666666661        9.3333333333333321        1.0040956658718330E-002
   4.6666666666666661        9.6666666666666661        4.4143310856520008E-003
   4.6666666666666661        10.000000000000000        0.0000000000000000     
 
   5.0000000000000000        0.0000000000000000        0.0000000000000000     
   5.0000000000000000       0.33333333333333331        2.0464996981823225E-003
   5.0000000000000000       0.66666666666666663        1.7196694255346544E-002
   5.0000000000000000        1.0000000000000000        2.2515922921591564E-002
   5.0000000000000000        1.3333333333333333        3.1183064499870086E-002
   5.0000000000000000        1.6666666666666665        4.3385631229495604E-002
   5.0000000000000000        2.0000000000000000        6.1508274651289094E-002
   5.0000000000000000        2.3333333333333330        7.3673031253594562E-002
   5.0000000000000000        2.6666666666666665       0.29403341439895203     
   5.0000000000000000        3.0000000000000000       0.30052455830947544     
   5.0000000000000000        3.3333333333333330       0.69409484103249552     
   5.0000000000000000        3.6666666666666665       0.67071028382564624     
   5.0000000000000000        4.0000000000000000       0.75162053053725764     
   5.0000000000000000        4.3333333333333330       0.82687290207854292     
   5.0000000000000000        4.6666666666666661       0.88155342022872929     
   5.0000000000000000        5.0000000000000000       0.90264296008335443     
   5.0000000000000000        5.3333333333333330       0.89707075309783568     
   5.0000000000000000        5.6666666666666661       0.89383517603395679     
   5.0000000000000000        6.0000000000000000       0.53314386748546494     
   5.0000000000000000        6.3333333333333330       0.53191347414425993     
   5.0000000000000000        6.6666666666666661       0.32671128943039840     
   5.0000000000000000        7.0000000000000000       0.17859343368388103     
   5.0000000000000000        7.3333333333333330       0.14482738263269171     
   5.0000000000000000        7.6666666666666661       0.11058299819941272     
   5.0000000000000000        8.0000000000000000        8.7216777930978887E-002
   5.0000000000000000        8.3333333333333321        3.2347502074589383E-002
   5.0000000000000000        8.6666666666666661        2.6313630795401607E-002
   5.0000000000000000        9.0000000000000000        1.7347253074812545E-002
   5.0000000000000000        9.3333333333333321        9.7317413335611426E-003
   5.0000000000000000        9.6666666666666661        4.3144053713498505E-003
   5.0000000000000000        10.000000000000000        0.0000000000000000     
 
   5.3333333333333330        0.0000000000000000        0.0000000000000000     
   5.3333333333333330       0.33333333333333331        4.4122490240708452E-003
   5.3333333333333330       0.66666666666666663        1.4054668708174045E-002
   5.3333333333333330        1.0000000000000000        2.2315869173807474E-002
   5.3333333333333330        1.3333333333333333        3.2928396683333458E-002
   5.3333333333333330        1.6666666666666665        4.7521162605245540E-002
   5.3333333333333330        2.0000000000000000        6.6815120725765953E-002
   5.3333333333333330        2.3333333333333330        8.7395740422805249E-002
   5.3333333333333330        2.6666666666666665       0.26163014013047253     
   5.3333333333333330        3.0000000000000000       0.30592898265891943     
   5.3333333333333330        3.3333333333333330       0.61648194749226892     
   5.3333333333333330        3.6666666666666665       0.66860765600133276     
   5.3333333333333330        4.0000000000000000       0.73413297754920359     
   5.3333333333333330        4.3333333333333330       0.79514884347456405     
   5.3333333333333330        4.6666666666666661       0.84013906427073348     
   5.3333333333333330        5.0000000000000000       0.86024769103602738     
   5.3333333333333330        5.3333333333333330       0.84575032297703934     
   5.3333333333333330        5.6666666666666661       0.57831083590907817     
   5.3333333333333330        6.0000000000000000       0.52307012583006063     
   5.3333333333333330        6.3333333333333330       0.44632130262792374     
   5.3333333333333330        6.6666666666666661       0.33025223607436177     
   5.3333333333333330        7.0000000000000000       0.21929508927955929     
   5.3333333333333330        7.3333333333333330       0.15456107914420084     
   5.3333333333333330        7.6666666666666661       0.10633762170967082     
   5.3333333333333330        8.0000000000000000        7.6573653378103776E-002
   5.3333333333333330        8.3333333333333321        4.2095026945035606E-002
   5.3333333333333330        8.6666666666666661        2.7947709074337159E-002
   5.3333333333333330        9.0000000000000000        1.7212203666884796E-002
   5.3333333333333330        9.3333333333333321        8.5936020964518661E-003
   5.3333333333333330        9.6666666666666661        3.7503684432726625E-003
   5.3333333333333330        10.000000000000000        0.0000000000000000     
 
   5.6666666666666661        0.0000000000000000        0.0000000000000000     
   5.6666666666666661       0.33333333333333331        2.1304518716326890E-003
   5.6666666666666661       0.66666666666666663        4.6018761873290893E-003
   5.6666666666666661        1.0000000000000000        2.1217386961500134E-002
   5.6666666666666661        1.3333333333333333        3.3963644530546760E-002
   5.6666666666666661        1.6666666666666665        5.0979929017505927E-002
   5.6666666666666661        2.0000000000000000        7.5542389306699709E-002
   5.6666666666666661        2.3333333333333330       0.12670743414050850     
   5.6666666666666661        2.6666666666666665       0.22211429978103689     
   5.6666666666666661        3.0000000000000000       0.35934609647101434     
   5.6666666666666661        3.3333333333333330       0.55022236076444198     
   5.6666666666666661        3.6666666666666665       0.63301763859488347     
   5.6666666666666661        4.0000000000000000       0.69345432532571749     
   5.6666666666666661        4.3333333333333330       0.74359738673814579     
   5.6666666666666661        4.6666666666666661       0.78045890800008588     
   5.6666666666666661        5.0000000000000000       0.80476063378699425     
   5.6666666666666661        5.3333333333333330       0.73251961472536886     
   5.6666666666666661        5.6666666666666661       0.61597488364296293     
   5.6666666666666661        6.0000000000000000       0.39923036041648174     
   5.6666666666666661        6.3333333333333330       0.39413960599165115     
   5.6666666666666661        6.6666666666666661       0.23145291232022080     
   5.6666666666666661        7.0000000000000000       0.15097908665545770     
   5.6666666666666661        7.3333333333333330        9.4354320882324094E-002
   5.6666666666666661        7.6666666666666661        9.0285442494624640E-002
   5.6666666666666661        8.0000000000000000        4.0008590645967526E-002
   5.6666666666666661        8.3333333333333321        3.5772991955297533E-002
   5.6666666666666661        8.6666666666666661        2.9480743742656426E-002
   5.6666666666666661        9.0000000000000000        4.1835144346618449E-003
   5.6666666666666661        9.3333333333333321        4.9118324920444734E-003
   5.6666666666666661        9.6666666666666661        2.6619779113107858E-003
   5.6666666666666661        10.000000000000000        0.0000000000000000     
 
   6.0000000000000000        0.0000000000000000        0.0000000000000000     
   6.0000000000000000       0.33333333333333331        2.2810367863517686E-003
   6.0000000000000000       0.66666666666666663        5.3028726317895453E-003
   6.0000000000000000        1.0000000000000000        1.0751783163275309E-002
   6.0000000000000000        1.3333333333333333        0.0000000000000000     
   6.0000000000000000        1.6666666666666665        5.7084450832483202E-002
   6.0000000000000000        2.0000000000000000        6.2499407010532637E-002
   6.0000000000000000        2.3333333333333330       0.11232070407464953     
   6.0000000000000000        2.6666666666666665       0.14506513096165732     
   6.0000000000000000        3.0000000000000000       0.58774010093845031     
   6.0000000000000000        3.3333333333333330       0.58324993226115129     
   6.0000000000000000        3.6666666666666665       0.60454896318497919     
   6.0000000000000000        4.0000000000000000       0.64101341152146918     
   6.0000000000000000        4.3333333333333330       0.67627740826232063     
   6.0000000000000000        4.6666666666666661       0.69797706389506586     
   6.0000000000000000        5.0000000000000000       0.61574083842949245     
   6.0000000000000000        5.3333333333333330       0.62873083495067128     
   6.0000000000000000        5.6666666666666661       0.51414965936338819     
   6.0000000000000000        6.0000000000000000       0.40098178759360392     
   6.0000000000000000        6.3333333333333330       0.33399054824494556     
   6.0000000000000000        6.6666666666666661       0.23642455437422852     
   6.0000000000000000        7.0000000000000000       0.15736761449387612     
   6.0000000000000000        7.3333333333333330       0.10474825992334025     
   6.0000000000000000        7.6666666666666661        7.6493033540833658E-002
   6.0000000000000000        8.0000000000000000        4.8551788565350723E-002
   6.0000000000000000        8.3333333333333321        3.5530041303479913E-002
   6.0000000000000000        8.6666666666666661        2.8305261966478770E-002
   6.0000000000000000        9.0000000000000000        7.5415054262592054E-003
   6.0000000000000000        9.3333333333333321        4.9955444115596477E-003
   6.0000000000000000        9.6666666666666661        2.4181842659797810E-003
   6.0000000000000000        10.000000000000000        0.0000000000000000     
 
   6.3333333333333330        0.0000000000000000        0.0000000000000000     
   6.3333333333333330       0.33333333333333331        2.0256509639066602E-003
   6.3333333333333330       0.66666666666666663        4.3171746047090728E-003
   6.3333333333333330        1.0000000000000000        7.0541034096401603E-003
   6.3333333333333330        1.3333333333333333        1.9264371826015099E-002
   6.3333333333333330        1.6666666666666665        4.5823373973427999E-002
   6.3333333333333330        2.0000000000000000        6.0152318155017731E-002
   6.3333333333333330        2.3333333333333330        8.6020315952503229E-002
   6.3333333333333330        2.6666666666666665       0.10682576171883836     
   6.3333333333333330        3.0000000000000000       0.10862570910417653     
   6.3333333333333330        3.3333333333333330       0.55285893824255172     
   6.3333333333333330        3.6666666666666665       0.55055268797838730     
   6.3333333333333330        4.0000000000000000       0.57446548267951225     
   6.3333333333333330        4.3333333333333330       0.60200537925514319     
   6.3333333333333330        4.6666666666666661       0.61286636421887652     
   6.3333333333333330        5.0000000000000000       0.58284243682275583     
   6.3333333333333330        5.3333333333333330       0.38517886660088507     
   6.3333333333333330        5.6666666666666661       0.39658166065712652     
   6.3333333333333330        6.0000000000000000       0.35166345627963586     
   6.3333333333333330        6.3333333333333330       0.30382295538928972     
   6.3333333333333330        6.6666666666666661       0.22650744538243567     
   6.3333333333333330        7.0000000000000000       0.14278176684657251     
   6.3333333333333330        7.3333333333333330        9.6606494123165840E-002
   6.3333333333333330        7.6666666666666661        6.7925322519157671E-002
   6.3333333333333330        8.0000000000000000        4.6743277781834014E-002
   6.3333333333333330        8.3333333333333321        3.3425560014204478E-002
   6.3333333333333330        8.6666666666666661        2.3363030141705730E-002
   6.3333333333333330        9.0000000000000000        1.1260042929291593E-002
   6.3333333333333330        9.3333333333333321        5.9178045088357240E-003
   6.3333333333333330        9.6666666666666661        2.4178277903629487E-003
   6.3333333333333330        10.000000000000000        0.0000000000000000     
 
   6.6666666666666661        0.0000000000000000        0.0000000000000000     
   6.6666666666666661       0.33333333333333331        1.8176605304530168E-003
   6.6666666666666661       0.66666666666666663        3.5233072652384049E-003
   6.6666666666666661        1.0000000000000000        1.5680447839337436E-002
   6.6666666666666661        1.3333333333333333        2.2110011689114806E-002
   6.6666666666666661        1.6666666666666665        3.6287669704253338E-002
   6.6666666666666661        2.0000000000000000        5.1670767330686720E-002
   6.6666666666666661        2.3333333333333330        7.1034316131862479E-002
   6.6666666666666661        2.6666666666666665        9.6081163122370333E-002
   6.6666666666666661        3.0000000000000000       0.11760710975682927     
   6.6666666666666661        3.3333333333333330       0.34987285023310033     
   6.6666666666666661        3.6666666666666665       0.46546957944361972     
   6.6666666666666661        4.0000000000000000       0.49580192953925462     
   6.6666666666666661        4.3333333333333330       0.53192200175381887     
   6.6666666666666661        4.6666666666666661       0.55325347229526745     
   6.6666666666666661        5.0000000000000000       0.50516886135891381     
   6.6666666666666661        5.3333333333333330       0.37068567751693621     
   6.6666666666666661        5.6666666666666661       0.33044894130397429     
   6.6666666666666661        6.0000000000000000       0.30334212448164377     
   6.6666666666666661        6.3333333333333330       0.12863452618473944     
   6.6666666666666661        6.6666666666666661        9.2107398280481811E-002
   6.6666666666666661        7.0000000000000000        9.5810282351635870E-002
   6.6666666666666661        7.3333333333333330        7.6420476250714728E-002
   6.6666666666666661        7.6666666666666661        5.6953209857289078E-002
   6.6666666666666661        8.0000000000000000        4.1457761287354469E-002
   6.6666666666666661        8.3333333333333321        3.1758540598724655E-002
   6.6666666666666661        8.6666666666666661        1.0915828710741692E-002
   6.6666666666666661        9.0000000000000000        9.8263274152765138E-003
   6.6666666666666661        9.3333333333333321        3.0937420873433773E-003
   6.6666666666666661        9.6666666666666661        1.7352245353377002E-003
   6.6666666666666661        10.000000000000000        0.0000000000000000     
 
   7.0000000000000000        0.0000000000000000        0.0000000000000000     
   7.0000000000000000       0.33333333333333331        2.0211726618658871E-003
   7.0000000000000000       0.66666666666666663        5.0020524966149340E-003
   7.0000000000000000        1.0000000000000000        1.1552916149950675E-002
   7.0000000000000000        1.3333333333333333        2.0195455264415064E-002
   7.0000000000000000        1.6666666666666665        2.9689667179802235E-002
   7.0000000000000000        2.0000000000000000        4.4342807738590284E-002
   7.0000000000000000        2.3333333333333330        5.6467449257331354E-002
   7.0000000000000000        2.6666666666666665       0.12310716192792012     
   7.0000000000000000        3.0000000000000000       0.15653615775304211     
   7.0000000000000000        3.3333333333333330       0.23903448383869333     
   7.0000000000000000        3.6666666666666665       0.33616419449862484     
   7.0000000000000000        4.0000000000000000       0.40890908816668659     
   7.0000000000000000        4.3333333333333330       0.47064860748945070     
   7.0000000000000000        4.6666666666666661       0.10399301590229455     
   7.0000000000000000        5.0000000000000000       0.21514943307532230     
   7.0000000000000000        5.3333333333333330       0.25974134059130483     
   7.0000000000000000        5.6666666666666661       0.25045151360122098     
   7.0000000000000000        6.0000000000000000       0.22841833114954968     
   7.0000000000000000        6.3333333333333330       0.13460317545327902     
   7.0000000000000000        6.6666666666666661        9.4197280513064433E-002
   7.0000000000000000        7.0000000000000000        7.7450926254200456E-002
   7.0000000000000000        7.3333333333333330        6.1563066155718528E-002
   7.0000000000000000        7.6666666666666661        4.6753219061091617E-002
   7.0000000000000000        8.0000000000000000        3.4476945798404192E-002
   7.0000000000000000        8.3333333333333321        2.3942127145476715E-002
   7.0000000000000000        8.6666666666666661        1.3666990855880468E-002
   7.0000000000000000        9.0000000000000000        8.8150524993989218E-003
   7.0000000000000000        9.3333333333333321        4.9963186741663404E-003
   7.0000000000000000        9.6666666666666661        5.9376895328254497E-004
   7.0000000000000000        10.000000000000000        0.0000000000000000     
 
   7.3333333333333330        0.0000000000000000        0.0000000000000000     
   7.3333333333333330       0.33333333333333331        1.6040301655312996E-003
   7.3333333333333330       0.66666666666666663        3.7128723562774245E-003
   7.3333333333333330        1.0000000000000000        7.0632048590047987E-003
   7.3333333333333330        1.3333333333333333        1.7141031044594315E-002
   7.3333333333333330        1.6666666666666665        2.1616105784897772E-002
   7.3333333333333330        2.0000000000000000        4.3873842854846253E-002
   7.3333333333333330        2.3333333333333330        5.9580957020492285E-002
   7.3333333333333330        2.6666666666666665        9.7792479331192686E-002
   7.3333333333333330        3.0000000000000000       0.15480681981547095     
   7.3333333333333330        3.3333333333333330       0.21845719976102512     
   7.3333333333333330        3.6666666666666665       0.27012846482683489     
   7.3333333333333330        4.0000000000000000       0.33616419449862484     
   7.3333333333333330        4.3333333333333330       0.10399301590229455     
   7.3333333333333330        4.6666666666666661       0.11095552197405582     
   7.3333333333333330        5.0000000000000000       0.17531616132460592     
   7.3333333333333330        5.3333333333333330       0.20543108703971782     
   7.3333333333333330        5.6666666666666661       0.18587338638575002     
   7.3333333333333330        6.0000000000000000        8.3818209129460905E-002
   7.3333333333333330        6.3333333333333330        9.2424096168031544E-002
   7.3333333333333330        6.6666666666666661        7.8251002932361591E-002
   7.3333333333333330        7.0000000000000000        6.3649647833607159E-002
   7.3333333333333330        7.3333333333333330        5.0599231635990741E-002
   7.3333333333333330        7.6666666666666661        3.8373051282182616E-002
   7.3333333333333330        8.0000000000000000        2.9419545632404107E-002
   7.3333333333333330        8.3333333333333321        1.8732399480462718E-002
   7.3333333333333330        8.6666666666666661        1.2900882729444065E-002
   7.3333333333333330        9.0000000000000000        8.1248428008742924E-003
   7.3333333333333330        9.3333333333333321        3.9091465438613679E-003
   7.3333333333333330        9.6666666666666661        1.2960452880021900E-003
   7.3333333333333330        10.000000000000000        0.0000000000000000     
 
   7.6666666666666661        0.0000000000000000        0.0000000000000000     
   7.6666666666666661       0.33333333333333331        9.6218217533923153E-004
   7.6666666666666661       0.66666666666666663        1.8080358235618274E-003
   7.6666666666666661        1.0000000000000000        1.3074561610892949E-002
   7.6666666666666661        1.3333333333333333        1.5379766580022757E-002
   7.6666666666666661        1.6666666666666665        2.1115825438118439E-002
   7.6666666666666661        2.0000000000000000        3.3018826200688502E-002
   7.6666666666666661        2.3333333333333330        4.5835244609943142E-002
   7.6666666666666661        2.6666666666666665        6.0763829917604970E-002
   7.6666666666666661        3.0000000000000000        4.6451798103950281E-002
   7.6666666666666661        3.3333333333333330       0.13457214308765436     
   7.6666666666666661        3.6666666666666665       0.19790775456028520     
   7.6666666666666661        4.0000000000000000        1.7580884928185311E-002
   7.6666666666666661        4.3333333333333330        4.9612342498302063E-002
   7.6666666666666661        4.6666666666666661        6.6874738288788566E-002
   7.6666666666666661        5.0000000000000000        3.2405244024979872E-002
   7.6666666666666661        5.3333333333333330       0.10049485625470926     
   7.6666666666666661        5.6666666666666661       0.10621220548945375     
   7.6666666666666661        6.0000000000000000        8.0932358843979105E-002
   7.6666666666666661        6.3333333333333330        7.8681220891101480E-002
   7.6666666666666661        6.6666666666666661        6.8318256798304625E-002
   7.6666666666666661        7.0000000000000000        5.3526278653967141E-002
   7.6666666666666661        7.3333333333333330        4.3468363205615874E-002
   7.6666666666666661        7.6666666666666661        3.0653108498193221E-002
   7.6666666666666661        8.0000000000000000        9.1762924511580770E-003
   7.6666666666666661        8.3333333333333321        1.1054802462322552E-002
   7.6666666666666661        8.6666666666666661        3.1566181218730840E-003
   7.6666666666666661        9.0000000000000000        1.7245724596650803E-003
   7.6666666666666661        9.3333333333333321        1.8698124870682958E-003
   7.6666666666666661        9.6666666666666661        9.0865646359649267E-004
   7.6666666666666661        10.000000000000000        0.0000000000000000     
 
   8.0000000000000000        0.0000000000000000        0.0000000000000000     
   8.0000000000000000       0.33333333333333331        6.1567006955175532E-004
   8.0000000000000000       0.66666666666666663        1.0786620930561088E-003
   8.0000000000000000        1.0000000000000000        1.0732303107261979E-002
   8.0000000000000000        1.3333333333333333        1.2695841132520709E-002
   8.0000000000000000        1.6666666666666665        1.7491536911978387E-002
   8.0000000000000000        2.0000000000000000        2.5297173818205579E-002
   8.0000000000000000        2.3333333333333330        3.4910102306964251E-002
   8.0000000000000000        2.6666666666666665        4.4393975151266148E-002
   8.0000000000000000        3.0000000000000000        5.2024993079701667E-002
   8.0000000000000000        3.3333333333333330        7.9451060256416572E-002
   8.0000000000000000        3.6666666666666665        1.7580884928185311E-002
   8.0000000000000000        4.0000000000000000        2.0093641425498149E-002
   8.0000000000000000        4.3333333333333330        3.7028312368085466E-002
   8.0000000000000000        4.6666666666666661        4.5339544232969306E-002
   8.0000000000000000        5.0000000000000000        3.6678042290312622E-002
   8.0000000000000000        5.3333333333333330        4.6960835394019310E-002
   8.0000000000000000        5.6666666666666661        6.2702572099212234E-002
   8.0000000000000000        6.0000000000000000        6.0403428502643672E-002
   8.0000000000000000        6.3333333333333330        0.0000000000000000     
   8.0000000000000000        6.6666666666666661        3.8845246513891443E-002
   8.0000000000000000        7.0000000000000000        4.3711741045809500E-002
   8.0000000000000000        7.3333333333333330        9.0185893262765549E-003
   8.0000000000000000        7.6666666666666661        1.3472468661336143E-002
   8.0000000000000000        8.0000000000000000        8.7085859852750920E-003
   8.0000000000000000        8.3333333333333321        6.8563570427994545E-003
   8.0000000000000000        8.6666666666666661        3.7555011257379353E-003
   8.0000000000000000        9.0000000000000000        1.9167289960144458E-003
   8.0000000000000000        9.3333333333333321        1.2810230255920921E-003
   8.0000000000000000        9.6666666666666661        6.3924265267986777E-004
   8.0000000000000000        10.000000000000000        0.0000000000000000     
 
   8.3333333333333321        0.0000000000000000        0.0000000000000000     
   8.3333333333333321       0.33333333333333331        5.4585471586175499E-004
   8.3333333333333321       0.66666666666666663        1.0274177515025085E-003
   8.3333333333333321        1.0000000000000000        6.1106377140763245E-003
   8.3333333333333321        1.3333333333333333        9.3328099240281934E-003
   8.3333333333333321        1.6666666666666665        1.3523163836042020E-002
   8.3333333333333321        2.0000000000000000        1.9196717370339046E-002
   8.3333333333333321        2.3333333333333330        2.8394241205410203E-002
   8.3333333333333321        2.6666666666666665        3.4890068322486159E-002
   8.3333333333333321        3.0000000000000000        4.3411222955391848E-002
   8.3333333333333321        3.3333333333333330        5.8453633191186419E-002
   8.3333333333333321        3.6666666666666665        9.3119838866473088E-003
   8.3333333333333321        4.0000000000000000        1.0811433183478433E-002
   8.3333333333333321        4.3333333333333330        2.2432650322793063E-003
   8.3333333333333321        4.6666666666666661        1.5849993224639728E-003
   8.3333333333333321        5.0000000000000000        3.1739751075460496E-002
   8.3333333333333321        5.3333333333333330        3.5325779399428096E-002
   8.3333333333333321        5.6666666666666661        4.1729007173921001E-002
   8.3333333333333321        6.0000000000000000        4.2234116180629645E-002
   8.3333333333333321        6.3333333333333330        1.3739850704155249E-002
   8.3333333333333321        6.6666666666666661        0.0000000000000000     
   8.3333333333333321        7.0000000000000000        4.3839496987144013E-003
   8.3333333333333321        7.3333333333333330        5.8762575189574067E-003
   8.3333333333333321        7.6666666666666661        7.2620331693606776E-003
   8.3333333333333321        8.0000000000000000        6.6353670825370645E-003
   8.3333333333333321        8.3333333333333321        4.9892978136601195E-003
   8.3333333333333321        8.6666666666666661        1.2219626398355320E-003
   8.3333333333333321        9.0000000000000000        1.2749737346990397E-003
   8.3333333333333321        9.3333333333333321        9.5091556014953395E-004
   8.3333333333333321        9.6666666666666661        4.9529820510744007E-004
   8.3333333333333321        10.000000000000000        0.0000000000000000     
 
   8.6666666666666661        0.0000000000000000        0.0000000000000000     
   8.6666666666666661       0.33333333333333331        6.5698972780681120E-004
   8.6666666666666661       0.66666666666666663        1.6746014270346131E-003
   8.6666666666666661        1.0000000000000000        4.0486155375812800E-003
   8.6666666666666661        1.3333333333333333        6.6504133153654221E-003
   8.6666666666666661        1.6666666666666665        1.0267710125086519E-002
   8.6666666666666661        2.0000000000000000        1.2414186561755251E-002
   8.6666666666666661        2.3333333333333330        1.9045307035188842E-002
   8.6666666666666661        2.6666666666666665        2.7800006807850226E-002
   8.6666666666666661        3.0000000000000000        3.3380992162313890E-002
   8.6666666666666661        3.3333333333333330        0.0000000000000000     
   8.6666666666666661        3.6666666666666665        2.9751540326398980E-003
   8.6666666666666661        4.0000000000000000        4.6343210482016279E-003
   8.6666666666666661        4.3333333333333330        2.7038783274274730E-003
   8.6666666666666661        4.6666666666666661        1.9397505683971018E-003
   8.6666666666666661        5.0000000000000000        2.1703604197925937E-002
   8.6666666666666661        5.3333333333333330        2.4465258345441592E-002
   8.6666666666666661        5.6666666666666661        3.0468577272822085E-002
   8.6666666666666661        6.0000000000000000        2.8430356349797684E-002
   8.6666666666666661        6.3333333333333330        1.5591104424260134E-002
   8.6666666666666661        6.6666666666666661        3.4571917068100181E-003
   8.6666666666666661        7.0000000000000000        3.6551743075619006E-003
   8.6666666666666661        7.3333333333333330        3.7795836602525462E-003
   8.6666666666666661        7.6666666666666661        4.1576002774553660E-003
   8.6666666666666661        8.0000000000000000        1.7357688683420499E-003
   8.6666666666666661        8.3333333333333321        2.3105104778270544E-003
   8.6666666666666661        8.6666666666666661        1.4296540330560909E-003
   8.6666666666666661        9.0000000000000000        3.3689591340518003E-004
   8.6666666666666661        9.3333333333333321        1.7130314627763005E-004
   8.6666666666666661        9.6666666666666661        0.0000000000000000     
   8.6666666666666661        10.000000000000000        0.0000000000000000     
 
   9.0000000000000000        0.0000000000000000        0.0000000000000000     
   9.0000000000000000       0.33333333333333331        5.4884835408616967E-004
   9.0000000000000000       0.66666666666666663        1.3125153036050777E-003
   9.0000000000000000        1.0000000000000000        2.5526462038513234E-003
   9.0000000000000000        1.3333333333333333        4.1861376873199973E-003
   9.0000000000000000        1.6666666666666665        5.6073233390949049E-003
   9.0000000000000000        2.0000000000000000        9.8542904742046772E-003
   9.0000000000000000        2.3333333333333330        1.3302611482203729E-002
   9.0000000000000000        2.6666666666666665        1.0388020919824045E-004
   9.0000000000000000        3.0000000000000000        2.0408462216417927E-004
   9.0000000000000000        3.3333333333333330        1.1121183077298755E-003
   9.0000000000000000        3.6666666666666665        1.8582630433786704E-003
   9.0000000000000000        4.0000000000000000        2.8286961055014161E-003
   9.0000000000000000        4.3333333333333330        2.5193266062454762E-003
   9.0000000000000000        4.6666666666666661        2.2108815974082640E-004
   9.0000000000000000        5.0000000000000000        1.1525668899466457E-002
   9.0000000000000000        5.3333333333333330        1.3183508708926721E-002
   9.0000000000000000        5.6666666666666661        3.0265296260240516E-003
   9.0000000000000000        6.0000000000000000        4.3860361982570664E-003
   9.0000000000000000        6.3333333333333330        6.5132119249199346E-003
   9.0000000000000000        6.6666666666666661        3.8680099266215759E-003
   9.0000000000000000        7.0000000000000000        1.5798663470423539E-003
   9.0000000000000000        7.3333333333333330        2.0840940655053883E-003
   9.0000000000000000        7.6666666666666661        2.1257554646472478E-003
   9.0000000000000000        8.0000000000000000        1.5066770340359345E-003
   9.0000000000000000        8.3333333333333321        1.5202269457743494E-003
   9.0000000000000000        8.6666666666666661        1.0488912079023092E-003
   9.0000000000000000        9.0000000000000000        4.1765136173477256E-004
   9.0000000000000000        9.3333333333333321        2.1495824033867096E-004
   9.0000000000000000        9.6666666666666661        1.4660791787953452E-005
   9.0000000000000000        10.000000000000000        0.0000000000000000     
 
   9.3333333333333321        0.0000000000000000        0.0000000000000000     
   9.3333333333333321       0.33333333333333331        3.4665467211289854E-004
   9.3333333333333321       0.66666666666666663        7.5436508195317060E-004
   9.3333333333333321        1.0000000000000000        1.1874894892408745E-003
   9.3333333333333321        1.3333333333333333        1.3862210972740295E-003
   9.3333333333333321        1.6666666666666665        2.4309881098335700E-003
   9.3333333333333321        2.0000000000000000        2.1304090863472107E-004
   9.3333333333333321        2.3333333333333330        1.0637204899665472E-004
   9.3333333333333321        2.6666666666666665        1.3042632379987613E-004
   9.3333333333333321        3.0000000000000000        2.5311185152436831E-004
   9.3333333333333321        3.3333333333333330        5.9323199138992843E-004
   9.3333333333333321        3.6666666666666665        8.7525272346847857E-004
   9.3333333333333321        4.0000000000000000        0.0000000000000000     
   9.3333333333333321        4.3333333333333330        1.9780018843923900E-004
   9.3333333333333321        4.6666666666666661        2.6569623671178618E-004
   9.3333333333333321        5.0000000000000000        3.0827618544711352E-003
   9.3333333333333321        5.3333333333333330        5.2908515201998312E-003
   9.3333333333333321        5.6666666666666661        3.5570906287486635E-003
   9.3333333333333321        6.0000000000000000        2.9301880268298997E-003
   9.3333333333333321        6.3333333333333330        3.1184388805394390E-003
   9.3333333333333321        6.6666666666666661        2.2509579739696259E-003
   9.3333333333333321        7.0000000000000000        1.3809528939722365E-003
   9.3333333333333321        7.3333333333333330        1.2389529357028581E-003
   9.3333333333333321        7.6666666666666661        1.1463838104900728E-003
   9.3333333333333321        8.0000000000000000        9.4487534092042391E-004
   9.3333333333333321        8.3333333333333321        1.0569416219380207E-004
   9.3333333333333321        8.6666666666666661        1.0487517863970398E-004
   9.3333333333333321        9.0000000000000000        1.6435400864270986E-004
   9.3333333333333321        9.3333333333333321        1.0780735491152001E-004
   9.3333333333333321        9.6666666666666661        3.3133069871843265E-005
   9.3333333333333321        10.000000000000000        0.0000000000000000     
 
   9.6666666666666661        0.0000000000000000        0.0000000000000000     
   9.6666666666666661       0.33333333333333331        1.6179920110868199E-004
   9.6666666666666661       0.66666666666666663        3.3789684135190212E-004
   9.6666666666666661        1.0000000000000000        5.1219848175238641E-004
   9.6666666666666661        1.3333333333333333        6.3754293590133630E-004
   9.6666666666666661        1.6666666666666665        7.9124670584980743E-004
   9.6666666666666661        2.0000000000000000        2.6354429442121608E-004
   9.6666666666666661        2.3333333333333330        1.0856254279623710E-004
   9.6666666666666661        2.6666666666666665        8.9903532927574408E-005
   9.6666666666666661        3.0000000000000000        1.4212712232284302E-004
   9.6666666666666661        3.3333333333333330        2.5799429860675737E-004
   9.6666666666666661        3.6666666666666665        3.5280949178507262E-004
   9.6666666666666661        4.0000000000000000        7.6776916526368524E-005
   9.6666666666666661        4.3333333333333330        1.6805534260770706E-004
   9.6666666666666661        4.6666666666666661        4.2813740922783205E-004
   9.6666666666666661        5.0000000000000000        1.3509868289229179E-003
   9.6666666666666661        5.3333333333333330        2.1069827038947050E-003
   9.6666666666666661        5.6666666666666661        5.2023888104088122E-004
   9.6666666666666661        6.0000000000000000        1.1311887261836531E-003
   9.6666666666666661        6.3333333333333330        1.2634459212202285E-003
   9.6666666666666661        6.6666666666666661        1.0124352259689928E-003
   9.6666666666666661        7.0000000000000000        7.1095475752726669E-004
   9.6666666666666661        7.3333333333333330        5.8387299172270367E-004
   9.6666666666666661        7.6666666666666661        5.0082336899199230E-004
   9.6666666666666661        8.0000000000000000        3.7450388227967975E-004
   9.6666666666666661        8.3333333333333321        1.3059480219549120E-004
   9.6666666666666661        8.6666666666666661        7.1157021158063904E-005
   9.6666666666666661        9.0000000000000000        6.6159527184359130E-005
   9.6666666666666661        9.3333333333333321        4.5269218526360435E-005
   9.6666666666666661        9.6666666666666661        1.8425906567875024E-005
   9.6666666666666661        10.000000000000000        0.0000000000000000     
 
   10.000000000000000        0.0000000000000000        0.0000000000000000     
   10.000000000000000       0.33333333333333331        0.0000000000000000     
   10.000000000000000       0.66666666666666663        0.0000000000000000     
   10.000000000000000        1.0000000000000000        0.0000000000000000     
   10.000000000000000        1.3333333333333333        0.0000000000000000     
   10.000000000000000        1.6666666666666665        0.0000000000000000     
   10.000000000000000        2.0000000000000000        0.0000000000000000     
   10.000000000000000        2.3333333333333330        0.0000000000000000     
   10.000000000000000        2.6666666666666665        0.0000000000000000     
   10.000000000000000        3.0000000000000000        0.0000000000000000     
   10.000000000000000        3.3333333333333330        0.0000000000000000     
   10.000000000000000        3.6666666666666665        0.0000000000000000     
   10.000000000000000        4.0000000000000000        0.0000000000000000     
   10.000000000000000        4.3333333333333330        0.0000000000000000     
   10.000000000000000        4.6666666666666661        0.0000000000000000     
   10.000000000000000        5.0000000000000000        0.0000000000000000     
   10.000000000000000        5.3333333333333330        0.0000000000000000     
   10.000000000000000        5.6666666666666661        0.0000000000000000     
   10.000000000000000        6.0000000000000000        0.0000000000000000     
   10.000000000000000        6.3333333333333330        0.0000000000000000     
   10.000000000000000        6.6666666666666661        0.0000000000000000     
   10.000000000000000        7.0000000000000000        0.0000000000000000     
   10.000000000000000        7.3333333333333330        0.0000000000000000     
   10.000000000000000        7.6666666666666661        0.0000000000000000     
   10.000000000000000        8.0000000000000000        0.0000000000000000     
   10.000000000000000        8.3333333333333321        0.0000000000000000     
   10.000000000000000        8.6666666666666661        0.0000000000000000     
   10.000000000000000        9.0000000000000000        0.0000000000000000     
   10.000000000000000        9.3333333333333321        0.0000000000000000     
   10.000000000000000        9.6666666666666661        0.0000000000000000     
   10.000000000000000        10.000000000000000        0.0000000000000000     
 
