   0.0000000000000000        0.0000000000000000        0.0000000000000000     
   0.0000000000000000       0.33333333333333331        0.0000000000000000     
   0.0000000000000000       0.66666666666666663        0.0000000000000000     
   0.0000000000000000        1.0000000000000000        0.0000000000000000     
   0.0000000000000000        1.3333333333333333        0.0000000000000000     
   0.0000000000000000        1.6666666666666665        0.0000000000000000     
   0.0000000000000000        2.0000000000000000        0.0000000000000000     
   0.0000000000000000        2.3333333333333330        0.0000000000000000     
   0.0000000000000000        2.6666666666666665        0.0000000000000000     
   0.0000000000000000        3.0000000000000000        0.0000000000000000     
   0.0000000000000000        3.3333333333333330        0.0000000000000000     
   0.0000000000000000        3.6666666666666665        0.0000000000000000     
   0.0000000000000000        4.0000000000000000        0.0000000000000000     
   0.0000000000000000        4.3333333333333330        0.0000000000000000     
   0.0000000000000000        4.6666666666666661        0.0000000000000000     
   0.0000000000000000        5.0000000000000000        0.0000000000000000     
   0.0000000000000000        5.3333333333333330        0.0000000000000000     
   0.0000000000000000        5.6666666666666661        0.0000000000000000     
   0.0000000000000000        6.0000000000000000        0.0000000000000000     
   0.0000000000000000        6.3333333333333330        0.0000000000000000     
   0.0000000000000000        6.6666666666666661        0.0000000000000000     
   0.0000000000000000        7.0000000000000000        0.0000000000000000     
   0.0000000000000000        7.3333333333333330        0.0000000000000000     
   0.0000000000000000        7.6666666666666661        0.0000000000000000     
   0.0000000000000000        8.0000000000000000        0.0000000000000000     
   0.0000000000000000        8.3333333333333321        0.0000000000000000     
   0.0000000000000000        8.6666666666666661        0.0000000000000000     
   0.0000000000000000        9.0000000000000000        0.0000000000000000     
   0.0000000000000000        9.3333333333333321        0.0000000000000000     
   0.0000000000000000        9.6666666666666661        0.0000000000000000     
   0.0000000000000000        10.000000000000000        0.0000000000000000     
 
  0.33333333333333331        0.0000000000000000        0.0000000000000000     
  0.33333333333333331       0.33333333333333331        0.0000000000000000     
  0.33333333333333331       0.66666666666666663        0.0000000000000000     
  0.33333333333333331        1.0000000000000000        0.0000000000000000     
  0.33333333333333331        1.3333333333333333        0.0000000000000000     
  0.33333333333333331        1.6666666666666665        6.9390170273100051E-011
  0.33333333333333331        2.0000000000000000        3.4902126504775231E-010
  0.33333333333333331        2.3333333333333330        1.1104843895774224E-009
  0.33333333333333331        2.6666666666666665        1.9638982694722689E-009
  0.33333333333333331        3.0000000000000000        8.0433727116513792E-009
  0.33333333333333331        3.3333333333333330        1.1272650984152929E-008
  0.33333333333333331        3.6666666666666665        7.0062176625225995E-009
  0.33333333333333331        4.0000000000000000        5.0413404323823082E-009
  0.33333333333333331        4.3333333333333330        5.8240212763989530E-009
  0.33333333333333331        4.6666666666666661        4.1302247340905120E-009
  0.33333333333333331        5.0000000000000000        1.4220579113963034E-008
  0.33333333333333331        5.3333333333333330        5.9166175758542993E-008
  0.33333333333333331        5.6666666666666661        9.9001731234446179E-008
  0.33333333333333331        6.0000000000000000        1.4575900042997084E-007
  0.33333333333333331        6.3333333333333330        2.0604646632945501E-007
  0.33333333333333331        6.6666666666666661        9.3145571436032720E-008
  0.33333333333333331        7.0000000000000000        1.8455971066155561E-007
  0.33333333333333331        7.3333333333333330        4.7917234714194438E-008
  0.33333333333333331        7.6666666666666661        2.1979995708206633E-008
  0.33333333333333331        8.0000000000000000        7.8892353223024727E-009
  0.33333333333333331        8.3333333333333321        1.0251890419763745E-009
  0.33333333333333331        8.6666666666666661        0.0000000000000000     
  0.33333333333333331        9.0000000000000000        0.0000000000000000     
  0.33333333333333331        9.3333333333333321        0.0000000000000000     
  0.33333333333333331        9.6666666666666661        0.0000000000000000     
  0.33333333333333331        10.000000000000000        0.0000000000000000     
 
  0.66666666666666663        0.0000000000000000        0.0000000000000000     
  0.66666666666666663       0.33333333333333331        0.0000000000000000     
  0.66666666666666663       0.66666666666666663        0.0000000000000000     
  0.66666666666666663        1.0000000000000000        0.0000000000000000     
  0.66666666666666663        1.3333333333333333        2.5159009104866688E-011
  0.66666666666666663        1.6666666666666665        2.2702053840370079E-010
  0.66666666666666663        2.0000000000000000        1.5637889117352900E-009
  0.66666666666666663        2.3333333333333330        4.8705063600124175E-009
  0.66666666666666663        2.6666666666666665        2.3025269666871824E-008
  0.66666666666666663        3.0000000000000000        3.1306791225326209E-008
  0.66666666666666663        3.3333333333333330        4.4564400795808361E-008
  0.66666666666666663        3.6666666666666665        2.2618255495798708E-008
  0.66666666666666663        4.0000000000000000        1.5667809379546961E-008
  0.66666666666666663        4.3333333333333330        2.3797006795111555E-008
  0.66666666666666663        4.6666666666666661        0.0000000000000000     
  0.66666666666666663        5.0000000000000000        1.0842753892831574E-007
  0.66666666666666663        5.3333333333333330        1.9237625919888031E-007
  0.66666666666666663        5.6666666666666661        3.1860392211458232E-007
  0.66666666666666663        6.0000000000000000        4.4308678539569633E-007
  0.66666666666666663        6.3333333333333330        8.1293220011404261E-007
  0.66666666666666663        6.6666666666666661        1.0825223676507690E-006
  0.66666666666666663        7.0000000000000000        8.0341087291825842E-007
  0.66666666666666663        7.3333333333333330        1.9566648052836452E-008
  0.66666666666666663        7.6666666666666661        6.3562005541233991E-008
  0.66666666666666663        8.0000000000000000        2.7249322185671983E-008
  0.66666666666666663        8.3333333333333321        4.4913028401774404E-009
  0.66666666666666663        8.6666666666666661        9.6643058200242791E-010
  0.66666666666666663        9.0000000000000000        0.0000000000000000     
  0.66666666666666663        9.3333333333333321        0.0000000000000000     
  0.66666666666666663        9.6666666666666661        0.0000000000000000     
  0.66666666666666663        10.000000000000000        0.0000000000000000     
 
   1.0000000000000000        0.0000000000000000        0.0000000000000000     
   1.0000000000000000       0.33333333333333331        0.0000000000000000     
   1.0000000000000000       0.66666666666666663        0.0000000000000000     
   1.0000000000000000        1.0000000000000000        1.1090253529613012E-009
   1.0000000000000000        1.3333333333333333        0.0000000000000000     
   1.0000000000000000        1.6666666666666665        1.3284749889500964E-009
   1.0000000000000000        2.0000000000000000        4.8429437505068485E-009
   1.0000000000000000        2.3333333333333330        2.0908203898211776E-008
   1.0000000000000000        2.6666666666666665        4.7891859745796371E-008
   1.0000000000000000        3.0000000000000000        8.9169624985783677E-008
   1.0000000000000000        3.3333333333333330        1.6726714995656142E-007
   1.0000000000000000        3.6666666666666665        5.3317916166992719E-008
   1.0000000000000000        4.0000000000000000        3.5035090552017160E-008
   1.0000000000000000        4.3333333333333330        8.3193200211767283E-008
   1.0000000000000000        4.6666666666666661        6.7973880715509746E-008
   1.0000000000000000        5.0000000000000000        1.6418816541209429E-007
   1.0000000000000000        5.3333333333333330        5.1933426617611027E-007
   1.0000000000000000        5.6666666666666661        9.0350747881676299E-007
   1.0000000000000000        6.0000000000000000        9.8163154942442941E-007
   1.0000000000000000        6.3333333333333330        2.7111640379997431E-006
   1.0000000000000000        6.6666666666666661        2.5602456229728103E-006
   1.0000000000000000        7.0000000000000000        2.0431331893887093E-006
   1.0000000000000000        7.3333333333333330        9.7353266250699324E-007
   1.0000000000000000        7.6666666666666661        2.6899748177843303E-007
   1.0000000000000000        8.0000000000000000        7.6955387528767799E-008
   1.0000000000000000        8.3333333333333321        1.3786109727631061E-008
   1.0000000000000000        8.6666666666666661        7.3474216730503663E-009
   1.0000000000000000        9.0000000000000000        1.7423019595589621E-009
   1.0000000000000000        9.3333333333333321        0.0000000000000000     
   1.0000000000000000        9.6666666666666661        0.0000000000000000     
   1.0000000000000000        10.000000000000000        0.0000000000000000     
 
   1.3333333333333333        0.0000000000000000        0.0000000000000000     
   1.3333333333333333       0.33333333333333331        0.0000000000000000     
   1.3333333333333333       0.66666666666666663        4.3009731855239063E-009
   1.3333333333333333        1.0000000000000000        5.3582667396280590E-009
   1.3333333333333333        1.3333333333333333        9.9990499633204560E-009
   1.3333333333333333        1.6666666666666665        2.8731777544779562E-009
   1.3333333333333333        2.0000000000000000        3.9822248169209731E-008
   1.3333333333333333        2.3333333333333330        5.5337923111485339E-008
   1.3333333333333333        2.6666666666666665        1.2103476852871974E-007
   1.3333333333333333        3.0000000000000000        2.1331166606991649E-007
   1.3333333333333333        3.3333333333333330        6.7277644294687762E-007
   1.3333333333333333        3.6666666666666665        1.3683039169676626E-006
   1.3333333333333333        4.0000000000000000        4.0400430532252486E-007
   1.3333333333333333        4.3333333333333330        2.9530856246263398E-007
   1.3333333333333333        4.6666666666666661        8.4374828761780857E-007
   1.3333333333333333        5.0000000000000000        9.6349350461420721E-007
   1.3333333333333333        5.3333333333333330        1.4182647057182111E-006
   1.3333333333333333        5.6666666666666661        2.8053559752258240E-006
   1.3333333333333333        6.0000000000000000        1.3381924525018472E-005
   1.3333333333333333        6.3333333333333330        9.4896800991020656E-006
   1.3333333333333333        6.6666666666666661        7.2647658220016240E-006
   1.3333333333333333        7.0000000000000000        5.0361688316634829E-006
   1.3333333333333333        7.3333333333333330        2.7456488065558398E-006
   1.3333333333333333        7.6666666666666661        6.8178580542889386E-009
   1.3333333333333333        8.0000000000000000        3.4704718818489805E-008
   1.3333333333333333        8.3333333333333321        4.9842203042982388E-008
   1.3333333333333333        8.6666666666666661        3.2317005312095486E-008
   1.3333333333333333        9.0000000000000000        1.3544986915417324E-008
   1.3333333333333333        9.3333333333333321        9.8071440652648127E-010
   1.3333333333333333        9.6666666666666661        0.0000000000000000     
   1.3333333333333333        10.000000000000000        0.0000000000000000     
 
   1.6666666666666665        0.0000000000000000        0.0000000000000000     
   1.6666666666666665       0.33333333333333331        8.0196370474109769E-009
   1.6666666666666665       0.66666666666666663        1.0739050078323340E-008
   1.6666666666666665        1.0000000000000000        2.1154928723719082E-008
   1.6666666666666665        1.3333333333333333        3.2556403492045280E-008
   1.6666666666666665        1.6666666666666665        1.3724198655823787E-007
   1.6666666666666665        2.0000000000000000        8.0242668597421879E-008
   1.6666666666666665        2.3333333333333330        1.0461150621393451E-007
   1.6666666666666665        2.6666666666666665        3.1014032336311853E-007
   1.6666666666666665        3.0000000000000000        1.9072618988289365E-006
   1.6666666666666665        3.3333333333333330        2.3910472234184533E-006
   1.6666666666666665        3.6666666666666665        2.9020014383920448E-006
   1.6666666666666665        4.0000000000000000        9.8007599879603512E-007
   1.6666666666666665        4.3333333333333330        7.4605418777792468E-007
   1.6666666666666665        4.6666666666666661        1.8136258859597280E-006
   1.6666666666666665        5.0000000000000000        1.6048842309121393E-006
   1.6666666666666665        5.3333333333333330        2.9744991548239769E-006
   1.6666666666666665        5.6666666666666661        9.2187668379784455E-006
   1.6666666666666665        6.0000000000000000        3.2149840462718769E-005
   1.6666666666666665        6.3333333333333330        2.5122432883530390E-005
   1.6666666666666665        6.6666666666666661        2.0058738478309025E-005
   1.6666666666666665        7.0000000000000000        1.3669227121804600E-005
   1.6666666666666665        7.3333333333333330        5.2791741697543226E-006
   1.6666666666666665        7.6666666666666661        1.4815378513278777E-008
   1.6666666666666665        8.0000000000000000        5.5166752784686922E-008
   1.6666666666666665        8.3333333333333321        1.8477411932397323E-007
   1.6666666666666665        8.6666666666666661        1.0004975449913690E-007
   1.6666666666666665        9.0000000000000000        3.9916352312879463E-008
   1.6666666666666665        9.3333333333333321        1.1109450526341130E-008
   1.6666666666666665        9.6666666666666661        9.8071440652648127E-010
   1.6666666666666665        10.000000000000000        0.0000000000000000     
 
   2.0000000000000000        0.0000000000000000        0.0000000000000000     
   2.0000000000000000       0.33333333333333331        1.3484441747214341E-008
   2.0000000000000000       0.66666666666666663        3.7193599773571411E-008
   2.0000000000000000        1.0000000000000000        6.4079236389442704E-008
   2.0000000000000000        1.3333333333333333        1.0982511469346116E-007
   2.0000000000000000        1.6666666666666665        3.5280009278204508E-007
   2.0000000000000000        2.0000000000000000        1.3724198655823787E-007
   2.0000000000000000        2.3333333333333330        4.9666869792323341E-007
   2.0000000000000000        2.6666666666666665        1.0583544133629515E-006
   2.0000000000000000        3.0000000000000000        3.5591594017663469E-006
   2.0000000000000000        3.3333333333333330        6.7545549473601066E-006
   2.0000000000000000        3.6666666666666665        1.0104771606870420E-005
   2.0000000000000000        4.0000000000000000        1.1794070172047207E-005
   2.0000000000000000        4.3333333333333330        2.0817446009623068E-005
   2.0000000000000000        4.6666666666666661        6.1000047550825209E-006
   2.0000000000000000        5.0000000000000000        2.4680902151716126E-006
   2.0000000000000000        5.3333333333333330        0.0000000000000000     
   2.0000000000000000        5.6666666666666661        3.8032489419741281E-004
   2.0000000000000000        6.0000000000000000        1.1656032404159886E-004
   2.0000000000000000        6.3333333333333330        6.6719503840859573E-005
   2.0000000000000000        6.6666666666666661        5.6492559897918617E-005
   2.0000000000000000        7.0000000000000000        3.9487355675938818E-005
   2.0000000000000000        7.3333333333333330        1.3926728910952022E-010
   2.0000000000000000        7.6666666666666661        2.2826743876333981E-009
   2.0000000000000000        8.0000000000000000        1.9944704673654586E-006
   2.0000000000000000        8.3333333333333321        7.4550803600134883E-007
   2.0000000000000000        8.6666666666666661        2.5358779585310335E-007
   2.0000000000000000        9.0000000000000000        8.2494837827399573E-008
   2.0000000000000000        9.3333333333333321        2.6717638416626918E-008
   2.0000000000000000        9.6666666666666661        1.0104995405321023E-009
   2.0000000000000000        10.000000000000000        0.0000000000000000     
 
   2.3333333333333330        0.0000000000000000        0.0000000000000000     
   2.3333333333333330       0.33333333333333331        3.9349426193310839E-008
   2.3333333333333330       0.66666666666666663        9.0429944393119643E-008
   2.3333333333333330        1.0000000000000000        1.7260912705780689E-007
   2.3333333333333330        1.3333333333333333        9.3840184559734014E-007
   2.3333333333333330        1.6666666666666665        1.4489566159538642E-006
   2.3333333333333330        2.0000000000000000        4.8830735443406873E-006
   2.3333333333333330        2.3333333333333330        9.3541334554261777E-006
   2.3333333333333330        2.6666666666666665        1.2812037196326311E-005
   2.3333333333333330        3.0000000000000000        8.4771364646569306E-006
   2.3333333333333330        3.3333333333333330        1.8475530552727848E-005
   2.3333333333333330        3.6666666666666665        3.1897390191354023E-005
   2.3333333333333330        4.0000000000000000        2.4899401673472136E-005
   2.3333333333333330        4.3333333333333330        5.8676496706372808E-005
   2.3333333333333330        4.6666666666666661        2.5510869720711310E-004
   2.3333333333333330        5.0000000000000000        6.8819953289872408E-004
   2.3333333333333330        5.3333333333333330        1.3410847892325968E-003
   2.3333333333333330        5.6666666666666661        1.0666566774761160E-003
   2.3333333333333330        6.0000000000000000        3.5812669765159481E-004
   2.3333333333333330        6.3333333333333330        1.4286041920416416E-004
   2.3333333333333330        6.6666666666666661        1.6246399473628245E-004
   2.3333333333333330        7.0000000000000000        9.2215167379333820E-005
   2.3333333333333330        7.3333333333333330        4.6166194184150237E-005
   2.3333333333333330        7.6666666666666661        1.8949652031537216E-005
   2.3333333333333330        8.0000000000000000        5.4308158578045602E-006
   2.3333333333333330        8.3333333333333321        1.3678386021746297E-006
   2.3333333333333330        8.6666666666666661        3.7563534651825584E-007
   2.3333333333333330        9.0000000000000000        1.1059770976611569E-007
   2.3333333333333330        9.3333333333333321        3.0236013622471921E-008
   2.3333333333333330        9.6666666666666661        6.0790129326142858E-009
   2.3333333333333330        10.000000000000000        0.0000000000000000     
 
   2.6666666666666665        0.0000000000000000        0.0000000000000000     
   2.6666666666666665       0.33333333333333331        8.2715999440402877E-008
   2.6666666666666665       0.66666666666666663        2.3261027815449634E-007
   2.6666666666666665        1.0000000000000000        5.4298888419927884E-007
   2.6666666666666665        1.3333333333333333        1.4962061566986150E-006
   2.6666666666666665        1.6666666666666665        4.6474534736455849E-006
   2.6666666666666665        2.0000000000000000        1.0299196934543069E-005
   2.6666666666666665        2.3333333333333330        1.9741149646917196E-005
   2.6666666666666665        2.6666666666666665        3.1391265403837381E-005
   2.6666666666666665        3.0000000000000000        6.6512498992543699E-005
   2.6666666666666665        3.3333333333333330        4.7318740263477731E-005
   2.6666666666666665        3.6666666666666665        1.0956965060186231E-004
   2.6666666666666665        4.0000000000000000        9.2618507359195346E-005
   2.6666666666666665        4.3333333333333330        1.9551260831809886E-004
   2.6666666666666665        4.6666666666666661        5.3853786263497968E-004
   2.6666666666666665        5.0000000000000000        1.4528764823994198E-003
   2.6666666666666665        5.3333333333333330        3.1055939750373241E-003
   2.6666666666666665        5.6666666666666661        2.6637150356993763E-003
   2.6666666666666665        6.0000000000000000        9.7130520699629163E-004
   2.6666666666666665        6.3333333333333330        8.1684394926338864E-004
   2.6666666666666665        6.6666666666666661        5.3874836672208686E-004
   2.6666666666666665        7.0000000000000000        1.7718152815623061E-004
   2.6666666666666665        7.3333333333333330        9.7430028692148572E-005
   2.6666666666666665        7.6666666666666661        5.3520818706766094E-005
   2.6666666666666665        8.0000000000000000        1.8838288126313027E-007
   2.6666666666666665        8.3333333333333321        4.1980446764555811E-007
   2.6666666666666665        8.6666666666666661        1.8354812578475474E-007
   2.6666666666666665        9.0000000000000000        8.5162471495852670E-008
   2.6666666666666665        9.3333333333333321        2.7222347263709506E-008
   2.6666666666666665        9.6666666666666661        8.9741548249258713E-009
   2.6666666666666665        10.000000000000000        0.0000000000000000     
 
   3.0000000000000000        0.0000000000000000        0.0000000000000000     
   3.0000000000000000       0.33333333333333331        1.6643464338739290E-007
   3.0000000000000000       0.66666666666666663        4.4243981801286618E-007
   3.0000000000000000        1.0000000000000000        9.1810083985211263E-007
   3.0000000000000000        1.3333333333333333        5.9439079768782276E-006
   3.0000000000000000        1.6666666666666665        1.0517993733202897E-005
   3.0000000000000000        2.0000000000000000        2.3389259797351057E-005
   3.0000000000000000        2.3333333333333330        4.9878144228941845E-005
   3.0000000000000000        2.6666666666666665        9.6524184455689437E-005
   3.0000000000000000        3.0000000000000000        1.5963055507238697E-004
   3.0000000000000000        3.3333333333333330        3.8573199810198447E-004
   3.0000000000000000        3.6666666666666665        3.7125179494338110E-004
   3.0000000000000000        4.0000000000000000        1.4656844242000305E-004
   3.0000000000000000        4.3333333333333330        3.0941694279245041E-004
   3.0000000000000000        4.6666666666666661        8.4908961168484267E-004
   3.0000000000000000        5.0000000000000000        3.0934023712979441E-003
   3.0000000000000000        5.3333333333333330        1.0415425941523639E-002
   3.0000000000000000        5.6666666666666661        8.4709383203685051E-003
   3.0000000000000000        6.0000000000000000        5.8187602660379730E-003
   3.0000000000000000        6.3333333333333330        2.0025342686694030E-003
   3.0000000000000000        6.6666666666666661        1.5970562286813262E-003
   3.0000000000000000        7.0000000000000000        4.5831745842951692E-004
   3.0000000000000000        7.3333333333333330        2.2102096088581777E-004
   3.0000000000000000        7.6666666666666661        1.0364368017754936E-004
   3.0000000000000000        8.0000000000000000        2.3141582927601667E-005
   3.0000000000000000        8.3333333333333321        2.6763773511869724E-008
   3.0000000000000000        8.6666666666666661        7.9116404877894647E-008
   3.0000000000000000        9.0000000000000000        1.3358596413319973E-007
   3.0000000000000000        9.3333333333333321        5.0955455953489476E-008
   3.0000000000000000        9.6666666666666661        2.0062556422598108E-008
   3.0000000000000000        10.000000000000000        0.0000000000000000     
 
   3.3333333333333330        0.0000000000000000        0.0000000000000000     
   3.3333333333333330       0.33333333333333331        3.1062432055549084E-007
   3.3333333333333330       0.66666666666666663        9.8680905798779135E-007
   3.3333333333333330        1.0000000000000000        2.7669026032514730E-006
   3.3333333333333330        1.3333333333333333        7.9636376140002166E-006
   3.3333333333333330        1.6666666666666665        1.9778810420005524E-005
   3.3333333333333330        2.0000000000000000        4.8903833865581967E-005
   3.3333333333333330        2.3333333333333330        1.1528605458368402E-004
   3.3333333333333330        2.6666666666666665        2.5241290636646157E-004
   3.3333333333333330        3.0000000000000000        4.9324711401433090E-004
   3.3333333333333330        3.3333333333333330        8.2881597522563657E-004
   3.3333333333333330        3.6666666666666665        1.0309707470160703E-003
   3.3333333333333330        4.0000000000000000        6.4351363179599135E-004
   3.3333333333333330        4.3333333333333330        3.9029599125384466E-004
   3.3333333333333330        4.6666666666666661        3.9837677937229639E-004
   3.3333333333333330        5.0000000000000000        2.7944140810137248E-002
   3.3333333333333330        5.3333333333333330        3.8564391477463565E-002
   3.3333333333333330        5.6666666666666661        2.1745817050206187E-002
   3.3333333333333330        6.0000000000000000        1.6100336019672964E-002
   3.3333333333333330        6.3333333333333330        7.9335143357809543E-003
   3.3333333333333330        6.6666666666666661        4.0244233385419489E-003
   3.3333333333333330        7.0000000000000000        1.2047990434017422E-003
   3.3333333333333330        7.3333333333333330        4.7031668771238875E-004
   3.3333333333333330        7.6666666666666661        1.5150136198458991E-004
   3.3333333333333330        8.0000000000000000        4.8840205583038040E-005
   3.3333333333333330        8.3333333333333321        3.6933469605073117E-006
   3.3333333333333330        8.6666666666666661        8.7342918854027782E-007
   3.3333333333333330        9.0000000000000000        4.0360434137351624E-007
   3.3333333333333330        9.3333333333333321        1.4966806207563946E-007
   3.3333333333333330        9.6666666666666661        4.8261357569643159E-008
   3.3333333333333330        10.000000000000000        0.0000000000000000     
 
   3.6666666666666665        0.0000000000000000        0.0000000000000000     
   3.6666666666666665       0.33333333333333331        4.6463130706502680E-007
   3.6666666666666665       0.66666666666666663        1.4837756231578686E-006
   3.6666666666666665        1.0000000000000000        4.3101702548073110E-006
   3.6666666666666665        1.3333333333333333        1.2206930300414890E-005
   3.6666666666666665        1.6666666666666665        3.3764164961089111E-005
   3.6666666666666665        2.0000000000000000        9.1495974638830299E-005
   3.6666666666666665        2.3333333333333330        2.3797901338442850E-004
   3.6666666666666665        2.6666666666666665        5.8511394789406397E-004
   3.6666666666666665        3.0000000000000000        1.2801620326432820E-003
   3.6666666666666665        3.3333333333333330        2.3262835666648203E-003
   3.6666666666666665        3.6666666666666665        3.0383510822398776E-003
   3.6666666666666665        4.0000000000000000        1.6117578010161652E-003
   3.6666666666666665        4.3333333333333330        6.4351363179599135E-004
   3.6666666666666665        4.6666666666666661        3.3920940291733696E-002
   3.6666666666666665        5.0000000000000000        4.8372975536700565E-002
   3.6666666666666665        5.3333333333333330       0.13700154996899860     
   3.6666666666666665        5.6666666666666661        4.8009654032793003E-002
   3.6666666666666665        6.0000000000000000        3.8625672934379129E-002
   3.6666666666666665        6.3333333333333330        2.0657639523294545E-002
   3.6666666666666665        6.6666666666666661        9.8339209845405440E-003
   3.6666666666666665        7.0000000000000000        2.1012021566992303E-003
   3.6666666666666665        7.3333333333333330        8.2653394909526783E-004
   3.6666666666666665        7.6666666666666661        1.2386528118479735E-005
   3.6666666666666665        8.0000000000000000        2.6139799195629141E-005
   3.6666666666666665        8.3333333333333321        7.8255877169888271E-006
   3.6666666666666665        8.6666666666666661        2.3320585742637567E-006
   3.6666666666666665        9.0000000000000000        9.2592100974531538E-007
   3.6666666666666665        9.3333333333333321        2.7978237654351502E-007
   3.6666666666666665        9.6666666666666661        8.6587489411863901E-008
   3.6666666666666665        10.000000000000000        0.0000000000000000     
 
   4.0000000000000000        0.0000000000000000        0.0000000000000000     
   4.0000000000000000       0.33333333333333331        5.5442821708211742E-007
   4.0000000000000000       0.66666666666666663        1.8717866003189036E-006
   4.0000000000000000        1.0000000000000000        5.5194707815358865E-006
   4.0000000000000000        1.3333333333333333        1.6403547091766199E-005
   4.0000000000000000        1.6666666666666665        4.9087300510297649E-005
   4.0000000000000000        2.0000000000000000        1.4697850765181756E-004
   4.0000000000000000        2.3333333333333330        4.2447810654605946E-004
   4.0000000000000000        2.6666666666666665        1.2200350431131122E-003
   4.0000000000000000        3.0000000000000000        3.1384471049424162E-003
   4.0000000000000000        3.3333333333333330        6.7425229397996460E-003
   4.0000000000000000        3.6666666666666665        1.0560392084828427E-002
   4.0000000000000000        4.0000000000000000        3.9124746136135376E-003
   4.0000000000000000        4.3333333333333330       0.14390678619446223     
   4.0000000000000000        4.6666666666666661        5.7158898125952852E-002
   4.0000000000000000        5.0000000000000000       0.87576236739089675     
   4.0000000000000000        5.3333333333333330       0.56528310056165199     
   4.0000000000000000        5.6666666666666661       0.23812592046994360     
   4.0000000000000000        6.0000000000000000       0.11265256135211749     
   4.0000000000000000        6.3333333333333330        4.9190344685424527E-002
   4.0000000000000000        6.6666666666666661        1.5746298117601823E-002
   4.0000000000000000        7.0000000000000000        5.7105690342483069E-003
   4.0000000000000000        7.3333333333333330        6.5447937753848888E-004
   4.0000000000000000        7.6666666666666661        1.3525460279128175E-004
   4.0000000000000000        8.0000000000000000        6.4546362112349019E-005
   4.0000000000000000        8.3333333333333321        1.4508111360053624E-005
   4.0000000000000000        8.6666666666666661        3.4340145960793383E-006
   4.0000000000000000        9.0000000000000000        1.7433783864917954E-006
   4.0000000000000000        9.3333333333333321        3.0300027841823761E-007
   4.0000000000000000        9.6666666666666661        1.2049891589699742E-007
   4.0000000000000000        10.000000000000000        0.0000000000000000     
 
   4.3333333333333330        0.0000000000000000        0.0000000000000000     
   4.3333333333333330       0.33333333333333331        5.2607202253486888E-007
   4.3333333333333330       0.66666666666666663        1.9592892372960993E-006
   4.3333333333333330        1.0000000000000000        5.7013821232351802E-006
   4.3333333333333330        1.3333333333333333        1.6982748853014013E-005
   4.3333333333333330        1.6666666666666665        5.3787771784523421E-005
   4.3333333333333330        2.0000000000000000        1.8616120991642919E-004
   4.3333333333333330        2.3333333333333330        5.6457823030511009E-004
   4.3333333333333330        2.6666666666666665        2.0877074050837719E-003
   4.3333333333333330        3.0000000000000000        6.7981877545323990E-003
   4.3333333333333330        3.3333333333333330        1.8436677222035392E-002
   4.3333333333333330        3.6666666666666665        4.0281945861541331E-002
   4.3333333333333330        4.0000000000000000       0.26314851327630712     
   4.3333333333333330        4.3333333333333330       0.39055114729067741     
   4.3333333333333330        4.6666666666666661        1.7681407003005962     
   4.3333333333333330        5.0000000000000000        2.1593109557318266     
   4.3333333333333330        5.3333333333333330        1.3111776757290408     
   4.3333333333333330        5.6666666666666661       0.62818354967242696     
   4.3333333333333330        6.0000000000000000       0.24983773923974281     
   4.3333333333333330        6.3333333333333330       0.10236080734174484     
   4.3333333333333330        6.6666666666666661        1.6050470049412929E-002
   4.3333333333333330        7.0000000000000000        5.6293177861463711E-003
   4.3333333333333330        7.3333333333333330        1.3817207107001603E-003
   4.3333333333333330        7.6666666666666661        3.5625485181717004E-004
   4.3333333333333330        8.0000000000000000        1.0395985803928247E-004
   4.3333333333333330        8.3333333333333321        3.0612359880358523E-005
   4.3333333333333330        8.6666666666666661        8.9522789999979111E-006
   4.3333333333333330        9.0000000000000000        2.8144106549396636E-006
   4.3333333333333330        9.3333333333333321        8.3702505486030799E-007
   4.3333333333333330        9.6666666666666661        2.3926392276125882E-007
   4.3333333333333330        10.000000000000000        0.0000000000000000     
 
   4.6666666666666661        0.0000000000000000        0.0000000000000000     
   4.6666666666666661       0.33333333333333331        1.6371970253492988E-007
   4.6666666666666661       0.66666666666666663        2.1792541100902499E-006
   4.6666666666666661        1.0000000000000000        4.6031521035184619E-006
   4.6666666666666661        1.3333333333333333        1.0969695904166840E-005
   4.6666666666666661        1.6666666666666665        2.2664121917317525E-005
   4.6666666666666661        2.0000000000000000        8.1905047291653011E-005
   4.6666666666666661        2.3333333333333330        1.8728126695310475E-004
   4.6666666666666661        2.6666666666666665        5.2500731185205337E-003
   4.6666666666666661        3.0000000000000000        1.1083462463890272E-002
   4.6666666666666661        3.3333333333333330        4.0409189905616774E-002
   4.6666666666666661        3.6666666666666665       0.13660652618957081     
   4.6666666666666661        4.0000000000000000       0.42813312617659460     
   4.6666666666666661        4.3333333333333330        1.1985438707168097     
   4.6666666666666661        4.6666666666666661        3.3415712151195351     
   4.6666666666666661        5.0000000000000000        7.0813974756174867     
   4.6666666666666661        5.3333333333333330        3.3487972081612454     
   4.6666666666666661        5.6666666666666661        1.4115745169411269     
   4.6666666666666661        6.0000000000000000       0.43375153753479490     
   4.6666666666666661        6.3333333333333330       0.12178853002323083     
   4.6666666666666661        6.6666666666666661        4.4305383834946171E-002
   4.6666666666666661        7.0000000000000000        1.9993504907172503E-004
   4.6666666666666661        7.3333333333333330        4.2208686609865846E-004
   4.6666666666666661        7.6666666666666661        1.9991070665086001E-004
   4.6666666666666661        8.0000000000000000        7.9935025071001793E-005
   4.6666666666666661        8.3333333333333321        2.9057522907540269E-005
   4.6666666666666661        8.6666666666666661        8.9077602219569288E-006
   4.6666666666666661        9.0000000000000000        2.8635056932246103E-006
   4.6666666666666661        9.3333333333333321        9.2035749158344145E-007
   4.6666666666666661        9.6666666666666661        2.7187187553870590E-007
   4.6666666666666661        10.000000000000000        0.0000000000000000     
 
   5.0000000000000000        0.0000000000000000        0.0000000000000000     
   5.0000000000000000       0.33333333333333331        1.4985077933953758E-007
   5.0000000000000000       0.66666666666666663        2.1509334123550526E-006
   5.0000000000000000        1.0000000000000000        4.7179683975276346E-006
   5.0000000000000000        1.3333333333333333        1.1793800693489984E-005
   5.0000000000000000        1.6666666666666665        2.8456244528325939E-005
   5.0000000000000000        2.0000000000000000        6.7541938915074198E-005
   5.0000000000000000        2.3333333333333330        1.2347136097481311E-004
   5.0000000000000000        2.6666666666666665        1.9853867297881245E-003
   5.0000000000000000        3.0000000000000000        4.1913465679641569E-003
   5.0000000000000000        3.3333333333333330        8.9709577283912448E-002
   5.0000000000000000        3.6666666666666665       0.18938680238484357     
   5.0000000000000000        4.0000000000000000       0.58993709317971121     
   5.0000000000000000        4.3333333333333330        1.9656353983886965     
   5.0000000000000000        4.6666666666666661        7.0310597710613658     
   5.0000000000000000        5.0000000000000000        27.344129867784766     
   5.0000000000000000        5.3333333333333330        7.3119247927954740     
   5.0000000000000000        5.6666666666666661        2.8039819155877423     
   5.0000000000000000        6.0000000000000000        2.9329166965403757E-002
   5.0000000000000000        6.3333333333333330        4.2056955661259311E-002
   5.0000000000000000        6.6666666666666661        3.0853314049776189E-003
   5.0000000000000000        7.0000000000000000        7.3441932987322166E-004
   5.0000000000000000        7.3333333333333330        3.7576877618583317E-004
   5.0000000000000000        7.6666666666666661        1.6347829289387655E-004
   5.0000000000000000        8.0000000000000000        7.5629358537979420E-005
   5.0000000000000000        8.3333333333333321        7.1580704414609646E-006
   5.0000000000000000        8.6666666666666661        4.6564507416259202E-006
   5.0000000000000000        9.0000000000000000        2.0104709214909720E-006
   5.0000000000000000        9.3333333333333321        7.3564632812875168E-007
   5.0000000000000000        9.6666666666666661        2.3213815095879389E-007
   5.0000000000000000        10.000000000000000        0.0000000000000000     
 
   5.3333333333333330        0.0000000000000000        0.0000000000000000     
   5.3333333333333330       0.33333333333333331        4.4541062976235223E-007
   5.3333333333333330       0.66666666666666663        1.9825639683107408E-006
   5.3333333333333330        1.0000000000000000        5.5589263006386031E-006
   5.3333333333333330        1.3333333333333333        1.6165276079898114E-005
   5.3333333333333330        1.6666666666666665        4.3417044303740934E-005
   5.3333333333333330        2.0000000000000000        1.1140820008285891E-004
   5.3333333333333330        2.3333333333333330        2.5275760964195849E-004
   5.3333333333333330        2.6666666666666665        2.2532784528334743E-003
   5.3333333333333330        3.0000000000000000        4.1622932256337669E-003
   5.3333333333333330        3.3333333333333330        6.0610833826859639E-002
   5.3333333333333330        3.6666666666666665       0.15172378522627214     
   5.3333333333333330        4.0000000000000000       0.43207863887101366     
   5.3333333333333330        4.3333333333333330        1.2270402049601956     
   5.3333333333333330        4.6666666666666661        3.2851911523749919     
   5.3333333333333330        5.0000000000000000        7.2233940432665005     
   5.3333333333333330        5.3333333333333330        3.8751509090135912     
   5.3333333333333330        5.6666666666666661       0.15111042495152413     
   5.3333333333333330        6.0000000000000000        4.9189332179020669E-002
   5.3333333333333330        6.3333333333333330        2.1783205500154456E-002
   5.3333333333333330        6.6666666666666661        6.5134795370164556E-003
   5.3333333333333330        7.0000000000000000        1.9090915869170919E-003
   5.3333333333333330        7.3333333333333330        6.0059298584554230E-004
   5.3333333333333330        7.6666666666666661        1.8424561503906572E-004
   5.3333333333333330        8.0000000000000000        6.7496939067472646E-005
   5.3333333333333330        8.3333333333333321        1.7604595357256590E-005
   5.3333333333333330        8.6666666666666661        5.7310273112607400E-006
   5.3333333333333330        9.0000000000000000        2.0311190594966820E-006
   5.3333333333333330        9.3333333333333321        6.1220865581293086E-007
   5.3333333333333330        9.6666666666666661        1.8131662719659506E-007
   5.3333333333333330        10.000000000000000        0.0000000000000000     
 
   5.6666666666666661        0.0000000000000000        0.0000000000000000     
   5.6666666666666661       0.33333333333333331        1.4846513273431190E-007
   5.6666666666666661       0.66666666666666663        2.7157545185093048E-007
   5.6666666666666661        1.0000000000000000        7.7298670185785564E-006
   5.6666666666666661        1.3333333333333333        2.1841559718721841E-005
   5.6666666666666661        1.6666666666666665        6.5908592642847848E-005
   5.6666666666666661        2.0000000000000000        2.0568641954941852E-004
   5.6666666666666661        2.3333333333333330        8.0424238735690159E-004
   5.6666666666666661        2.6666666666666665        2.8479044388990526E-003
   5.6666666666666661        3.0000000000000000        1.0667042125902146E-002
   5.6666666666666661        3.3333333333333330        3.6843228622888087E-002
   5.6666666666666661        3.6666666666666665        9.3400761976385568E-002
   5.6666666666666661        4.0000000000000000       0.23970088091760278     
   5.6666666666666661        4.3333333333333330       0.58863364886876768     
   5.6666666666666661        4.6666666666666661        1.3094829033395576     
   5.6666666666666661        5.0000000000000000        2.4150974606169107     
   5.6666666666666661        5.3333333333333330        1.3958570097715286     
   5.6666666666666661        5.6666666666666661       0.42093201150073922     
   5.6666666666666661        6.0000000000000000        1.9445237149279541E-002
   5.6666666666666661        6.3333333333333330        1.3576644566945297E-002
   5.6666666666666661        6.6666666666666661        1.9903470169514944E-003
   5.6666666666666661        7.0000000000000000        5.7611040485162554E-004
   5.6666666666666661        7.3333333333333330        1.4962927026597177E-004
   5.6666666666666661        7.6666666666666661        1.1013063566814790E-004
   5.6666666666666661        8.0000000000000000        1.4419274018026491E-005
   5.6666666666666661        8.3333333333333321        9.6220611941610618E-006
   5.6666666666666661        8.6666666666666661        5.0171787678493595E-006
   5.6666666666666661        9.0000000000000000        8.1733850563184498E-008
   5.6666666666666661        9.3333333333333321        1.8755026449504654E-007
   5.6666666666666661        9.6666666666666661        8.4638409066376157E-008
   5.6666666666666661        10.000000000000000        0.0000000000000000     
 
   6.0000000000000000        0.0000000000000000        0.0000000000000000     
   6.0000000000000000       0.33333333333333331        1.6277993842946354E-007
   6.0000000000000000       0.66666666666666663        5.8006036882592857E-007
   6.0000000000000000        1.0000000000000000        2.2169329934853851E-006
   6.0000000000000000        1.3333333333333333        0.0000000000000000     
   6.0000000000000000        1.6666666666666665        3.3026171503928286E-005
   6.0000000000000000        2.0000000000000000        6.9735703478444519E-005
   6.0000000000000000        2.3333333333333330        3.0962608056713567E-004
   6.0000000000000000        2.6666666666666665        8.3135746224020663E-004
   6.0000000000000000        3.0000000000000000        1.1193751889275098E-002
   6.0000000000000000        3.3333333333333330        2.3631254965425504E-002
   6.0000000000000000        3.6666666666666665        4.9113729042207857E-002
   6.0000000000000000        4.0000000000000000       0.11102480045914576     
   6.0000000000000000        4.3333333333333330       0.23234794293722777     
   6.0000000000000000        4.6666666666666661       0.40399027902935564     
   6.0000000000000000        5.0000000000000000       0.16043340289308566     
   6.0000000000000000        5.3333333333333330       0.42319976936678477     
   6.0000000000000000        5.6666666666666661       0.18353084873017975     
   6.0000000000000000        6.0000000000000000        4.6919672347948700E-002
   6.0000000000000000        6.3333333333333330        1.4586652167196245E-002
   6.0000000000000000        6.6666666666666661        4.2018437856575471E-003
   6.0000000000000000        7.0000000000000000        1.2162536420793004E-003
   6.0000000000000000        7.3333333333333330        3.5539113074078819E-004
   6.0000000000000000        7.6666666666666661        1.1887767474418511E-004
   6.0000000000000000        8.0000000000000000        3.5236197918777483E-005
   6.0000000000000000        8.3333333333333321        1.2146904705567843E-005
   6.0000000000000000        8.6666666666666661        5.2516248779413638E-006
   6.0000000000000000        9.0000000000000000        4.2135546156731218E-007
   6.0000000000000000        9.3333333333333321        1.9665355500988502E-007
   6.0000000000000000        9.6666666666666661        6.9680075161068668E-008
   6.0000000000000000        10.000000000000000        0.0000000000000000     
 
   6.3333333333333330        0.0000000000000000        0.0000000000000000     
   6.3333333333333330       0.33333333333333331        1.0481874029417890E-007
   6.3333333333333330       0.66666666666666663        3.1933123543983300E-007
   6.3333333333333330        1.0000000000000000        8.1291693101746761E-007
   6.3333333333333330        1.3333333333333333        1.3620314157866263E-006
   6.3333333333333330        1.6666666666666665        1.8668252998236698E-005
   6.3333333333333330        2.0000000000000000        4.7965064530962631E-005
   6.3333333333333330        2.3333333333333330        1.3187245842870968E-004
   6.3333333333333330        2.6666666666666665        2.6029502626999910E-004
   6.3333333333333330        3.0000000000000000        5.8201612452733481E-005
   6.3333333333333330        3.3333333333333330        1.0880077215632212E-002
   6.3333333333333330        3.6666666666666665        2.2969028175896297E-002
   6.3333333333333330        4.0000000000000000        4.6297492654159320E-002
   6.3333333333333330        4.3333333333333330        8.3907394550779474E-002
   6.3333333333333330        4.6666666666666661       0.11901806921082515     
   6.3333333333333330        5.0000000000000000        7.5926433801684443E-002
   6.3333333333333330        5.3333333333333330        1.9598405374861721E-002
   6.3333333333333330        5.6666666666666661        4.6995136070075744E-002
   6.3333333333333330        6.0000000000000000        2.2248887892659934E-002
   6.3333333333333330        6.3333333333333330        9.8558424318766508E-003
   6.3333333333333330        6.6666666666666661        3.6828844557499517E-003
   6.3333333333333330        7.0000000000000000        1.0830356376426461E-003
   6.3333333333333330        7.3333333333333330        3.3166879040122464E-004
   6.3333333333333330        7.6666666666666661        1.0683884374258465E-004
   6.3333333333333330        8.0000000000000000        3.4674507241993282E-005
   6.3333333333333330        8.3333333333333321        1.1963596465039220E-005
   6.3333333333333330        8.6666666666666661        4.4611401926746021E-006
   6.3333333333333330        9.0000000000000000        1.1246642139069426E-006
   6.3333333333333330        9.3333333333333321        3.4112306747714598E-007
   6.3333333333333330        9.6666666666666661        8.5770832872015238E-008
   6.3333333333333330        10.000000000000000        0.0000000000000000     
 
   6.6666666666666661        0.0000000000000000        0.0000000000000000     
   6.6666666666666661       0.33333333333333331        5.8062190337398378E-008
   6.6666666666666661       0.66666666666666663        1.3925096791303237E-007
   6.6666666666666661        1.0000000000000000        1.1641125506061120E-006
   6.6666666666666661        1.3333333333333333        2.8914511157841064E-006
   6.6666666666666661        1.6666666666666665        1.0128179674575582E-005
   6.6666666666666661        2.0000000000000000        2.4901077671234964E-005
   6.6666666666666661        2.3333333333333330        5.6139138785947306E-005
   6.6666666666666661        2.6666666666666665        1.0685706784422041E-004
   6.6666666666666661        3.0000000000000000        1.2282205302879403E-004
   6.6666666666666661        3.3333333333333330        3.9582585438673731E-003
   6.6666666666666661        3.6666666666666665        1.1105932858062533E-002
   6.6666666666666661        4.0000000000000000        1.8730423523522395E-002
   6.6666666666666661        4.3333333333333330        3.1196461092188991E-002
   6.6666666666666661        4.6666666666666661        4.4490435156030232E-002
   6.6666666666666661        5.0000000000000000        3.2690570133924596E-002
   6.6666666666666661        5.3333333333333330        1.3977706140934906E-002
   6.6666666666666661        5.6666666666666661        1.4819219212932127E-002
   6.6666666666666661        6.0000000000000000        9.9459595195918096E-003
   6.6666666666666661        6.3333333333333330        4.4419858001480000E-004
   6.6666666666666661        6.6666666666666661        1.8545137432702239E-004
   6.6666666666666661        7.0000000000000000        3.0473916506984028E-004
   6.6666666666666661        7.3333333333333330        1.4993093312718928E-004
   6.6666666666666661        7.6666666666666661        6.0850949438484343E-005
   6.6666666666666661        8.0000000000000000        2.3201884721852755E-005
   6.6666666666666661        8.3333333333333321        9.8587194163087480E-006
   6.6666666666666661        8.6666666666666661        6.6168908325494045E-007
   6.6666666666666661        9.0000000000000000        5.5562200365555121E-007
   6.6666666666666661        9.3333333333333321        6.5231345374146130E-008
   6.6666666666666661        9.6666666666666661        3.4562013126693891E-008
   6.6666666666666661        10.000000000000000        0.0000000000000000     
 
   7.0000000000000000        0.0000000000000000        0.0000000000000000     
   7.0000000000000000       0.33333333333333331        5.6364984569745896E-008
   7.0000000000000000       0.66666666666666663        1.9971681007770719E-007
   7.0000000000000000        1.0000000000000000        7.4241538353033271E-007
   7.0000000000000000        1.3333333333333333        2.1768351918133315E-006
   7.0000000000000000        1.6666666666666665        5.3167551317686608E-006
   7.0000000000000000        2.0000000000000000        1.3012660999661526E-005
   7.0000000000000000        2.3333333333333330        2.3298696053765095E-005
   7.0000000000000000        2.6666666666666665        1.3817917704046225E-004
   7.0000000000000000        3.0000000000000000        3.3990683336265981E-004
   7.0000000000000000        3.3333333333333330        1.2085990508798054E-003
   7.0000000000000000        3.6666666666666665        2.7044195589842617E-003
   7.0000000000000000        4.0000000000000000        7.1334154423198974E-003
   7.0000000000000000        4.3333333333333330        1.2320361145002562E-002
   7.0000000000000000        4.6666666666666661        1.0627419521400506E-004
   7.0000000000000000        5.0000000000000000        1.6720539034867532E-003
   7.0000000000000000        5.3333333333333330        4.3333377524687198E-003
   7.0000000000000000        5.6666666666666661        4.8238823770362146E-003
   7.0000000000000000        6.0000000000000000        3.8207692530593746E-003
   7.0000000000000000        6.3333333333333330        9.3776205230446878E-004
   7.0000000000000000        6.6666666666666661        2.7221976274367381E-004
   7.0000000000000000        7.0000000000000000        1.3911679202442738E-004
   7.0000000000000000        7.3333333333333330        6.9043071516193869E-005
   7.0000000000000000        7.6666666666666661        3.1059531853476735E-005
   7.0000000000000000        8.0000000000000000        1.3185512989223559E-005
   7.0000000000000000        8.3333333333333321        5.3834094048671616E-006
   7.0000000000000000        8.6666666666666661        1.5182595448557124E-006
   7.0000000000000000        9.0000000000000000        5.3034808335411659E-007
   7.0000000000000000        9.3333333333333321        1.6891226818481146E-007
   7.0000000000000000        9.6666666666666661        9.1873961346423178E-009
   7.0000000000000000        10.000000000000000        0.0000000000000000     
 
   7.3333333333333330        0.0000000000000000        0.0000000000000000     
   7.3333333333333330       0.33333333333333331        3.2396824643076598E-008
   7.3333333333333330       0.66666666666666663        1.0229445057838114E-007
   7.3333333333333330        1.0000000000000000        2.6591204795684742E-007
   7.3333333333333330        1.3333333333333333        8.0485868069857893E-007
   7.3333333333333330        1.6666666666666665        1.9079830163148366E-006
   7.3333333333333330        2.0000000000000000        1.0272479926396475E-005
   7.3333333333333330        2.3333333333333330        2.6656995677759663E-005
   7.3333333333333330        2.6666666666666665        8.9991293322848296E-005
   7.3333333333333330        3.0000000000000000        2.6765319008251355E-004
   7.3333333333333330        3.3333333333333330        6.7048988257107137E-004
   7.3333333333333330        3.6666666666666665        1.2803088545126603E-003
   7.3333333333333330        4.0000000000000000        2.7044195589842617E-003
   7.3333333333333330        4.3333333333333330        1.0627419521400506E-004
   7.3333333333333330        4.6666666666666661        2.2437967314919033E-004
   7.3333333333333330        5.0000000000000000        8.6862737518077476E-004
   7.3333333333333330        5.3333333333333330        1.6745048862677823E-003
   7.3333333333333330        5.6666666666666661        1.6820794706202231E-003
   7.3333333333333330        6.0000000000000000        1.2781684463272235E-004
   7.3333333333333330        6.3333333333333330        2.5582124443382587E-004
   7.3333333333333330        6.6666666666666661        1.2905685751511179E-004
   7.3333333333333330        7.0000000000000000        6.5056370517441810E-005
   7.3333333333333330        7.3333333333333330        3.2776692114682405E-005
   7.3333333333333330        7.6666666666666661        1.5691891977026342E-005
   7.3333333333333330        8.0000000000000000        7.7507781159761512E-006
   7.3333333333333330        8.3333333333333321        2.9947107588372156E-006
   7.3333333333333330        8.6666666666666661        1.2027500113995613E-006
   7.3333333333333330        9.0000000000000000        4.4172340280750077E-007
   7.3333333333333330        9.3333333333333321        1.3169746091741322E-007
   7.3333333333333330        9.6666666666666661        3.0132519428176999E-008
   7.3333333333333330        10.000000000000000        0.0000000000000000     
 
   7.6666666666666661        0.0000000000000000        0.0000000000000000     
   7.6666666666666661       0.33333333333333331        1.1237631360810075E-008
   7.6666666666666661       0.66666666666666663        2.7668490227414318E-008
   7.6666666666666661        1.0000000000000000        2.7682487459173686E-007
   7.6666666666666661        1.3333333333333333        6.1828376704259883E-007
   7.6666666666666661        1.6666666666666665        1.7278847712129813E-006
   7.6666666666666661        2.0000000000000000        5.3257924008199129E-006
   7.6666666666666661        2.3333333333333330        1.2691596850809323E-005
   7.6666666666666661        2.6666666666666665        2.7427310762175311E-005
   7.6666666666666661        3.0000000000000000        6.7151510120406223E-006
   7.6666666666666661        3.3333333333333330        1.6465618966720190E-004
   7.6666666666666661        3.6666666666666665        4.6445085814539382E-004
   7.6666666666666661        4.0000000000000000        1.4397565939240506E-006
   7.6666666666666661        4.3333333333333330        2.4919476572018695E-005
   7.6666666666666661        4.6666666666666661        6.5696781284344148E-005
   7.6666666666666661        5.0000000000000000        3.7228773797455594E-006
   7.6666666666666661        5.3333333333333330        1.9741217291495473E-004
   7.6666666666666661        5.6666666666666661        4.1680491994886183E-004
   7.6666666666666661        6.0000000000000000        1.4185575112137070E-004
   7.6666666666666661        6.3333333333333330        1.1291291018408227E-004
   7.6666666666666661        6.6666666666666661        6.6532545081731548E-005
   7.6666666666666661        7.0000000000000000        3.1552894385307235E-005
   7.6666666666666661        7.3333333333333330        1.7754120225015781E-005
   7.6666666666666661        7.6666666666666661        8.6390829637136508E-006
   7.6666666666666661        8.0000000000000000        4.9787088176932018E-007
   7.6666666666666661        8.3333333333333321        9.3281224239421139E-007
   7.6666666666666661        8.6666666666666661        4.3132991846364579E-008
   7.6666666666666661        9.0000000000000000        1.7214455931768436E-008
   7.6666666666666661        9.3333333333333321        3.4248728510244108E-008
   7.6666666666666661        9.6666666666666661        1.1939839257343114E-008
   7.6666666666666661        10.000000000000000        0.0000000000000000     
 
   8.0000000000000000        0.0000000000000000        0.0000000000000000     
   8.0000000000000000       0.33333333333333331        3.4550687192839927E-009
   8.0000000000000000       0.66666666666666663        6.6684529715201345E-009
   8.0000000000000000        1.0000000000000000        1.6608345225837117E-007
   8.0000000000000000        1.3333333333333333        3.8491116406341176E-007
   8.0000000000000000        1.6666666666666665        1.0052157445796442E-006
   8.0000000000000000        2.0000000000000000        2.5420278785937321E-006
   8.0000000000000000        2.3333333333333330        5.4781912337329412E-006
   8.0000000000000000        2.6666666666666665        1.0069778296833782E-005
   8.0000000000000000        3.0000000000000000        1.4156868229600983E-005
   8.0000000000000000        3.3333333333333330        4.7827345458275906E-005
   8.0000000000000000        3.6666666666666665        1.4397565939240506E-006
   8.0000000000000000        4.0000000000000000        3.0609039794886651E-006
   8.0000000000000000        4.3333333333333330        1.1858599457254549E-005
   8.0000000000000000        4.6666666666666661        2.0771004330023050E-005
   8.0000000000000000        5.0000000000000000        7.8713496217412036E-006
   8.0000000000000000        5.3333333333333330        4.0539358274523756E-005
   8.0000000000000000        5.6666666666666661        1.0899114086344794E-004
   8.0000000000000000        6.0000000000000000        6.7512381029481269E-005
   8.0000000000000000        6.3333333333333330        0.0000000000000000     
   8.0000000000000000        6.6666666666666661        5.6592887992662384E-006
   8.0000000000000000        7.0000000000000000        1.1959674452454672E-005
   8.0000000000000000        7.3333333333333330        7.5974330939331910E-007
   8.0000000000000000        7.6666666666666661        2.0704486472427741E-006
   8.0000000000000000        8.0000000000000000        6.3617662104054360E-007
   8.0000000000000000        8.3333333333333321        3.5511306726523991E-007
   8.0000000000000000        8.6666666666666661        1.0343911408780688E-007
   8.0000000000000000        9.0000000000000000        2.5534279078017586E-008
   8.0000000000000000        9.3333333333333321        1.1806025162873947E-008
   8.0000000000000000        9.6666666666666661        5.5662194391944070E-009
   8.0000000000000000        10.000000000000000        0.0000000000000000     
 
   8.3333333333333321        0.0000000000000000        0.0000000000000000     
   8.3333333333333321       0.33333333333333331        5.5025187655160049E-010
   8.3333333333333321       0.66666666666666663        1.2361920580447871E-009
   8.3333333333333321        1.0000000000000000        6.8935654959767968E-008
   8.3333333333333321        1.3333333333333333        1.9997712964931903E-007
   8.3333333333333321        1.6666666666666665        5.0985516819320640E-007
   8.3333333333333321        2.0000000000000000        1.1937009174791616E-006
   8.3333333333333321        2.3333333333333330        2.6907159714530486E-006
   8.3333333333333321        2.6666666666666665        4.4015464393596355E-006
   8.3333333333333321        3.0000000000000000        7.7324914752838710E-006
   8.3333333333333321        3.3333333333333330        1.7838078808782096E-005
   8.3333333333333321        3.6666666666666665        4.1453361105466451E-007
   8.3333333333333321        4.0000000000000000        8.9191443339334139E-007
   8.3333333333333321        4.3333333333333330        2.2687952144868252E-008
   8.3333333333333321        4.6666666666666661        6.5705445561519500E-009
   8.3333333333333321        5.0000000000000000        8.1168876698488822E-006
   8.3333333333333321        5.3333333333333330        1.7135119922026968E-005
   8.3333333333333321        5.6666666666666661        3.2237548257607380E-005
   8.3333333333333321        6.0000000000000000        2.6720063119228084E-005
   8.3333333333333321        6.3333333333333330        1.4085253727285069E-006
   8.3333333333333321        6.6666666666666661        0.0000000000000000     
   8.3333333333333321        7.0000000000000000        1.1780435425292682E-007
   8.3333333333333321        7.3333333333333330        3.0253367097008483E-007
   8.3333333333333321        7.6666666666666661        5.6002030526161979E-007
   8.3333333333333321        8.0000000000000000        3.3312678652235067E-007
   8.3333333333333321        8.3333333333333321        1.7681581122130307E-007
   8.3333333333333321        8.6666666666666661        4.7903527833122310E-009
   8.3333333333333321        9.0000000000000000        6.8458797185199339E-009
   8.3333333333333321        9.3333333333333321        4.5715059887713144E-009
   8.3333333333333321        9.6666666666666661        1.6361471727552019E-009
   8.3333333333333321        10.000000000000000        0.0000000000000000     
 
   8.6666666666666661        0.0000000000000000        0.0000000000000000     
   8.6666666666666661       0.33333333333333331        0.0000000000000000     
   8.6666666666666661       0.66666666666666663        4.2100761203708384E-009
   8.6666666666666661        1.0000000000000000        3.3651850757027479E-008
   8.6666666666666661        1.3333333333333333        9.6270046803917709E-008
   8.6666666666666661        1.6666666666666665        2.3800188499490149E-007
   8.6666666666666661        2.0000000000000000        3.7995815890301824E-007
   8.6666666666666661        2.3333333333333330        7.2556894493272133E-007
   8.6666666666666661        2.6666666666666665        2.0096232810035057E-006
   8.6666666666666661        3.0000000000000000        3.1308478101401854E-006
   8.6666666666666661        3.3333333333333330        0.0000000000000000     
   8.6666666666666661        3.6666666666666665        7.4846743574836173E-008
   8.6666666666666661        4.0000000000000000        2.1130810292585611E-007
   8.6666666666666661        4.3333333333333330        5.5635054432134437E-008
   8.6666666666666661        4.6666666666666661        1.7765789078817535E-008
   8.6666666666666661        5.0000000000000000        3.1655643992647930E-006
   8.6666666666666661        5.3333333333333330        6.6923172468329751E-006
   8.6666666666666661        5.6666666666666661        1.1934742585846963E-005
   8.6666666666666661        6.0000000000000000        1.0125399626051161E-005
   8.6666666666666661        6.3333333333333330        2.9791840856997411E-006
   8.6666666666666661        6.6666666666666661        9.1366456867641112E-008
   8.6666666666666661        7.0000000000000000        7.4896848328343683E-008
   8.6666666666666661        7.3333333333333330        1.1408865955925062E-007
   8.6666666666666661        7.6666666666666661        1.7315838990497916E-007
   8.6666666666666661        8.0000000000000000        1.6645136464266529E-008
   8.6666666666666661        8.3333333333333321        3.9948847941024458E-008
   8.6666666666666661        8.6666666666666661        1.1167868786438287E-008
   8.6666666666666661        9.0000000000000000        0.0000000000000000     
   8.6666666666666661        9.3333333333333321        0.0000000000000000     
   8.6666666666666661        9.6666666666666661        0.0000000000000000     
   8.6666666666666661        10.000000000000000        0.0000000000000000     
 
   9.0000000000000000        0.0000000000000000        0.0000000000000000     
   9.0000000000000000       0.33333333333333331        0.0000000000000000     
   9.0000000000000000       0.66666666666666663        0.0000000000000000     
   9.0000000000000000        1.0000000000000000        6.7711009310584944E-009
   9.0000000000000000        1.3333333333333333        2.6252374242943504E-008
   9.0000000000000000        1.6666666666666665        4.3814529063052839E-008
   9.0000000000000000        2.0000000000000000        1.5974340282510854E-007
   9.0000000000000000        2.3333333333333330        2.7219392436120836E-007
   9.0000000000000000        2.6666666666666665        0.0000000000000000     
   9.0000000000000000        3.0000000000000000        3.8955885065600053E-011
   9.0000000000000000        3.3333333333333330        9.5996404017187832E-009
   9.0000000000000000        3.6666666666666665        2.9469883004781217E-008
   9.0000000000000000        4.0000000000000000        6.5943352607705922E-008
   9.0000000000000000        4.3333333333333330        3.6148550498994677E-008
   9.0000000000000000        4.6666666666666661        1.2620613462299886E-009
   9.0000000000000000        5.0000000000000000        9.2424068473679411E-007
   9.0000000000000000        5.3333333333333330        1.9659219776536499E-006
   9.0000000000000000        5.6666666666666661        7.1681543746674859E-008
   9.0000000000000000        6.0000000000000000        2.6752156293222509E-007
   9.0000000000000000        6.3333333333333330        7.1531375877210822E-007
   9.0000000000000000        6.6666666666666661        2.1543818399595881E-007
   9.0000000000000000        7.0000000000000000        1.8424532158308258E-008
   9.0000000000000000        7.3333333333333330        3.4848188481589710E-008
   9.0000000000000000        7.6666666666666661        4.4864486410482820E-008
   9.0000000000000000        8.0000000000000000        1.5582491996670315E-008
   9.0000000000000000        8.3333333333333321        1.3623677130794556E-008
   9.0000000000000000        8.6666666666666661        6.1222577380719369E-009
   9.0000000000000000        9.0000000000000000        7.1581438808040077E-010
   9.0000000000000000        9.3333333333333321        0.0000000000000000     
   9.0000000000000000        9.6666666666666661        0.0000000000000000     
   9.0000000000000000        10.000000000000000        0.0000000000000000     
 
   9.3333333333333321        0.0000000000000000        0.0000000000000000     
   9.3333333333333321       0.33333333333333331        0.0000000000000000     
   9.3333333333333321       0.66666666666666663        0.0000000000000000     
   9.3333333333333321        1.0000000000000000        0.0000000000000000     
   9.3333333333333321        1.3333333333333333        5.2468707697730078E-010
   9.3333333333333321        1.6666666666666665        6.9848806995433791E-009
   9.3333333333333321        2.0000000000000000        0.0000000000000000     
   9.3333333333333321        2.3333333333333330        0.0000000000000000     
   9.3333333333333321        2.6666666666666665        3.8955885065600053E-011
   9.3333333333333321        3.0000000000000000        5.1565399024826137E-010
   9.3333333333333321        3.3333333333333330        3.4017008193804342E-009
   9.3333333333333321        3.6666666666666665        7.8137018651652992E-009
   9.3333333333333321        4.0000000000000000        0.0000000000000000     
   9.3333333333333321        4.3333333333333330        1.8188041004896591E-009
   9.3333333333333321        4.6666666666666661        3.7821814078835535E-009
   9.3333333333333321        5.0000000000000000        1.7017290195587711E-007
   9.3333333333333321        5.3333333333333330        4.7114712596639686E-007
   9.3333333333333321        5.6666666666666661        1.6229749620555154E-007
   9.3333333333333321        6.0000000000000000        1.2673634186935629E-007
   9.3333333333333321        6.3333333333333330        1.9108494751480477E-007
   9.3333333333333321        6.6666666666666661        8.7633525488104218E-008
   9.3333333333333321        7.0000000000000000        2.5516713605530110E-008
   9.3333333333333321        7.3333333333333330        1.4431164405008205E-008
   9.3333333333333321        7.6666666666666661        1.3005272914889366E-008
   9.3333333333333321        8.0000000000000000        5.9903966848078918E-009
   9.3333333333333321        8.3333333333333321        0.0000000000000000     
   9.3333333333333321        8.6666666666666661        0.0000000000000000     
   9.3333333333333321        9.0000000000000000        0.0000000000000000     
   9.3333333333333321        9.3333333333333321        0.0000000000000000     
   9.3333333333333321        9.6666666666666661        0.0000000000000000     
   9.3333333333333321        10.000000000000000        0.0000000000000000     
 
   9.6666666666666661        0.0000000000000000        0.0000000000000000     
   9.6666666666666661       0.33333333333333331        0.0000000000000000     
   9.6666666666666661       0.66666666666666663        0.0000000000000000     
   9.6666666666666661        1.0000000000000000        0.0000000000000000     
   9.6666666666666661        1.3333333333333333        0.0000000000000000     
   9.6666666666666661        1.6666666666666665        5.2468707697730078E-010
   9.6666666666666661        2.0000000000000000        0.0000000000000000     
   9.6666666666666661        2.3333333333333330        0.0000000000000000     
   9.6666666666666661        2.6666666666666665        0.0000000000000000     
   9.6666666666666661        3.0000000000000000        9.7389712664000135E-011
   9.6666666666666661        3.3333333333333330        7.8321995663879205E-010
   9.6666666666666661        3.6666666666666665        1.8443723641518820E-009
   9.6666666666666661        4.0000000000000000        8.2677349691416561E-010
   9.6666666666666661        4.3333333333333330        3.0439986470821248E-009
   9.6666666666666661        4.6666666666666661        1.2635011841182571E-008
   9.6666666666666661        5.0000000000000000        6.0491040353017440E-008
   9.6666666666666661        5.3333333333333330        1.2942570505054068E-007
   9.6666666666666661        5.6666666666666661        1.1794122930627738E-008
   9.6666666666666661        6.0000000000000000        3.6013250167658472E-008
   9.6666666666666661        6.3333333333333330        4.9860398797493920E-008
   9.6666666666666661        6.6666666666666661        2.8252100615415883E-008
   9.6666666666666661        7.0000000000000000        1.1744356487819774E-008
   9.6666666666666661        7.3333333333333330        5.7690984351882519E-009
   9.6666666666666661        7.6666666666666661        3.4005417859403909E-009
   9.6666666666666661        8.0000000000000000        1.5808763749254203E-009
   9.6666666666666661        8.3333333333333321        2.2886582476040020E-010
   9.6666666666666661        8.6666666666666661        0.0000000000000000     
   9.6666666666666661        9.0000000000000000        0.0000000000000000     
   9.6666666666666661        9.3333333333333321        0.0000000000000000     
   9.6666666666666661        9.6666666666666661        0.0000000000000000     
   9.6666666666666661        10.000000000000000        0.0000000000000000     
 
   10.000000000000000        0.0000000000000000        0.0000000000000000     
   10.000000000000000       0.33333333333333331        0.0000000000000000     
   10.000000000000000       0.66666666666666663        0.0000000000000000     
   10.000000000000000        1.0000000000000000        0.0000000000000000     
   10.000000000000000        1.3333333333333333        0.0000000000000000     
   10.000000000000000        1.6666666666666665        0.0000000000000000     
   10.000000000000000        2.0000000000000000        0.0000000000000000     
   10.000000000000000        2.3333333333333330        0.0000000000000000     
   10.000000000000000        2.6666666666666665        0.0000000000000000     
   10.000000000000000        3.0000000000000000        0.0000000000000000     
   10.000000000000000        3.3333333333333330        0.0000000000000000     
   10.000000000000000        3.6666666666666665        0.0000000000000000     
   10.000000000000000        4.0000000000000000        0.0000000000000000     
   10.000000000000000        4.3333333333333330        0.0000000000000000     
   10.000000000000000        4.6666666666666661        0.0000000000000000     
   10.000000000000000        5.0000000000000000        0.0000000000000000     
   10.000000000000000        5.3333333333333330        0.0000000000000000     
   10.000000000000000        5.6666666666666661        0.0000000000000000     
   10.000000000000000        6.0000000000000000        0.0000000000000000     
   10.000000000000000        6.3333333333333330        0.0000000000000000     
   10.000000000000000        6.6666666666666661        0.0000000000000000     
   10.000000000000000        7.0000000000000000        0.0000000000000000     
   10.000000000000000        7.3333333333333330        0.0000000000000000     
   10.000000000000000        7.6666666666666661        0.0000000000000000     
   10.000000000000000        8.0000000000000000        0.0000000000000000     
   10.000000000000000        8.3333333333333321        0.0000000000000000     
   10.000000000000000        8.6666666666666661        0.0000000000000000     
   10.000000000000000        9.0000000000000000        0.0000000000000000     
   10.000000000000000        9.3333333333333321        0.0000000000000000     
   10.000000000000000        9.6666666666666661        0.0000000000000000     
   10.000000000000000        10.000000000000000        0.0000000000000000     
 
