   0.0000000000000000        0.0000000000000000        0.0000000000000000     
   0.0000000000000000       0.33333333333333331        0.0000000000000000     
   0.0000000000000000       0.66666666666666663        0.0000000000000000     
   0.0000000000000000        1.0000000000000000        0.0000000000000000     
   0.0000000000000000        1.3333333333333333        0.0000000000000000     
   0.0000000000000000        1.6666666666666665        0.0000000000000000     
   0.0000000000000000        2.0000000000000000        0.0000000000000000     
   0.0000000000000000        2.3333333333333330        0.0000000000000000     
   0.0000000000000000        2.6666666666666665        0.0000000000000000     
   0.0000000000000000        3.0000000000000000        0.0000000000000000     
   0.0000000000000000        3.3333333333333330        0.0000000000000000     
   0.0000000000000000        3.6666666666666665        0.0000000000000000     
   0.0000000000000000        4.0000000000000000        0.0000000000000000     
   0.0000000000000000        4.3333333333333330        0.0000000000000000     
   0.0000000000000000        4.6666666666666661        0.0000000000000000     
   0.0000000000000000        5.0000000000000000        0.0000000000000000     
   0.0000000000000000        5.3333333333333330        0.0000000000000000     
   0.0000000000000000        5.6666666666666661        0.0000000000000000     
   0.0000000000000000        6.0000000000000000        0.0000000000000000     
   0.0000000000000000        6.3333333333333330        0.0000000000000000     
   0.0000000000000000        6.6666666666666661        0.0000000000000000     
   0.0000000000000000        7.0000000000000000        0.0000000000000000     
   0.0000000000000000        7.3333333333333330        0.0000000000000000     
   0.0000000000000000        7.6666666666666661        0.0000000000000000     
   0.0000000000000000        8.0000000000000000        0.0000000000000000     
   0.0000000000000000        8.3333333333333321        0.0000000000000000     
   0.0000000000000000        8.6666666666666661        0.0000000000000000     
   0.0000000000000000        9.0000000000000000        0.0000000000000000     
   0.0000000000000000        9.3333333333333321        0.0000000000000000     
   0.0000000000000000        9.6666666666666661        0.0000000000000000     
   0.0000000000000000        10.000000000000000        0.0000000000000000     
 
  0.33333333333333331        0.0000000000000000        0.0000000000000000     
  0.33333333333333331       0.33333333333333331        1.4212429831467839E-004
  0.33333333333333331       0.66666666666666663        2.4083590159422789E-004
  0.33333333333333331        1.0000000000000000        2.5425463506565852E-004
  0.33333333333333331        1.3333333333333333        5.4744017997529753E-004
  0.33333333333333331        1.6666666666666665        8.1801093564056251E-004
  0.33333333333333331        2.0000000000000000        1.2649959799104157E-003
  0.33333333333333331        2.3333333333333330        1.5844000559490762E-003
  0.33333333333333331        2.6666666666666665        1.4235261243816467E-003
  0.33333333333333331        3.0000000000000000        2.8085185020786086E-003
  0.33333333333333331        3.3333333333333330        3.1114191293173947E-003
  0.33333333333333331        3.6666666666666665        3.0333810547206641E-003
  0.33333333333333331        4.0000000000000000        3.0845166627943019E-003
  0.33333333333333331        4.3333333333333330        3.1088813740581885E-003
  0.33333333333333331        4.6666666666666661        2.0227693365564969E-003
  0.33333333333333331        5.0000000000000000        3.1095942973324462E-003
  0.33333333333333331        5.3333333333333330        7.5096417688432253E-003
  0.33333333333333331        5.6666666666666661        9.2447074839388400E-003
  0.33333333333333331        6.0000000000000000        1.0361645431186298E-002
  0.33333333333333331        6.3333333333333330        1.0863170303520122E-002
  0.33333333333333331        6.6666666666666661        7.5115408249664230E-003
  0.33333333333333331        7.0000000000000000        1.2027371084808225E-002
  0.33333333333333331        7.3333333333333330        5.6188216151601428E-003
  0.33333333333333331        7.6666666666666661        5.1120716230310418E-003
  0.33333333333333331        8.0000000000000000        3.9720201285656231E-003
  0.33333333333333331        8.3333333333333321        2.7293262805892131E-003
  0.33333333333333331        8.6666666666666661        2.1228577837880945E-003
  0.33333333333333331        9.0000000000000000        1.5591804925389680E-003
  0.33333333333333331        9.3333333333333321        8.6410456736978297E-004
  0.33333333333333331        9.6666666666666661        3.7638846631010133E-004
  0.33333333333333331        10.000000000000000        0.0000000000000000     
 
  0.66666666666666663        0.0000000000000000        0.0000000000000000     
  0.66666666666666663       0.33333333333333331        3.4085358700571629E-004
  0.66666666666666663       0.66666666666666663        5.8968228667516625E-004
  0.66666666666666663        1.0000000000000000        1.3581439058793457E-003
  0.66666666666666663        1.3333333333333333        1.1720598332448072E-003
  0.66666666666666663        1.6666666666666665        1.5392180412258805E-003
  0.66666666666666663        2.0000000000000000        2.7755708313309613E-003
  0.66666666666666663        2.3333333333333330        3.7906857263085318E-003
  0.66666666666666663        2.6666666666666665        7.9897149700971642E-003
  0.66666666666666663        3.0000000000000000        6.9261867820836261E-003
  0.66666666666666663        3.3333333333333330        6.8517211647283150E-003
  0.66666666666666663        3.6666666666666665        6.1835718046301539E-003
  0.66666666666666663        4.0000000000000000        6.4461844226877769E-003
  0.66666666666666663        4.3333333333333330        7.5739774529632398E-003
  0.66666666666666663        4.6666666666666661        0.0000000000000000     
  0.66666666666666663        5.0000000000000000        1.9340268211118873E-002
  0.66666666666666663        5.3333333333333330        1.8140382020320339E-002
  0.66666666666666663        5.6666666666666661        1.9623893718071557E-002
  0.66666666666666663        6.0000000000000000        2.1867561008411179E-002
  0.66666666666666663        6.3333333333333330        2.6090584750386791E-002
  0.66666666666666663        6.6666666666666661        4.3718179047739836E-002
  0.66666666666666663        7.0000000000000000        3.5514025531861955E-002
  0.66666666666666663        7.3333333333333330        1.0490447545611676E-002
  0.66666666666666663        7.6666666666666661        1.1155652577642944E-002
  0.66666666666666663        8.0000000000000000        8.3011554315758889E-003
  0.66666666666666663        8.3333333333333321        5.0153942907601541E-003
  0.66666666666666663        8.6666666666666661        4.3661986253186909E-003
  0.66666666666666663        9.0000000000000000        3.3758934064853367E-003
  0.66666666666666663        9.3333333333333321        1.5937388391741830E-003
  0.66666666666666663        9.6666666666666661        6.7407774456875499E-004
  0.66666666666666663        10.000000000000000        0.0000000000000000     
 
   1.0000000000000000        0.0000000000000000        0.0000000000000000     
   1.0000000000000000       0.33333333333333331        6.6192104885917820E-004
   1.0000000000000000       0.66666666666666663        1.2400194348571863E-003
   1.0000000000000000        1.0000000000000000        1.6739028626434440E-003
   1.0000000000000000        1.3333333333333333        1.3581439058793457E-003
   1.0000000000000000        1.6666666666666665        4.5900984378843398E-003
   1.0000000000000000        2.0000000000000000        4.7607693640875125E-003
   1.0000000000000000        2.3333333333333330        7.3406854918143215E-003
   1.0000000000000000        2.6666666666666665        9.6932337363822545E-003
   1.0000000000000000        3.0000000000000000        1.0594418048313048E-002
   1.0000000000000000        3.3333333333333330        1.1705824023945250E-002
   1.0000000000000000        3.6666666666666665        8.8900495861315466E-003
   1.0000000000000000        4.0000000000000000        9.4536044733270919E-003
   1.0000000000000000        4.3333333333333330        1.3749494852142979E-002
   1.0000000000000000        4.6666666666666661        2.0361927347357648E-002
   1.0000000000000000        5.0000000000000000        2.1815934777812115E-002
   1.0000000000000000        5.3333333333333330        2.7178352082889445E-002
   1.0000000000000000        5.6666666666666661        3.0303138878932691E-002
   1.0000000000000000        6.0000000000000000        3.2456133822203262E-002
   1.0000000000000000        6.3333333333333330        4.6670895445624458E-002
   1.0000000000000000        6.6666666666666661        5.3713375117945709E-002
   1.0000000000000000        7.0000000000000000        5.2260636978310591E-002
   1.0000000000000000        7.3333333333333330        4.0416503258755863E-002
   1.0000000000000000        7.6666666666666661        2.1362430528709925E-002
   1.0000000000000000        8.0000000000000000        1.3580762742658861E-002
   1.0000000000000000        8.3333333333333321        9.0565990576534430E-003
   1.0000000000000000        8.6666666666666661        7.2831705049198571E-003
   1.0000000000000000        9.0000000000000000        6.2523993739331965E-003
   1.0000000000000000        9.3333333333333321        7.1886982076657658E-004
   1.0000000000000000        9.6666666666666661        7.8392621092821771E-004
   1.0000000000000000        10.000000000000000        0.0000000000000000     
 
   1.3333333333333333        0.0000000000000000        0.0000000000000000     
   1.3333333333333333       0.33333333333333331        1.1226752422543484E-003
   1.3333333333333333       0.66666666666666663        2.1403663719471093E-003
   1.3333333333333333        1.0000000000000000        2.8870736226416743E-003
   1.3333333333333333        1.3333333333333333        5.5570710915902408E-003
   1.3333333333333333        1.6666666666666665        4.8500438237497126E-003
   1.3333333333333333        2.0000000000000000        1.2285514788496281E-002
   1.3333333333333333        2.3333333333333330        1.1713738729644912E-002
   1.3333333333333333        2.6666666666666665        1.3592759252159524E-002
   1.3333333333333333        3.0000000000000000        1.4826079386741638E-002
   1.3333333333333333        3.3333333333333330        2.1293875265386848E-002
   1.3333333333333333        3.6666666666666665        3.9836679899069929E-002
   1.3333333333333333        4.0000000000000000        2.8927547236201501E-002
   1.3333333333333333        4.3333333333333330        2.5211436046706157E-002
   1.3333333333333333        4.6666666666666661        4.3634756540012504E-002
   1.3333333333333333        5.0000000000000000        4.2382339033442559E-002
   1.3333333333333333        5.3333333333333330        3.9991281301489996E-002
   1.3333333333333333        5.6666666666666661        4.3482637550481811E-002
   1.3333333333333333        6.0000000000000000        8.4968681373029625E-002
   1.3333333333333333        6.3333333333333330        7.6167465485082131E-002
   1.3333333333333333        6.6666666666666661        7.4186894436020834E-002
   1.3333333333333333        7.0000000000000000        6.9510932444950449E-002
   1.3333333333333333        7.3333333333333330        6.1155119940311885E-002
   1.3333333333333333        7.6666666666666661        1.1058777406713722E-002
   1.3333333333333333        8.0000000000000000        1.1891030691778494E-002
   1.3333333333333333        8.3333333333333321        1.1497581161970701E-002
   1.3333333333333333        8.6666666666666661        1.0002834286515884E-002
   1.3333333333333333        9.0000000000000000        8.5771556585490395E-003
   1.3333333333333333        9.3333333333333321        3.9339117543582911E-003
   1.3333333333333333        9.6666666666666661        1.8083944904361572E-003
   1.3333333333333333        10.000000000000000        0.0000000000000000     
 
   1.6666666666666665        0.0000000000000000        0.0000000000000000     
   1.6666666666666665       0.33333333333333331        1.7763145281046871E-003
   1.6666666666666665       0.66666666666666663        3.4798094548112784E-003
   1.6666666666666665        1.0000000000000000        5.0752346530928173E-003
   1.6666666666666665        1.3333333333333333        6.7371867632873552E-003
   1.6666666666666665        1.6666666666666665        1.4707085626543123E-002
   1.6666666666666665        2.0000000000000000        1.3804792347053294E-002
   1.6666666666666665        2.3333333333333330        1.4526486578761776E-002
   1.6666666666666665        2.6666666666666665        1.9109720728043594E-002
   1.6666666666666665        3.0000000000000000        4.0901743996165814E-002
   1.6666666666666665        3.3333333333333330        3.8605464186165742E-002
   1.6666666666666665        3.6666666666666665        4.2050482986201974E-002
   1.6666666666666665        4.0000000000000000        3.4513580402595799E-002
   1.6666666666666665        4.3333333333333330        3.4614138677737466E-002
   1.6666666666666665        4.6666666666666661        4.6201226132588161E-002
   1.6666666666666665        5.0000000000000000        4.7069015708529054E-002
   1.6666666666666665        5.3333333333333330        4.8966679915797680E-002
   1.6666666666666665        5.6666666666666661        6.2127641390924825E-002
   1.6666666666666665        6.0000000000000000        9.6182427851416286E-002
   1.6666666666666665        6.3333333333333330       0.10109896371223490     
   1.6666666666666665        6.6666666666666661        9.9634971505567715E-002
   1.6666666666666665        7.0000000000000000        9.2702958643250566E-002
   1.6666666666666665        7.3333333333333330        7.5720970130893725E-002
   1.6666666666666665        7.6666666666666661        9.9022210307489512E-003
   1.6666666666666665        8.0000000000000000        1.2252109922078673E-002
   1.6666666666666665        8.3333333333333321        1.5823042108917853E-002
   1.6666666666666665        8.6666666666666661        1.3350826667774941E-002
   1.6666666666666665        9.0000000000000000        1.0096560882688959E-002
   1.6666666666666665        9.3333333333333321        6.3551124790898958E-003
   1.6666666666666665        9.6666666666666661        2.6555445576538542E-003
   1.6666666666666665        10.000000000000000        0.0000000000000000     
 
   2.0000000000000000        0.0000000000000000        0.0000000000000000     
   2.0000000000000000       0.33333333333333331        2.6305953825227204E-003
   2.0000000000000000       0.66666666666666663        5.1783044116470358E-003
   2.0000000000000000        1.0000000000000000        7.5668398549169208E-003
   2.0000000000000000        1.3333333333333333        1.0084759578903158E-002
   2.0000000000000000        1.6666666666666665        1.6624175153366165E-002
   2.0000000000000000        2.0000000000000000        1.4707085626543123E-002
   2.0000000000000000        2.3333333333333330        2.8718509096977589E-002
   2.0000000000000000        2.6666666666666665        3.0456108423419941E-002
   2.0000000000000000        3.0000000000000000        4.5244906595332007E-002
   2.0000000000000000        3.3333333333333330        5.2110040180510311E-002
   2.0000000000000000        3.6666666666666665        5.7400166066748810E-002
   2.0000000000000000        4.0000000000000000        9.3591548292880758E-002
   2.0000000000000000        4.3333333333333330        8.9333039490856275E-002
   2.0000000000000000        4.6666666666666661        6.1980937276239718E-002
   2.0000000000000000        5.0000000000000000        5.3187511014497327E-002
   2.0000000000000000        5.3333333333333330        0.0000000000000000     
   2.0000000000000000        5.6666666666666661       0.18768298013468235     
   2.0000000000000000        6.0000000000000000       0.13886623641651530     
   2.0000000000000000        6.3333333333333330       0.13478004963701298     
   2.0000000000000000        6.6666666666666661       0.13294923169920056     
   2.0000000000000000        7.0000000000000000       0.12836498671003699     
   2.0000000000000000        7.3333333333333330        7.6117309870607748E-003
   2.0000000000000000        7.6666666666666661        8.3680687479515160E-003
   2.0000000000000000        8.0000000000000000        4.2707805120181436E-002
   2.0000000000000000        8.3333333333333321        2.7121705906764111E-002
   2.0000000000000000        8.6666666666666661        1.8311364218757759E-002
   2.0000000000000000        9.0000000000000000        1.2780211454995780E-002
   2.0000000000000000        9.3333333333333321        9.1830531684484844E-003
   2.0000000000000000        9.6666666666666661        1.8248993890149676E-003
   2.0000000000000000        10.000000000000000        0.0000000000000000     
 
   2.3333333333333330        0.0000000000000000        0.0000000000000000     
   2.3333333333333330       0.33333333333333331        3.7393573722821530E-003
   2.3333333333333330       0.66666666666666663        7.3726612622094026E-003
   2.3333333333333330        1.0000000000000000        1.0423000786686834E-002
   2.3333333333333330        1.3333333333333333        2.7403130171324536E-002
   2.3333333333333330        1.6666666666666665        2.8013508064751558E-002
   2.3333333333333330        2.0000000000000000        5.5446440469026741E-002
   2.3333333333333330        2.3333333333333330        6.7212080864268581E-002
   2.3333333333333330        2.6666666666666665        6.6468194472835182E-002
   2.3333333333333330        3.0000000000000000        5.9602335698320484E-002
   2.3333333333333330        3.3333333333333330        6.9406968222005996E-002
   2.3333333333333330        3.6666666666666665        8.0387897005827477E-002
   2.3333333333333330        4.0000000000000000        9.6881651701697616E-002
   2.3333333333333330        4.3333333333333330       0.11971985395112041     
   2.3333333333333330        4.6666666666666661       0.21256824556548010     
   2.3333333333333330        5.0000000000000000       0.25011604484542799     
   2.3333333333333330        5.3333333333333330       0.25639065138700895     
   2.3333333333333330        5.6666666666666661       0.23776730234555182     
   2.3333333333333330        6.0000000000000000       0.20108884140429648     
   2.3333333333333330        6.3333333333333330       0.16842210503275484     
   2.3333333333333330        6.6666666666666661       0.17126303526893902     
   2.3333333333333330        7.0000000000000000       0.16177969841614087     
   2.3333333333333330        7.3333333333333330       0.17679109595489434     
   2.3333333333333330        7.6666666666666661       0.10563196649199082     
   2.3333333333333330        8.0000000000000000        5.9826149268226617E-002
   2.3333333333333330        8.3333333333333321        3.2865664139415038E-002
   2.3333333333333330        8.6666666666666661        2.0989988357806001E-002
   2.3333333333333330        9.0000000000000000        1.4325847722198130E-002
   2.3333333333333330        9.3333333333333321        9.0318026150146297E-003
   2.3333333333333330        9.6666666666666661        3.7805897910361107E-003
   2.3333333333333330        10.000000000000000        0.0000000000000000     
 
   2.6666666666666665        0.0000000000000000        0.0000000000000000     
   2.6666666666666665       0.33333333333333331        5.1732774779359846E-003
   2.6666666666666665       0.66666666666666663        1.0574979024087765E-002
   2.6666666666666665        1.0000000000000000        1.6917892724256704E-002
   2.6666666666666665        1.3333333333333333        2.8131439669196234E-002
   2.6666666666666665        1.6666666666666665        4.1355999556246165E-002
   2.6666666666666665        2.0000000000000000        5.7563833938758996E-002
   2.6666666666666665        2.3333333333333330        6.9531449045769023E-002
   2.6666666666666665        2.6666666666666665        7.5665024139283235E-002
   2.6666666666666665        3.0000000000000000        9.6309407354703197E-002
   2.6666666666666665        3.3333333333333330        8.7926232552016412E-002
   2.6666666666666665        3.6666666666666665       0.10042423430352433     
   2.6666666666666665        4.0000000000000000       0.17272543239636434     
   2.6666666666666665        4.3333333333333330       0.17602263793926470     
   2.6666666666666665        4.6666666666666661       0.21509207213332868     
   2.6666666666666665        5.0000000000000000       0.25113973207745210     
   2.6666666666666665        5.3333333333333330       0.27479004055764789     
   2.6666666666666665        5.6666666666666661       0.26935628350994351     
   2.6666666666666665        6.0000000000000000       0.23505682842532830     
   2.6666666666666665        6.3333333333333330       0.25897596210873913     
   2.6666666666666665        6.6666666666666661       0.22359365275628026     
   2.6666666666666665        7.0000000000000000       0.18771505907866154     
   2.6666666666666665        7.3333333333333330       0.17936357368288228     
   2.6666666666666665        7.6666666666666661       0.15355953645531045     
   2.6666666666666665        8.0000000000000000        2.3531914765133454E-002
   2.6666666666666665        8.3333333333333321        2.4884903003594680E-002
   2.6666666666666665        8.6666666666666661        1.9562223836817147E-002
   2.6666666666666665        9.0000000000000000        1.5372301172402309E-002
   2.6666666666666665        9.3333333333333321        9.4345457781791833E-003
   2.6666666666666665        9.6666666666666661        4.5250297790472467E-003
   2.6666666666666665        10.000000000000000        0.0000000000000000     
 
   3.0000000000000000        0.0000000000000000        0.0000000000000000     
   3.0000000000000000       0.33333333333333331        6.6527338528771457E-003
   3.0000000000000000       0.66666666666666663        1.3380284170888681E-002
   3.0000000000000000        1.0000000000000000        1.9371877529936739E-002
   3.0000000000000000        1.3333333333333333        4.8714204078377600E-002
   3.0000000000000000        1.6666666666666665        5.3338486935936472E-002
   3.0000000000000000        2.0000000000000000        6.5914460141293513E-002
   3.0000000000000000        2.3333333333333330        7.9854125265704234E-002
   3.0000000000000000        2.6666666666666665        9.3206876967698471E-002
   3.0000000000000000        3.0000000000000000       0.10692911134561750     
   3.0000000000000000        3.3333333333333330       0.14462425521320249     
   3.0000000000000000        3.6666666666666665       0.13523336357209886     
   3.0000000000000000        4.0000000000000000       0.19633147782058288     
   3.0000000000000000        4.3333333333333330       0.19940662545632259     
   3.0000000000000000        4.6666666666666661       0.22267442728343004     
   3.0000000000000000        5.0000000000000000       0.26513082753061568     
   3.0000000000000000        5.3333333333333330       0.32133609736724267     
   3.0000000000000000        5.6666666666666661       0.32879364456238203     
   3.0000000000000000        6.0000000000000000       0.34251410516765313     
   3.0000000000000000        6.3333333333333330       0.29350307810681209     
   3.0000000000000000        6.6666666666666661       0.27669476924400566     
   3.0000000000000000        7.0000000000000000       0.22737730823644106     
   3.0000000000000000        7.3333333333333330       0.20146986137512415     
   3.0000000000000000        7.6666666666666661       0.17790402350397264     
   3.0000000000000000        8.0000000000000000       0.14031563562656926     
   3.0000000000000000        8.3333333333333321        1.6944344443370635E-002
   3.0000000000000000        8.6666666666666661        1.8149763579670714E-002
   3.0000000000000000        9.0000000000000000        1.9126975984725531E-002
   3.0000000000000000        9.3333333333333321        9.6492921303615205E-003
   3.0000000000000000        9.6666666666666661        5.1895480414687056E-003
   3.0000000000000000        10.000000000000000        0.0000000000000000     
 
   3.3333333333333330        0.0000000000000000        0.0000000000000000     
   3.3333333333333330       0.33333333333333331        8.3799828685620185E-003
   3.3333333333333330       0.66666666666666663        1.7549144111247531E-002
   3.3333333333333330        1.0000000000000000        2.8687789678919585E-002
   3.3333333333333330        1.3333333333333333        4.5816962626202926E-002
   3.3333333333333330        1.6666666666666665        5.9157295874923466E-002
   3.3333333333333330        2.0000000000000000        7.4838816654084261E-002
   3.3333333333333330        2.3333333333333330        9.2768673039686736E-002
   3.3333333333333330        2.6666666666666665       0.11235813422357471     
   3.3333333333333330        3.0000000000000000       0.13319366229796767     
   3.3333333333333330        3.3333333333333330       0.15553926308467952     
   3.3333333333333330        3.6666666666666665       0.16236018911087660     
   3.3333333333333330        4.0000000000000000       0.20536236694720081     
   3.3333333333333330        4.3333333333333330       0.20518534783400177     
   3.3333333333333330        4.6666666666666661       0.21282432973390866     
   3.3333333333333330        5.0000000000000000       0.45913013465244346     
   3.3333333333333330        5.3333333333333330       0.41323831129916588     
   3.3333333333333330        5.6666666666666661       0.39179425895160763     
   3.3333333333333330        6.0000000000000000       0.38684872880521176     
   3.3333333333333330        6.3333333333333330       0.35312814449493135     
   3.3333333333333330        6.6666666666666661       0.31128944567129152     
   3.3333333333333330        7.0000000000000000       0.25397391600896291     
   3.3333333333333330        7.3333333333333330       0.22272742855272423     
   3.3333333333333330        7.6666666666666661       0.18073902670764361     
   3.3333333333333330        8.0000000000000000       0.14360819564117686     
   3.3333333333333330        8.3333333333333321        7.4404265402926634E-002
   3.3333333333333330        8.6666666666666661        3.5471099278719241E-002
   3.3333333333333330        9.0000000000000000        2.5028667529160619E-002
   3.3333333333333330        9.3333333333333321        1.4695267593085065E-002
   3.3333333333333330        9.6666666666666661        6.9101289559408471E-003
   3.3333333333333330        10.000000000000000        0.0000000000000000     
 
   3.6666666666666665        0.0000000000000000        0.0000000000000000     
   3.6666666666666665       0.33333333333333331        9.6926551461045743E-003
   3.6666666666666665       0.66666666666666663        2.0492972648702926E-002
   3.6666666666666665        1.0000000000000000        3.3125000387915854E-002
   3.6666666666666665        1.3333333333333333        4.8265314626656244E-002
   3.6666666666666665        1.6666666666666665        6.4383632796375059E-002
   3.6666666666666665        2.0000000000000000        8.3339978350415220E-002
   3.6666666666666665        2.3333333333333330       0.10579781888906095     
   3.6666666666666665        2.6666666666666665       0.13186379379976093     
   3.6666666666666665        3.0000000000000000       0.15930793371459312     
   3.6666666666666665        3.3333333333333330       0.18308726980992338     
   3.6666666666666665        3.6666666666666665       0.19741154208720527     
   3.6666666666666665        4.0000000000000000       0.20735307250390678     
   3.6666666666666665        4.3333333333333330       0.20536236694720081     
   3.6666666666666665        4.6666666666666661       0.53708307991838755     
   3.6666666666666665        5.0000000000000000       0.49385689492830231     
   3.6666666666666665        5.3333333333333330       0.47206011119453839     
   3.6666666666666665        5.6666666666666661       0.43090873001337621     
   3.6666666666666665        6.0000000000000000       0.41911380067956922     
   3.6666666666666665        6.3333333333333330       0.38953711799773100     
   3.6666666666666665        6.6666666666666661       0.35803833711212074     
   3.6666666666666665        7.0000000000000000       0.28760522218452561     
   3.6666666666666665        7.3333333333333330       0.25543752214114884     
   3.6666666666666665        7.6666666666666661       0.10938795487875404     
   3.6666666666666665        8.0000000000000000       0.11265142326289138     
   3.6666666666666665        8.3333333333333321        7.7329723440442200E-002
   3.6666666666666665        8.6666666666666661        4.7639633522715115E-002
   3.6666666666666665        9.0000000000000000        3.2148970222874031E-002
   3.6666666666666665        9.3333333333333321        1.8018293436293128E-002
   3.6666666666666665        9.6666666666666661        8.1594884183407573E-003
   3.6666666666666665        10.000000000000000        0.0000000000000000     
 
   4.0000000000000000        0.0000000000000000        0.0000000000000000     
   4.0000000000000000       0.33333333333333331        1.0309899983443022E-002
   4.0000000000000000       0.66666666666666663        2.2428835369321169E-002
   4.0000000000000000        1.0000000000000000        3.6264664473613345E-002
   4.0000000000000000        1.3333333333333333        5.1272647420187917E-002
   4.0000000000000000        1.6666666666666665        6.8470252817578639E-002
   4.0000000000000000        2.0000000000000000        9.0029454675771836E-002
   4.0000000000000000        2.3333333333333330       0.11671375497256348     
   4.0000000000000000        2.6666666666666665       0.15109289510044316     
   4.0000000000000000        3.0000000000000000       0.18969303021341019     
   4.0000000000000000        3.3333333333333330       0.22031662720126244     
   4.0000000000000000        3.6666666666666665       0.23711046893720644     
   4.0000000000000000        4.0000000000000000       0.22229640192673580     
   4.0000000000000000        4.3333333333333330       0.57429944678967282     
   4.0000000000000000        4.6666666666666661       0.56449515213004420     
   4.0000000000000000        5.0000000000000000       0.56762154164033396     
   4.0000000000000000        5.3333333333333330       0.53789296224056082     
   4.0000000000000000        5.6666666666666661       0.50049012045638708     
   4.0000000000000000        6.0000000000000000       0.45996460731335098     
   4.0000000000000000        6.3333333333333330       0.42032318159339105     
   4.0000000000000000        6.6666666666666661       0.36749342947487690     
   4.0000000000000000        7.0000000000000000       0.31763211132935126     
   4.0000000000000000        7.3333333333333330       0.20904488641754271     
   4.0000000000000000        7.6666666666666661       0.13785513390240434     
   4.0000000000000000        8.0000000000000000       0.12321956321247993     
   4.0000000000000000        8.3333333333333321        8.5939700437613065E-002
   4.0000000000000000        8.6666666666666661        4.8126787756505723E-002
   4.0000000000000000        9.0000000000000000        3.9437431047480626E-002
   4.0000000000000000        9.3333333333333321        1.4686385918436174E-002
   4.0000000000000000        9.6666666666666661        8.1573609311270598E-003
   4.0000000000000000        10.000000000000000        0.0000000000000000     
 
   4.3333333333333330        0.0000000000000000        0.0000000000000000     
   4.3333333333333330       0.33333333333333331        9.5457983797928754E-003
   4.3333333333333330       0.66666666666666663        2.3527274991674698E-002
   4.3333333333333330        1.0000000000000000        3.9526028196731233E-002
   4.3333333333333330        1.3333333333333333        5.3664730294754735E-002
   4.3333333333333330        1.6666666666666665        6.9877856596980342E-002
   4.3333333333333330        2.0000000000000000        9.3175460284503533E-002
   4.3333333333333330        2.3333333333333330       0.12117130103034547     
   4.3333333333333330        2.6666666666666665       0.16661860712805626     
   4.3333333333333330        3.0000000000000000       0.22760074538835409     
   4.3333333333333330        3.3333333333333330       0.27010636070887017     
   4.3333333333333330        3.6666666666666665       0.30690348554388175     
   4.3333333333333330        4.0000000000000000       0.54757815973735446     
   4.3333333333333330        4.3333333333333330       0.56557770583599920     
   4.3333333333333330        4.6666666666666661       0.58860494914713057     
   4.3333333333333330        5.0000000000000000       0.57809711535378350     
   4.3333333333333330        5.3333333333333330       0.55689420174178395     
   4.3333333333333330        5.6666666666666661       0.52625924186748396     
   4.3333333333333330        6.0000000000000000       0.48789052695456159     
   4.3333333333333330        6.3333333333333330       0.45471586973133094     
   4.3333333333333330        6.6666666666666661       0.35109214559463464     
   4.3333333333333330        7.0000000000000000       0.29381828502723512     
   4.3333333333333330        7.3333333333333330       0.20933521996562537     
   4.3333333333333330        7.6666666666666661       0.15476731422546000     
   4.3333333333333330        8.0000000000000000       0.12174501284221576     
   4.3333333333333330        8.3333333333333321        8.8493842844003967E-002
   4.3333333333333330        8.6666666666666661        5.8742104912985066E-002
   4.3333333333333330        9.0000000000000000        3.9756577951823593E-002
   4.3333333333333330        9.3333333333333321        2.1933897513719273E-002
   4.3333333333333330        9.6666666666666661        1.0202246339555094E-002
   4.3333333333333330        10.000000000000000        0.0000000000000000     
 
   4.6666666666666661        0.0000000000000000        0.0000000000000000     
   4.6666666666666661       0.33333333333333331        4.7402025212498720E-003
   4.6666666666666661       0.66666666666666663        4.4234840951538186E-002
   4.6666666666666661        1.0000000000000000        4.6073032566967986E-002
   4.6666666666666661        1.3333333333333333        5.5651042314478122E-002
   4.6666666666666661        1.6666666666666665        6.5934488455931667E-002
   4.6666666666666661        2.0000000000000000       0.10130842995893667     
   4.6666666666666661        2.3333333333333330       0.10934882168645470     
   4.6666666666666661        2.6666666666666665       0.28553329486919471     
   4.6666666666666661        3.0000000000000000       0.28215823855983735     
   4.6666666666666661        3.3333333333333330       0.32214236437007976     
   4.6666666666666661        3.6666666666666665       0.40844794344261404     
   4.6666666666666661        4.0000000000000000       0.51205707547870472     
   4.6666666666666661        4.3333333333333330       0.55642206916153225     
   4.6666666666666661        4.6666666666666661       0.57842627858475348     
   4.6666666666666661        5.0000000000000000       0.57926420826725422     
   4.6666666666666661        5.3333333333333330       0.56676104824469109     
   4.6666666666666661        5.6666666666666661       0.54321039054989828     
   4.6666666666666661        6.0000000000000000       0.49662152307632218     
   4.6666666666666661        6.3333333333333330       0.44406504581386130     
   4.6666666666666661        6.6666666666666661       0.40208983463179054     
   4.6666666666666661        7.0000000000000000       0.17817813847774266     
   4.6666666666666661        7.3333333333333330       0.17969917811055708     
   4.6666666666666661        7.6666666666666661       0.15177643662074017     
   4.6666666666666661        8.0000000000000000       0.12274929184814097     
   4.6666666666666661        8.3333333333333321        8.9866273551499246E-002
   4.6666666666666661        8.6666666666666661        6.0591803524079099E-002
   4.6666666666666661        9.0000000000000000        4.0512009791942243E-002
   4.6666666666666661        9.3333333333333321        2.4069657092310213E-002
   4.6666666666666661        9.6666666666666661        1.1204956727135283E-002
   4.6666666666666661        10.000000000000000        0.0000000000000000     
 
   5.0000000000000000        0.0000000000000000        0.0000000000000000     
   5.0000000000000000       0.33333333333333331        4.8816210686021119E-003
   5.0000000000000000       0.66666666666666663        3.7918979585931198E-002
   5.0000000000000000        1.0000000000000000        4.6605898181950427E-002
   5.0000000000000000        1.3333333333333333        5.8749147791863077E-002
   5.0000000000000000        1.6666666666666665        7.4156333568024729E-002
   5.0000000000000000        2.0000000000000000        9.5192866540037252E-002
   5.0000000000000000        2.3333333333333330       0.10726895052803376     
   5.0000000000000000        2.6666666666666665       0.29280034907277852     
   5.0000000000000000        3.0000000000000000       0.28984548879617184     
   5.0000000000000000        3.3333333333333330       0.49678258397374803     
   5.0000000000000000        3.6666666666666665       0.48263481533625674     
   5.0000000000000000        4.0000000000000000       0.52021473580581434     
   5.0000000000000000        4.3333333333333330       0.55147436241188341     
   5.0000000000000000        4.6666666666666661       0.56959127367636186     
   5.0000000000000000        5.0000000000000000       0.57374896995468772     
   5.0000000000000000        5.3333333333333330       0.56839964430031276     
   5.0000000000000000        5.6666666666666661       0.56543694272611100     
   5.0000000000000000        6.0000000000000000       0.41418687171627289     
   5.0000000000000000        6.3333333333333330       0.41142738664656431     
   5.0000000000000000        6.6666666666666661       0.30693485938940929     
   5.0000000000000000        7.0000000000000000       0.20629309962396708     
   5.0000000000000000        7.3333333333333330       0.18066395036986724     
   5.0000000000000000        7.6666666666666661       0.15164322366634864     
   5.0000000000000000        8.0000000000000000       0.12976876544718369     
   5.0000000000000000        8.3333333333333321        6.5173105671838524E-002
   5.0000000000000000        8.6666666666666661        5.5248197286724379E-002
   5.0000000000000000        9.0000000000000000        3.9218493830051590E-002
   5.0000000000000000        9.3333333333333321        2.3680689818964727E-002
   5.0000000000000000        9.6666666666666661        1.1071610090110807E-002
   5.0000000000000000        10.000000000000000        0.0000000000000000     
 
   5.3333333333333330        0.0000000000000000        0.0000000000000000     
   5.3333333333333330       0.33333333333333331        1.0119067290700973E-002
   5.3333333333333330       0.66666666666666663        3.0739250280780641E-002
   5.3333333333333330        1.0000000000000000        4.5389394927406630E-002
   5.3333333333333330        1.3333333333333333        6.0441910341548145E-002
   5.3333333333333330        1.6666666666666665        7.8690229966019903E-002
   5.3333333333333330        2.0000000000000000        9.9968789972124647E-002
   5.3333333333333330        2.3333333333333330       0.11906356522480221     
   5.3333333333333330        2.6666666666666665       0.26049758481822571     
   5.3333333333333330        3.0000000000000000       0.29135992194946714     
   5.3333333333333330        3.3333333333333330       0.47045469799355588     
   5.3333333333333330        3.6666666666666665       0.49165975570629700     
   5.3333333333333330        4.0000000000000000       0.51906546348589122     
   5.3333333333333330        4.3333333333333330       0.54204147193715113     
   5.3333333333333330        4.6666666666666661       0.55570421793285851     
   5.3333333333333330        5.0000000000000000       0.55822707472794475     
   5.3333333333333330        5.3333333333333330       0.54831818115835085     
   5.3333333333333330        5.6666666666666661       0.43240722280200772     
   5.3333333333333330        6.0000000000000000       0.40745072935975463     
   5.3333333333333330        6.3333333333333330       0.36657853968312526     
   5.3333333333333330        6.6666666666666661       0.30318078093647199     
   5.3333333333333330        7.0000000000000000       0.23214457990114165     
   5.3333333333333330        7.3333333333333330       0.18606169890623087     
   5.3333333333333330        7.6666666666666661       0.14610362941669888     
   5.3333333333333330        8.0000000000000000       0.11702401977982287     
   5.3333333333333330        8.3333333333333321        7.7331886082752863E-002
   5.3333333333333330        8.6666666666666661        5.8027318012576413E-002
   5.3333333333333330        9.0000000000000000        3.9023425750306803E-002
   5.3333333333333330        9.3333333333333321        2.1417944847231796E-002
   5.3333333333333330        9.6666666666666661        9.9252464749531536E-003
   5.3333333333333330        10.000000000000000        0.0000000000000000     
 
   5.6666666666666661        0.0000000000000000        0.0000000000000000     
   5.6666666666666661       0.33333333333333331        5.2793151859901813E-003
   5.6666666666666661       0.66666666666666663        1.2577657288782674E-002
   5.6666666666666661        1.0000000000000000        4.1492728563914519E-002
   5.6666666666666661        1.3333333333333333        6.0764469366619452E-002
   5.6666666666666661        1.6666666666666665        8.2115696878048872E-002
   5.6666666666666661        2.0000000000000000       0.10878078213157594     
   5.6666666666666661        2.3333333333333330       0.15149611556202200     
   5.6666666666666661        2.6666666666666665       0.22740065264319714     
   5.6666666666666661        3.0000000000000000       0.32035560348909187     
   5.6666666666666661        3.3333333333333330       0.43744583436348738     
   5.6666666666666661        3.6666666666666665       0.48124508389891441     
   5.6666666666666661        4.0000000000000000       0.50734916394541207     
   5.6666666666666661        4.3333333333333330       0.52531406440245498     
   5.6666666666666661        4.6666666666666661       0.53518743113310108     
   5.6666666666666661        5.0000000000000000       0.53686131571080653     
   5.6666666666666661        5.3333333333333330       0.50046867932047412     
   5.6666666666666661        5.6666666666666661       0.44674218535844384     
   5.6666666666666661        6.0000000000000000       0.34020796604150289     
   5.6666666666666661        6.3333333333333330       0.33717533075775541     
   5.6666666666666661        6.6666666666666661       0.23880163406013544     
   5.6666666666666661        7.0000000000000000       0.18093017110695198     
   5.6666666666666661        7.3333333333333330       0.13493871922844056     
   5.6666666666666661        7.6666666666666661       0.13142477665002872     
   5.6666666666666661        8.0000000000000000        7.7418814526350258E-002
   5.6666666666666661        8.3333333333333321        7.1378875735460298E-002
   5.6666666666666661        8.6666666666666661        6.2602678234914486E-002
   5.6666666666666661        9.0000000000000000        1.3243137247328660E-002
   5.6666666666666661        9.3333333333333321        1.4030722004506908E-002
   5.6666666666666661        9.6666666666666661        7.7011436972300052E-003
   5.6666666666666661        10.000000000000000        0.0000000000000000     
 
   6.0000000000000000        0.0000000000000000        0.0000000000000000     
   6.0000000000000000       0.33333333333333331        5.9644577835529086E-003
   6.0000000000000000       0.66666666666666663        1.3241834608828088E-002
   6.0000000000000000        1.0000000000000000        2.3633376243599038E-002
   6.0000000000000000        1.3333333333333333        0.0000000000000000     
   6.0000000000000000        1.6666666666666665       0.10059790225402684     
   6.0000000000000000        2.0000000000000000       0.10334614492782362     
   6.0000000000000000        2.3333333333333330       0.15197472031122936     
   6.0000000000000000        2.6666666666666665       0.17595590582187834     
   6.0000000000000000        3.0000000000000000       0.47870924580447211     
   6.0000000000000000        3.3333333333333330       0.46777085411560176     
   6.0000000000000000        3.6666666666666665       0.47638246666149270     
   6.0000000000000000        4.0000000000000000       0.49003559610781144     
   6.0000000000000000        4.3333333333333330       0.50162041367316823     
   6.0000000000000000        4.6666666666666661       0.50683925933129392     
   6.0000000000000000        5.0000000000000000       0.45761323948233035     
   6.0000000000000000        5.3333333333333330       0.45523184800194366     
   6.0000000000000000        5.6666666666666661       0.39577384546490257     
   6.0000000000000000        6.0000000000000000       0.33750431892659494     
   6.0000000000000000        6.3333333333333330       0.29910777012767004     
   6.0000000000000000        6.6666666666666661       0.23754407855564036     
   6.0000000000000000        7.0000000000000000       0.18169392017058933     
   6.0000000000000000        7.3333333333333330       0.14045440417892979     
   6.0000000000000000        7.6666666666666661       0.11529063511104626     
   6.0000000000000000        8.0000000000000000        8.5992134652696881E-002
   6.0000000000000000        8.3333333333333321        7.0605054222558514E-002
   6.0000000000000000        8.6666666666666661        6.0748356879572342E-002
   6.0000000000000000        9.0000000000000000        2.1048908132436695E-002
   6.0000000000000000        9.3333333333333321        1.4519673933175400E-002
   6.0000000000000000        9.6666666666666661        7.2692270143283541E-003
   6.0000000000000000        10.000000000000000        0.0000000000000000     
 
   6.3333333333333330        0.0000000000000000        0.0000000000000000     
   6.3333333333333330       0.33333333333333331        5.6365598121488024E-003
   6.3333333333333330       0.66666666666666663        1.1428692598898126E-002
   6.3333333333333330        1.0000000000000000        1.7132834410411479E-002
   6.3333333333333330        1.3333333333333333        5.0820835790524786E-002
   6.3333333333333330        1.6666666666666665        8.7513424210452495E-002
   6.3333333333333330        2.0000000000000000       0.10316054068977791     
   6.3333333333333330        2.3333333333333330       0.12981529293306171     
   6.3333333333333330        2.6666666666666665       0.14944165427633108     
   6.3333333333333330        3.0000000000000000       0.16699827251717730     
   6.3333333333333330        3.3333333333333330       0.46481027492720151     
   6.3333333333333330        3.6666666666666665       0.45526774404085479     
   6.3333333333333330        4.0000000000000000       0.46264848323322411     
   6.3333333333333330        4.3333333333333330       0.47121711794658083     
   6.3333333333333330        4.6666666666666661       0.47004869236650088     
   6.3333333333333330        5.0000000000000000       0.44859186276818891     
   6.3333333333333330        5.3333333333333330       0.33189737594028079     
   6.3333333333333330        5.6666666666666661       0.33483082044915868     
   6.3333333333333330        6.0000000000000000       0.30915991447135049     
   6.3333333333333330        6.3333333333333330       0.28019496186505083     
   6.3333333333333330        6.6666666666666661       0.22910844096602775     
   6.3333333333333330        7.0000000000000000       0.16833954961717937     
   6.3333333333333330        7.3333333333333330       0.13155859932297320     
   6.3333333333333330        7.6666666666666661       0.10544376738564218     
   6.3333333333333330        8.0000000000000000        8.3082408469492122E-002
   6.3333333333333330        8.3333333333333321        6.6733020894528441E-002
   6.3333333333333330        8.6666666666666661        5.1372702608704746E-002
   6.3333333333333330        9.0000000000000000        2.8708545500184392E-002
   6.3333333333333330        9.3333333333333321        1.6536609135257872E-002
   6.3333333333333330        9.6666666666666661        7.2718413201716585E-003
   6.3333333333333330        10.000000000000000        0.0000000000000000     
 
   6.6666666666666661        0.0000000000000000        0.0000000000000000     
   6.6666666666666661       0.33333333333333331        5.4567277639368745E-003
   6.6666666666666661       0.66666666666666663        1.0289624054109808E-002
   6.6666666666666661        1.0000000000000000        4.1186350183368789E-002
   6.6666666666666661        1.3333333333333333        5.3411386895975646E-002
   6.6666666666666661        1.6666666666666665        7.4719383592044983E-002
   6.6666666666666661        2.0000000000000000        9.4679060491281247E-002
   6.6666666666666661        2.3333333333333330       0.11708617799971420     
   6.6666666666666661        2.6666666666666665       0.14460132990549679     
   6.6666666666666661        3.0000000000000000       0.16976135096119790     
   6.6666666666666661        3.3333333333333330       0.33699854013460484     
   6.6666666666666661        3.6666666666666665       0.40773224313247564     
   6.6666666666666661        4.0000000000000000       0.42393619747215650     
   6.6666666666666661        4.3333333333333330       0.43964811216176525     
   6.6666666666666661        4.6666666666666661       0.44230409663156317     
   6.6666666666666661        5.0000000000000000       0.40765514093881577     
   6.6666666666666661        5.3333333333333330       0.32370795850432849     
   6.6666666666666661        5.6666666666666661       0.29688778106762415     
   6.6666666666666661        6.0000000000000000       0.27967391380010337     
   6.6666666666666661        6.3333333333333330       0.16172690438163789     
   6.6666666666666661        6.6666666666666661       0.13063936897414458     
   6.6666666666666661        7.0000000000000000       0.13176694264988476     
   6.6666666666666661        7.3333333333333330       0.11375130777990536     
   6.6666666666666661        7.6666666666666661        9.4057044348194188E-002
   6.6666666666666661        8.0000000000000000        7.6552022931005326E-002
   6.6666666666666661        8.3333333333333321        6.4217151729162314E-002
   6.6666666666666661        8.6666666666666661        3.0018076724218055E-002
   6.6666666666666661        9.0000000000000000        2.7283961926553951E-002
   6.6666666666666661        9.3333333333333321        1.0191895713628440E-002
   6.6666666666666661        9.6666666666666661        5.7015180608013787E-003
   6.6666666666666661        10.000000000000000        0.0000000000000000     
 
   7.0000000000000000        0.0000000000000000        0.0000000000000000     
   7.0000000000000000       0.33333333333333331        6.2174047734651358E-003
   7.0000000000000000       0.66666666666666663        1.4565995822566595E-002
   7.0000000000000000        1.0000000000000000        3.1057302527038543E-002
   7.0000000000000000        1.3333333333333333        4.9398808930698555E-002
   7.0000000000000000        1.6666666666666665        6.6057317696577522E-002
   7.0000000000000000        2.0000000000000000        8.6599145032589100E-002
   7.0000000000000000        2.3333333333333330       0.10199193824522661     
   7.0000000000000000        2.6666666666666665       0.17135994730217666     
   7.0000000000000000        3.0000000000000000       0.20001522103462377     
   7.0000000000000000        3.3333333333333330       0.26252476130582669     
   7.0000000000000000        3.6666666666666665       0.33507905341701055     
   7.0000000000000000        4.0000000000000000       0.37790770620662800     
   7.0000000000000000        4.3333333333333330       0.41228591462518510     
   7.0000000000000000        4.6666666666666661       0.14708252282992779     
   7.0000000000000000        5.0000000000000000       0.22580301715701501     
   7.0000000000000000        5.3333333333333330       0.25352602058817048     
   7.0000000000000000        5.6666666666666661       0.24548998659901231     
   7.0000000000000000        6.0000000000000000       0.22982126116536389     
   7.0000000000000000        6.3333333333333330       0.16305849713232792     
   7.0000000000000000        6.6666666666666661       0.13155096388343862     
   7.0000000000000000        7.0000000000000000       0.11619070894556584     
   7.0000000000000000        7.3333333333333330        9.9756198999591567E-002
   7.0000000000000000        7.6666666666666661        8.2813877195528268E-002
   7.0000000000000000        8.0000000000000000        6.7236619789738578E-002
   7.0000000000000000        8.3333333333333321        5.1689778512198054E-002
   7.0000000000000000        8.6666666666666661        3.4364592158083566E-002
   7.0000000000000000        9.0000000000000000        2.4599778688598476E-002
   7.0000000000000000        9.3333333333333321        1.5330219834398124E-002
   7.0000000000000000        9.6666666666666661        2.0928080590936400E-003
   7.0000000000000000        10.000000000000000        0.0000000000000000     
 
   7.3333333333333330        0.0000000000000000        0.0000000000000000     
   7.3333333333333330       0.33333333333333331        5.2168530706839852E-003
   7.3333333333333330       0.66666666666666663        1.1524104197768139E-002
   7.3333333333333330        1.0000000000000000        2.0701453507217672E-002
   7.3333333333333330        1.3333333333333333        5.0145995711593019E-002
   7.3333333333333330        1.6666666666666665        5.6288517611946406E-002
   7.3333333333333330        2.0000000000000000        8.7509386662851366E-002
   7.3333333333333330        2.3333333333333330       0.10525022228428962     
   7.3333333333333330        2.6666666666666665       0.14477409002555727     
   7.3333333333333330        3.0000000000000000       0.19776293697196232     
   7.3333333333333330        3.3333333333333330       0.24983343696244634     
   7.3333333333333330        3.6666666666666665       0.28906600577760277     
   7.3333333333333330        4.0000000000000000       0.33507905341701055     
   7.3333333333333330        4.3333333333333330       0.14708252282992779     
   7.3333333333333330        4.6666666666666661       0.14914783266657297     
   7.3333333333333330        5.0000000000000000       0.19729018691984421     
   7.3333333333333330        5.3333333333333330       0.21711918166224858     
   7.3333333333333330        5.6666666666666661       0.19992271423176294     
   7.3333333333333330        6.0000000000000000       0.12297364966244777     
   7.3333333333333330        6.3333333333333330       0.13021210335335670     
   7.3333333333333330        6.6666666666666661       0.11829098464637082     
   7.3333333333333330        7.0000000000000000       0.10392069789625166     
   7.3333333333333330        7.3333333333333330        8.8635445217643674E-002
   7.3333333333333330        7.6666666666666661        7.2599191182229100E-002
   7.3333333333333330        8.0000000000000000        6.0206902179426529E-002
   7.3333333333333330        8.3333333333333321        4.3028502715002422E-002
   7.3333333333333330        8.6666666666666661        3.2840424435014628E-002
   7.3333333333333330        9.0000000000000000        2.2767689373965103E-002
   7.3333333333333330        9.3333333333333321        1.2119674584479634E-002
   7.3333333333333330        9.6666666666666661        4.3285079064910581E-003
   7.3333333333333330        10.000000000000000        0.0000000000000000     
 
   7.6666666666666661        0.0000000000000000        0.0000000000000000     
   7.6666666666666661       0.33333333333333331        3.4531789507351524E-003
   7.6666666666666661       0.66666666666666663        6.3056054459707063E-003
   7.6666666666666661        1.0000000000000000        4.4017633043871296E-002
   7.6666666666666661        1.3333333333333333        4.6932442015507503E-002
   7.6666666666666661        1.6666666666666665        5.5576151085031923E-002
   7.6666666666666661        2.0000000000000000        7.2883813180877458E-002
   7.6666666666666661        2.3333333333333330        8.9686614276383386E-002
   7.6666666666666661        2.6666666666666665       0.10714669889135878     
   7.6666666666666661        3.0000000000000000        9.7285482438542445E-002
   7.6666666666666661        3.3333333333333330       0.18101797559784705     
   7.6666666666666661        3.6666666666666665       0.23483810587493159     
   7.6666666666666661        4.0000000000000000        4.5710543687677511E-002
   7.6666666666666661        4.3333333333333330        8.8707436480775795E-002
   7.6666666666666661        4.6666666666666661       0.10690869142700382     
   7.6666666666666661        5.0000000000000000        7.5511043503219993E-002
   7.6666666666666661        5.3333333333333330       0.13523789331398708     
   7.6666666666666661        5.6666666666666661       0.13688691634122394     
   7.6666666666666661        6.0000000000000000       0.11788636977276537     
   7.6666666666666661        6.3333333333333330       0.11853933978680273     
   7.6666666666666661        6.6666666666666661       0.10979217314841755     
   7.6666666666666661        7.0000000000000000        9.5064787603091200E-002
   7.6666666666666661        7.3333333333333330        8.0759120695603939E-002
   7.6666666666666661        7.6666666666666661        6.1113419650084468E-002
   7.6666666666666661        8.0000000000000000        2.6027887086006913E-002
   7.6666666666666661        8.3333333333333321        2.9281879343484342E-002
   7.6666666666666661        8.6666666666666661        1.2140556023694130E-002
   7.6666666666666661        9.0000000000000000        6.9224134708411929E-003
   7.6666666666666661        9.3333333333333321        6.7930751253615284E-003
   7.6666666666666661        9.6666666666666661        3.3850578375147684E-003
   7.6666666666666661        10.000000000000000        0.0000000000000000     
 
   8.0000000000000000        0.0000000000000000        0.0000000000000000     
   8.0000000000000000       0.33333333333333331        2.5273733807886444E-003
   8.0000000000000000       0.66666666666666663        4.3628526071153671E-003
   8.0000000000000000        1.0000000000000000        3.8200911329192760E-002
   8.0000000000000000        1.3333333333333333        4.0855350652059065E-002
   8.0000000000000000        1.6666666666666665        4.9131019978472260E-002
   8.0000000000000000        2.0000000000000000        6.1834152889774251E-002
   8.0000000000000000        2.3333333333333330        7.6570162875988793E-002
   8.0000000000000000        2.6666666666666665        8.9995207663357682E-002
   8.0000000000000000        3.0000000000000000       0.10089971916137914     
   8.0000000000000000        3.3333333333333330       0.12905436090973335     
   8.0000000000000000        3.6666666666666665        4.5710543687677511E-002
   8.0000000000000000        4.0000000000000000        4.8102158996088794E-002
   8.0000000000000000        4.3333333333333330        7.3173519183140870E-002
   8.0000000000000000        4.6666666666666661        8.5366536626285613E-002
   8.0000000000000000        5.0000000000000000        7.8851943357710189E-002
   8.0000000000000000        5.3333333333333330        8.0196353500417483E-002
   8.0000000000000000        5.6666666666666661        9.5910645109006223E-002
   8.0000000000000000        6.0000000000000000        9.5189428971272486E-002
   8.0000000000000000        6.3333333333333330        0.0000000000000000     
   8.0000000000000000        6.6666666666666661        8.5142323896335873E-002
   8.0000000000000000        7.0000000000000000        8.8521223570149063E-002
   8.0000000000000000        7.3333333333333330        2.4341403216595114E-002
   8.0000000000000000        7.6666666666666661        3.2177881968592996E-002
   8.0000000000000000        8.0000000000000000        2.4260791554396220E-002
   8.0000000000000000        8.3333333333333321        2.0346384526174231E-002
   8.0000000000000000        8.6666666666666661        1.3053818736778184E-002
   8.0000000000000000        9.0000000000000000        7.5857604493566018E-003
   8.0000000000000000        9.3333333333333321        5.2285668393444373E-003
   8.0000000000000000        9.6666666666666661        2.6636156613014769E-003
   8.0000000000000000        10.000000000000000        0.0000000000000000     
 
   8.3333333333333321        0.0000000000000000        0.0000000000000000     
   8.3333333333333321       0.33333333333333331        2.4872727606495555E-003
   8.3333333333333321       0.66666666666666663        4.5868900368905953E-003
   8.3333333333333321        1.0000000000000000        2.3091097130671524E-002
   8.3333333333333321        1.3333333333333333        3.1778326921388371E-002
   8.3333333333333321        1.6666666666666665        4.1035010896113583E-002
   8.3333333333333321        2.0000000000000000        5.1731388632557100E-002
   8.3333333333333321        2.3333333333333330        6.7932523567948488E-002
   8.3333333333333321        2.6666666666666665        7.8640324318285271E-002
   8.3333333333333321        3.0000000000000000        9.0638746124305850E-002
   8.3333333333333321        3.3333333333333330       0.10819007838706562     
   8.3333333333333321        3.6666666666666665        2.8358234788764761E-002
   8.3333333333333321        4.0000000000000000        3.0130722234647949E-002
   8.3333333333333321        4.3333333333333330        1.0437078533018085E-002
   8.3333333333333321        4.6666666666666661        8.7240739642558320E-003
   8.3333333333333321        5.0000000000000000        6.4328552556379440E-002
   8.3333333333333321        5.3333333333333330        6.6658614382016507E-002
   8.3333333333333321        5.6666666666666661        7.3371232617546731E-002
   8.3333333333333321        6.0000000000000000        7.3884131829951391E-002
   8.3333333333333321        6.3333333333333330        3.2914512916641402E-002
   8.3333333333333321        6.6666666666666661        0.0000000000000000     
   8.3333333333333321        7.0000000000000000        1.4849049074541185E-002
   8.3333333333333321        7.3333333333333330        1.7849567730650641E-002
   8.3333333333333321        7.6666666666666661        2.0538552602010915E-002
   8.3333333333333321        8.0000000000000000        1.9867861985927167E-002
   8.3333333333333321        8.3333333333333321        1.6018041068572148E-002
   8.3333333333333321        8.6666666666666661        5.7812992326381485E-003
   8.3333333333333321        9.0000000000000000        5.7222441568580270E-003
   8.3333333333333321        9.3333333333333321        4.2811212470849607E-003
   8.3333333333333321        9.6666666666666661        2.2517301864027283E-003
   8.3333333333333321        10.000000000000000        0.0000000000000000     
 
   8.6666666666666661        0.0000000000000000        0.0000000000000000     
   8.6666666666666661       0.33333333333333331        3.0405488224624559E-003
   8.6666666666666661       0.66666666666666663        7.2852174977225178E-003
   8.6666666666666661        1.0000000000000000        1.6090448553675526E-002
   8.6666666666666661        1.3333333333333333        2.4272266317267026E-002
   8.6666666666666661        1.6666666666666665        3.3995503467209837E-002
   8.6666666666666661        2.0000000000000000        3.8907254737072780E-002
   8.6666666666666661        2.3333333333333330        5.4445325975170024E-002
   8.6666666666666661        2.6666666666666665        6.9334311253445538E-002
   8.6666666666666661        3.0000000000000000        7.8251854402186766E-002
   8.6666666666666661        3.3333333333333330        0.0000000000000000     
   8.6666666666666661        3.6666666666666665        1.1240453461767309E-002
   8.6666666666666661        4.0000000000000000        1.5678205955507701E-002
   8.6666666666666661        4.3333333333333330        1.1379587030931136E-002
   8.6666666666666661        4.6666666666666661        9.5985873738156473E-003
   8.6666666666666661        5.0000000000000000        4.8860174074737910E-002
   8.6666666666666661        5.3333333333333330        5.0917891303083634E-002
   8.6666666666666661        5.6666666666666661        5.9148781309269899E-002
   8.6666666666666661        6.0000000000000000        5.5188866630898295E-002
   8.6666666666666661        6.3333333333333330        3.4433910590247044E-002
   8.6666666666666661        6.6666666666666661        1.1852895942400020E-002
   8.6666666666666661        7.0000000000000000        1.2860206388361715E-002
   8.6666666666666661        7.3333333333333330        1.2780383989957029E-002
   8.6666666666666661        7.6666666666666661        1.3454841642835101E-002
   8.6666666666666661        8.0000000000000000        7.3211059364061346E-003
   8.6666666666666661        8.3333333333333321        8.8851836863056161E-003
   8.6666666666666661        8.6666666666666661        6.3457517724645595E-003
   8.6666666666666661        9.0000000000000000        2.0573733300101060E-003
   8.6666666666666661        9.3333333333333321        1.2099862413079072E-003
   8.6666666666666661        9.6666666666666661        0.0000000000000000     
   8.6666666666666661        10.000000000000000        0.0000000000000000     
 
   9.0000000000000000        0.0000000000000000        0.0000000000000000     
   9.0000000000000000       0.33333333333333331        2.6446132850803323E-003
   9.0000000000000000       0.66666666666666663        6.0105027872349379E-003
   9.0000000000000000        1.0000000000000000        1.0933043292477296E-002
   9.0000000000000000        1.3333333333333333        1.6951631318444859E-002
   9.0000000000000000        1.6666666666666665        2.0948128257243563E-002
   9.0000000000000000        2.0000000000000000        3.3417787887716204E-002
   9.0000000000000000        2.3333333333333330        4.2602707037365704E-002
   9.0000000000000000        2.6666666666666665        7.3633191182249024E-004
   9.0000000000000000        3.0000000000000000        1.2683007587148971E-003
   9.0000000000000000        3.3333333333333330        5.0485624664756640E-003
   9.0000000000000000        3.6666666666666665        7.6748259536797035E-003
   9.0000000000000000        4.0000000000000000        1.1079146669524389E-002
   9.0000000000000000        4.3333333333333330        1.0770623868734099E-002
   9.0000000000000000        4.6666666666666661        9.0925984478861617E-004
   9.0000000000000000        5.0000000000000000        2.9491428765950338E-002
   9.0000000000000000        5.3333333333333330        3.0948459148592202E-002
   9.0000000000000000        5.6666666666666661        1.0009941908143137E-002
   9.0000000000000000        6.0000000000000000        1.2353333867582276E-002
   9.0000000000000000        6.3333333333333330        1.6647382092695843E-002
   9.0000000000000000        6.6666666666666661        1.1658178787411773E-002
   9.0000000000000000        7.0000000000000000        6.2595919250165435E-003
   9.0000000000000000        7.3333333333333330        7.8302763179964197E-003
   9.0000000000000000        7.6666666666666661        7.9356410266856157E-003
   9.0000000000000000        8.0000000000000000        6.3527406415036609E-003
   9.0000000000000000        8.3333333333333321        6.5348606962060216E-003
   9.0000000000000000        8.6666666666666661        4.9068883354191481E-003
   9.0000000000000000        9.0000000000000000        2.2699648410861866E-003
   9.0000000000000000        9.3333333333333321        1.3454494448810676E-003
   9.0000000000000000        9.6666666666666661        1.0759521156924677E-004
   9.0000000000000000        10.000000000000000        0.0000000000000000     
 
   9.3333333333333321        0.0000000000000000        0.0000000000000000     
   9.3333333333333321       0.33333333333333331        1.7549254416784213E-003
   9.3333333333333321       0.66666666666666663        3.6804157222040646E-003
   9.3333333333333321        1.0000000000000000        5.5526218127117839E-003
   9.3333333333333321        1.3333333333333333        6.2307004084141181E-003
   9.3333333333333321        1.6666666666666665        9.9708749762788696E-003
   9.3333333333333321        2.0000000000000000        1.1844950433553465E-003
   9.3333333333333321        2.3333333333333330        6.8111797610056091E-004
   9.3333333333333321        2.6666666666666665        8.1906407911688632E-004
   9.3333333333333321        3.0000000000000000        1.4022393421380828E-003
   9.3333333333333321        3.3333333333333330        2.8665294906756577E-003
   9.3333333333333321        3.6666666666666665        3.9665467205200321E-003
   9.3333333333333321        4.0000000000000000        0.0000000000000000     
   9.3333333333333321        4.3333333333333330        7.5461174894523426E-004
   9.3333333333333321        4.6666666666666661        9.7888484423602371E-004
   9.3333333333333321        5.0000000000000000        8.6215415127208761E-003
   9.3333333333333321        5.3333333333333330        1.3829095198890912E-002
   9.3333333333333321        5.6666666666666661        1.0654987551353030E-002
   9.3333333333333321        6.0000000000000000        8.7571024104819289E-003
   9.3333333333333321        6.3333333333333330        8.9980022010048930E-003
   9.3333333333333321        6.6666666666666661        7.1891483660143042E-003
   9.3333333333333321        7.0000000000000000        5.1710616015587449E-003
   9.3333333333333321        7.3333333333333330        4.9277172505431946E-003
   9.3333333333333321        7.6666666666666661        4.6953196991061166E-003
   9.3333333333333321        8.0000000000000000        4.1360508762745768E-003
   9.3333333333333321        8.3333333333333321        6.1009170438577041E-004
   9.3333333333333321        8.6666666666666661        6.7432921470127411E-004
   9.3333333333333321        9.0000000000000000        9.9009580026142925E-004
   9.3333333333333321        9.3333333333333321        6.9796631537836487E-004
   9.3333333333333321        9.6666666666666661        2.2741963851442119E-004
   9.3333333333333321        10.000000000000000        0.0000000000000000     
 
   9.6666666666666661        0.0000000000000000        0.0000000000000000     
   9.6666666666666661       0.33333333333333331        8.5019027969701372E-004
   9.6666666666666661       0.66666666666666663        1.7227715745341519E-003
   9.6666666666666661        1.0000000000000000        2.5136226538529558E-003
   9.6666666666666661        1.3333333333333333        2.9971195663072193E-003
   9.6666666666666661        1.6666666666666665        3.4955013186724030E-003
   9.6666666666666661        2.0000000000000000        1.2955414827462411E-003
   9.6666666666666661        2.3333333333333330        6.1501217779793020E-004
   9.6666666666666661        2.6666666666666665        5.4314969315849494E-004
   9.6666666666666661        3.0000000000000000        7.9437434828927311E-004
   9.6666666666666661        3.3333333333333330        1.3111311113917074E-003
   9.6666666666666661        3.6666666666666665        1.7071623951895282E-003
   9.6666666666666661        4.0000000000000000        2.8255029833319068E-004
   9.6666666666666661        4.3333333333333330        5.8493529835052644E-004
   9.6666666666666661        4.6666666666666661        1.3419555602652024E-003
   9.6666666666666661        5.0000000000000000        3.8863688657458902E-003
   9.6666666666666661        5.3333333333333330        5.8007708931244444E-003
   9.6666666666666661        5.6666666666666661        1.7162630844169563E-003
   9.6666666666666661        6.0000000000000000        3.5438776575970410E-003
   9.6666666666666661        6.3333333333333330        3.9227397615507406E-003
   9.6666666666666661        6.6666666666666661        3.3935192588625757E-003
   9.6666666666666661        7.0000000000000000        2.6900744798892661E-003
   9.6666666666666661        7.3333333333333330        2.3957574801574629E-003
   9.6666666666666661        7.6666666666666661        2.1546306740505674E-003
   9.6666666666666661        8.0000000000000000        1.7039914462417059E-003
   9.6666666666666661        8.3333333333333321        6.7052517843528992E-004
   9.6666666666666661        8.6666666666666661        4.3014563228852286E-004
   9.6666666666666661        9.0000000000000000        4.1986031054442262E-004
   9.6666666666666661        9.3333333333333321        3.0349902514539650E-004
   9.6666666666666661        9.6666666666666661        1.2914359783087638E-004
   9.6666666666666661        10.000000000000000        0.0000000000000000     
 
   10.000000000000000        0.0000000000000000        0.0000000000000000     
   10.000000000000000       0.33333333333333331        0.0000000000000000     
   10.000000000000000       0.66666666666666663        0.0000000000000000     
   10.000000000000000        1.0000000000000000        0.0000000000000000     
   10.000000000000000        1.3333333333333333        0.0000000000000000     
   10.000000000000000        1.6666666666666665        0.0000000000000000     
   10.000000000000000        2.0000000000000000        0.0000000000000000     
   10.000000000000000        2.3333333333333330        0.0000000000000000     
   10.000000000000000        2.6666666666666665        0.0000000000000000     
   10.000000000000000        3.0000000000000000        0.0000000000000000     
   10.000000000000000        3.3333333333333330        0.0000000000000000     
   10.000000000000000        3.6666666666666665        0.0000000000000000     
   10.000000000000000        4.0000000000000000        0.0000000000000000     
   10.000000000000000        4.3333333333333330        0.0000000000000000     
   10.000000000000000        4.6666666666666661        0.0000000000000000     
   10.000000000000000        5.0000000000000000        0.0000000000000000     
   10.000000000000000        5.3333333333333330        0.0000000000000000     
   10.000000000000000        5.6666666666666661        0.0000000000000000     
   10.000000000000000        6.0000000000000000        0.0000000000000000     
   10.000000000000000        6.3333333333333330        0.0000000000000000     
   10.000000000000000        6.6666666666666661        0.0000000000000000     
   10.000000000000000        7.0000000000000000        0.0000000000000000     
   10.000000000000000        7.3333333333333330        0.0000000000000000     
   10.000000000000000        7.6666666666666661        0.0000000000000000     
   10.000000000000000        8.0000000000000000        0.0000000000000000     
   10.000000000000000        8.3333333333333321        0.0000000000000000     
   10.000000000000000        8.6666666666666661        0.0000000000000000     
   10.000000000000000        9.0000000000000000        0.0000000000000000     
   10.000000000000000        9.3333333333333321        0.0000000000000000     
   10.000000000000000        9.6666666666666661        0.0000000000000000     
   10.000000000000000        10.000000000000000        0.0000000000000000     
 
