   0.0000000000000000        0.0000000000000000        0.0000000000000000     
   0.0000000000000000       0.33333333333333331        0.0000000000000000     
   0.0000000000000000       0.66666666666666663        0.0000000000000000     
   0.0000000000000000        1.0000000000000000        0.0000000000000000     
   0.0000000000000000        1.3333333333333333        0.0000000000000000     
   0.0000000000000000        1.6666666666666665        0.0000000000000000     
   0.0000000000000000        2.0000000000000000        0.0000000000000000     
   0.0000000000000000        2.3333333333333330        0.0000000000000000     
   0.0000000000000000        2.6666666666666665        0.0000000000000000     
   0.0000000000000000        3.0000000000000000        0.0000000000000000     
   0.0000000000000000        3.3333333333333330        0.0000000000000000     
   0.0000000000000000        3.6666666666666665        0.0000000000000000     
   0.0000000000000000        4.0000000000000000        0.0000000000000000     
   0.0000000000000000        4.3333333333333330        0.0000000000000000     
   0.0000000000000000        4.6666666666666661        0.0000000000000000     
   0.0000000000000000        5.0000000000000000        0.0000000000000000     
   0.0000000000000000        5.3333333333333330        0.0000000000000000     
   0.0000000000000000        5.6666666666666661        0.0000000000000000     
   0.0000000000000000        6.0000000000000000        0.0000000000000000     
   0.0000000000000000        6.3333333333333330        0.0000000000000000     
   0.0000000000000000        6.6666666666666661        0.0000000000000000     
   0.0000000000000000        7.0000000000000000        0.0000000000000000     
   0.0000000000000000        7.3333333333333330        0.0000000000000000     
   0.0000000000000000        7.6666666666666661        0.0000000000000000     
   0.0000000000000000        8.0000000000000000        0.0000000000000000     
   0.0000000000000000        8.3333333333333321        0.0000000000000000     
   0.0000000000000000        8.6666666666666661        0.0000000000000000     
   0.0000000000000000        9.0000000000000000        0.0000000000000000     
   0.0000000000000000        9.3333333333333321        0.0000000000000000     
   0.0000000000000000        9.6666666666666661        0.0000000000000000     
   0.0000000000000000        10.000000000000000        0.0000000000000000     
 
  0.33333333333333331        0.0000000000000000        0.0000000000000000     
  0.33333333333333331       0.33333333333333331        6.6533626464817347E-006
  0.33333333333333331       0.66666666666666663        1.0907045443874745E-005
  0.33333333333333331        1.0000000000000000        9.6698704329155866E-006
  0.33333333333333331        1.3333333333333333        2.1614582682535472E-005
  0.33333333333333331        1.6666666666666665        3.5386731734674463E-005
  0.33333333333333331        2.0000000000000000        6.2825059211766684E-005
  0.33333333333333331        2.3333333333333330        8.9180310200407824E-005
  0.33333333333333331        2.6666666666666665        8.9147039841500601E-005
  0.33333333333333331        3.0000000000000000        2.0654344856094379E-004
  0.33333333333333331        3.3333333333333330        2.3664358500018065E-004
  0.33333333333333331        3.6666666666666665        2.1390612901479603E-004
  0.33333333333333331        4.0000000000000000        2.0962746726492520E-004
  0.33333333333333331        4.3333333333333330        2.2118491185655009E-004
  0.33333333333333331        4.6666666666666661        1.5847420568099250E-004
  0.33333333333333331        5.0000000000000000        3.0273286174038738E-004
  0.33333333333333331        5.3333333333333330        8.3737965884710856E-004
  0.33333333333333331        5.6666666666666661        1.1661937854987659E-003
  0.33333333333333331        6.0000000000000000        1.4630775625078458E-003
  0.33333333333333331        6.3333333333333330        1.6918083417438079E-003
  0.33333333333333331        6.6666666666666661        1.0986007204210212E-003
  0.33333333333333331        7.0000000000000000        1.8924449136811803E-003
  0.33333333333333331        7.3333333333333330        7.4712617666403765E-004
  0.33333333333333331        7.6666666666666661        5.5192142365347301E-004
  0.33333333333333331        8.0000000000000000        3.6705429053721463E-004
  0.33333333333333331        8.3333333333333321        2.0934501451876311E-004
  0.33333333333333331        8.6666666666666661        1.3732185955009577E-004
  0.33333333333333331        9.0000000000000000        8.9712218707124403E-005
  0.33333333333333331        9.3333333333333321        4.4344566669055078E-005
  0.33333333333333331        9.6666666666666661        1.7841332432925630E-005
  0.33333333333333331        10.000000000000000        0.0000000000000000     
 
  0.66666666666666663        0.0000000000000000        0.0000000000000000     
  0.66666666666666663       0.33333333333333331        1.8027471838657591E-005
  0.66666666666666663       0.66666666666666663        3.1126533035071472E-005
  0.66666666666666663        1.0000000000000000        6.1448786446514667E-005
  0.66666666666666663        1.3333333333333333        4.9154914094086357E-005
  0.66666666666666663        1.6666666666666665        6.9485529091214190E-005
  0.66666666666666663        2.0000000000000000        1.4794120661622639E-004
  0.66666666666666663        2.3333333333333330        2.3389079690341752E-004
  0.66666666666666663        2.6666666666666665        5.9928651220345129E-004
  0.66666666666666663        3.0000000000000000        5.6292084128466624E-004
  0.66666666666666663        3.3333333333333330        5.9693525982680942E-004
  0.66666666666666663        3.6666666666666665        4.7523664037540003E-004
  0.66666666666666663        4.0000000000000000        4.6916446761090632E-004
  0.66666666666666663        4.3333333333333330        5.8537782390205584E-004
  0.66666666666666663        4.6666666666666661        0.0000000000000000     
  0.66666666666666663        5.0000000000000000        1.8824446363844350E-003
  0.66666666666666663        5.3333333333333330        2.1128822906855004E-003
  0.66666666666666663        5.6666666666666661        2.6770949626143663E-003
  0.66666666666666663        6.0000000000000000        3.3752166476671906E-003
  0.66666666666666663        6.3333333333333330        4.6325852692734627E-003
  0.66666666666666663        6.6666666666666661        7.7464096934428128E-003
  0.66666666666666663        7.0000000000000000        6.2095406107998269E-003
  0.66666666666666663        7.3333333333333330        9.6144593107638917E-004
  0.66666666666666663        7.6666666666666661        1.2526188930759856E-003
  0.66666666666666663        8.0000000000000000        8.1747360606527412E-004
  0.66666666666666663        8.3333333333333321        3.9922572555208858E-004
  0.66666666666666663        8.6666666666666661        2.9550673217959805E-004
  0.66666666666666663        9.0000000000000000        2.0761439529764505E-004
  0.66666666666666663        9.3333333333333321        8.5305581339834138E-005
  0.66666666666666663        9.6666666666666661        3.3372762445475548E-005
  0.66666666666666663        10.000000000000000        0.0000000000000000     
 
   1.0000000000000000        0.0000000000000000        0.0000000000000000     
   1.0000000000000000       0.33333333333333331        4.0436281672041001E-005
   1.0000000000000000       0.66666666666666663        7.4967017474766008E-005
   1.0000000000000000        1.0000000000000000        9.5083271360500325E-005
   1.0000000000000000        1.3333333333333333        6.1448786446514667E-005
   1.0000000000000000        1.6666666666666665        2.2539625331478361E-004
   1.0000000000000000        2.0000000000000000        2.7451828763471766E-004
   1.0000000000000000        2.3333333333333330        5.3899808309283671E-004
   1.0000000000000000        2.6666666666666665        8.1659599046325258E-004
   1.0000000000000000        3.0000000000000000        1.0139788167547428E-003
   1.0000000000000000        3.3333333333333330        1.2833467783917080E-003
   1.0000000000000000        3.6666666666666665        7.6308324652069601E-004
   1.0000000000000000        4.0000000000000000        7.5030633738177536E-004
   1.0000000000000000        4.3333333333333330        1.2424786774447869E-003
   1.0000000000000000        4.6666666666666661        1.6859403116729567E-003
   1.0000000000000000        5.0000000000000000        2.1925281654508150E-003
   1.0000000000000000        5.3333333333333330        3.6269741935180087E-003
   1.0000000000000000        5.6666666666666661        4.7466661386243170E-003
   1.0000000000000000        6.0000000000000000        5.5740504473021741E-003
   1.0000000000000000        6.3333333333333330        9.9344613235358963E-003
   1.0000000000000000        6.6666666666666661        1.1172334133291719E-002
   1.0000000000000000        7.0000000000000000        1.0515561920635196E-002
   1.0000000000000000        7.3333333333333330        7.1536631204227310E-003
   1.0000000000000000        7.6666666666666661        3.0341409539807163E-003
   1.0000000000000000        8.0000000000000000        1.4915379145182071E-003
   1.0000000000000000        8.3333333333333321        6.9798719588595140E-004
   1.0000000000000000        8.6666666666666661        5.3373284587884730E-004
   1.0000000000000000        9.0000000000000000        4.2893895933751618E-004
   1.0000000000000000        9.3333333333333321        3.0898488135875973E-005
   1.0000000000000000        9.6666666666666661        4.2078820635163399E-005
   1.0000000000000000        10.000000000000000        0.0000000000000000     
 
   1.3333333333333333        0.0000000000000000        0.0000000000000000     
   1.3333333333333333       0.33333333333333331        8.1950077253673632E-005
   1.3333333333333333       0.66666666666666663        1.5764147008544968E-004
   1.3333333333333333        1.0000000000000000        2.1368694492670463E-004
   1.3333333333333333        1.3333333333333333        3.6356759636023363E-004
   1.3333333333333333        1.6666666666666665        2.5248751867975309E-004
   1.3333333333333333        2.0000000000000000        9.8679184085889498E-004
   1.3333333333333333        2.3333333333333330        9.9430816048161775E-004
   1.3333333333333333        2.6666666666666665        1.3511588842979952E-003
   1.3333333333333333        3.0000000000000000        1.6744550261172343E-003
   1.3333333333333333        3.3333333333333330        3.0977245672165407E-003
   1.3333333333333333        3.6666666666666665        6.0610871748471217E-003
   1.3333333333333333        4.0000000000000000        3.2864290976663342E-003
   1.3333333333333333        4.3333333333333330        2.7484661404312762E-003
   1.3333333333333333        4.6666666666666661        5.6199105127548435E-003
   1.3333333333333333        5.0000000000000000        6.1021911171272158E-003
   1.3333333333333333        5.3333333333333330        6.3834608650898336E-003
   1.3333333333333333        5.6666666666666661        8.2611508332486889E-003
   1.3333333333333333        6.0000000000000000        2.4040965514643419E-002
   1.3333333333333333        6.3333333333333330        2.0544861249651193E-002
   1.3333333333333333        6.6666666666666661        1.9007330914887800E-002
   1.3333333333333333        7.0000000000000000        1.6582528394263669E-002
   1.3333333333333333        7.3333333333333330        1.3013163693576933E-002
   1.3333333333333333        7.6666666666666661        7.9309623457003058E-004
   1.3333333333333333        8.0000000000000000        1.0452569746759138E-003
   1.3333333333333333        8.3333333333333321        1.0784105804783333E-003
   1.3333333333333333        8.6666666666666661        8.8062285913342669E-004
   1.3333333333333333        9.0000000000000000        6.8344013889237677E-004
   1.3333333333333333        9.3333333333333321        2.7694666167899456E-004
   1.3333333333333333        9.6666666666666661        1.1849497762456033E-004
   1.3333333333333333        10.000000000000000        0.0000000000000000     
 
   1.6666666666666665        0.0000000000000000        0.0000000000000000     
   1.6666666666666665       0.33333333333333331        1.5528923175018661E-004
   1.6666666666666665       0.66666666666666663        3.0879184155480907E-004
   1.6666666666666665        1.0000000000000000        4.5403426655802736E-004
   1.6666666666666665        1.3333333333333333        5.8828943061458043E-004
   1.6666666666666665        1.6666666666666665        1.5400531968139330E-003
   1.6666666666666665        2.0000000000000000        1.2735381953796637E-003
   1.6666666666666665        2.3333333333333330        1.3898762754291799E-003
   1.6666666666666665        2.6666666666666665        2.2911548910592916E-003
   1.6666666666666665        3.0000000000000000        7.3295095869032592E-003
   1.6666666666666665        3.3333333333333330        7.0769217521966512E-003
   1.6666666666666665        3.6666666666666665        7.5065011955922729E-003
   1.6666666666666665        4.0000000000000000        4.6976272590128539E-003
   1.6666666666666665        4.3333333333333330        4.4590034415236124E-003
   1.6666666666666665        4.6666666666666661        7.0643534583229627E-003
   1.6666666666666665        5.0000000000000000        7.3426949427008404E-003
   1.6666666666666665        5.3333333333333330        9.0623083375198903E-003
   1.6666666666666665        5.6666666666666661        1.5475878380900419E-002
   1.6666666666666665        6.0000000000000000        3.2113153757299139E-002
   1.6666666666666665        6.3333333333333330        3.3226713614773778E-002
   1.6666666666666665        6.6666666666666661        3.1582552323087473E-002
   1.6666666666666665        7.0000000000000000        2.7297544960772482E-002
   1.6666666666666665        7.3333333333333330        1.8227218587231815E-002
   1.6666666666666665        7.6666666666666661        6.6980205803544336E-004
   1.6666666666666665        8.0000000000000000        1.1302216475747595E-003
   1.6666666666666665        8.3333333333333321        2.0034242659647469E-003
   1.6666666666666665        8.6666666666666661        1.4889111499951206E-003
   1.6666666666666665        9.0000000000000000        9.5105863179574968E-004
   1.6666666666666665        9.3333333333333321        5.2425335919897701E-004
   1.6666666666666665        9.6666666666666661        1.9374268371604491E-004
   1.6666666666666665        10.000000000000000        0.0000000000000000     
 
   2.0000000000000000        0.0000000000000000        0.0000000000000000     
   2.0000000000000000       0.33333333333333331        2.7656352102291336E-004
   2.0000000000000000       0.66666666666666663        5.5902279444251899E-004
   2.0000000000000000        1.0000000000000000        8.3733317716813639E-004
   2.0000000000000000        1.3333333333333333        1.1173797876861025E-003
   2.0000000000000000        1.6666666666666665        2.2262697405886112E-003
   2.0000000000000000        2.0000000000000000        1.5400531968139330E-003
   2.0000000000000000        2.3333333333333330        3.7646614265286829E-003
   2.0000000000000000        2.6666666666666665        4.7242669807407269E-003
   2.0000000000000000        3.0000000000000000        9.2304412665227178E-003
   2.0000000000000000        3.3333333333333330        1.1927028370896845E-002
   2.0000000000000000        3.6666666666666665        1.3839915292743711E-002
   2.0000000000000000        4.0000000000000000        2.3144229699488608E-002
   2.0000000000000000        4.3333333333333330        2.4232349427454704E-002
   2.0000000000000000        4.6666666666666661        1.2519369425513590E-002
   2.0000000000000000        5.0000000000000000        8.9001137771878656E-003
   2.0000000000000000        5.3333333333333330        0.0000000000000000     
   2.0000000000000000        5.6666666666666661       0.10535330555001486     
   2.0000000000000000        6.0000000000000000        6.1136704131652168E-002
   2.0000000000000000        6.3333333333333330        5.4471427329657839E-002
   2.0000000000000000        6.6666666666666661        5.2482890269131714E-002
   2.0000000000000000        7.0000000000000000        4.7948796550440764E-002
   2.0000000000000000        7.3333333333333330        3.0949636308587943E-004
   2.0000000000000000        7.6666666666666661        4.1913712565460026E-004
   2.0000000000000000        8.0000000000000000        9.4501081909482334E-003
   2.0000000000000000        8.3333333333333321        4.8447078209619228E-003
   2.0000000000000000        8.6666666666666661        2.5323528820571694E-003
   2.0000000000000000        9.0000000000000000        1.3860050415339408E-003
   2.0000000000000000        9.3333333333333321        8.3563547881657433E-004
   2.0000000000000000        9.6666666666666661        1.3778343745570596E-004
   2.0000000000000000        10.000000000000000        0.0000000000000000     
 
   2.3333333333333330        0.0000000000000000        0.0000000000000000     
   2.3333333333333330       0.33333333333333331        4.6993252886558192E-004
   2.3333333333333330       0.66666666666666663        9.6872085994603870E-004
   2.3333333333333330        1.0000000000000000        1.4472908751098615E-003
   2.3333333333333330        1.3333333333333333        4.8106667075530759E-003
   2.3333333333333330        1.6666666666666665        5.2620006509999130E-003
   2.3333333333333330        2.0000000000000000        1.3078908458971668E-002
   2.3333333333333330        2.3333333333333330        1.7914949346110355E-002
   2.3333333333333330        2.6666666666666665        1.8352467661199055E-002
   2.3333333333333330        3.0000000000000000        1.4882428177103758E-002
   2.3333333333333330        3.3333333333333330        1.9913218055883027E-002
   2.3333333333333330        3.6666666666666665        2.4722891774624535E-002
   2.3333333333333330        4.0000000000000000        2.7755898007831577E-002
   2.3333333333333330        4.3333333333333330        4.0396749405580454E-002
   2.3333333333333330        4.6666666666666661       0.10029342730363107     
   2.3333333333333330        5.0000000000000000       0.14994560971100265     
   2.3333333333333330        5.3333333333333330       0.18069550887184885     
   2.3333333333333330        5.6666666666666661       0.16131305005897212     
   2.3333333333333330        6.0000000000000000       0.11030699120118331     
   2.3333333333333330        6.3333333333333330        7.9365119718152730E-002
   2.3333333333333330        6.6666666666666661        8.4136930347940384E-002
   2.3333333333333330        7.0000000000000000        7.1943106926439362E-002
   2.3333333333333330        7.3333333333333330        6.7690053167597464E-002
   2.3333333333333330        7.6666666666666661        3.5687329703577048E-002
   2.3333333333333330        8.0000000000000000        1.6144596000072630E-002
   2.3333333333333330        8.3333333333333321        6.5433301063641362E-003
   2.3333333333333330        8.6666666666666661        3.0645973061494808E-003
   2.3333333333333330        9.0000000000000000        1.6134741588430487E-003
   2.3333333333333330        9.3333333333333321        8.4512594472169395E-004
   2.3333333333333330        9.6666666666666661        3.1920354644552913E-004
   2.3333333333333330        10.000000000000000        0.0000000000000000     
 
   2.6666666666666665        0.0000000000000000        0.0000000000000000     
   2.6666666666666665       0.33333333333333331        7.5991389760912795E-004
   2.6666666666666665       0.66666666666666663        1.6518237797803600E-003
   2.6666666666666665        1.0000000000000000        2.9040223630255307E-003
   2.6666666666666665        1.3333333333333333        5.4740453302330287E-003
   2.6666666666666665        1.6666666666666665        9.9134181289472160E-003
   2.6666666666666665        2.0000000000000000        1.5744112673954858E-002
   2.6666666666666665        2.3333333333333330        2.1321557581916870E-002
   2.6666666666666665        2.6666666666666665        2.5158713688868978E-002
   2.6666666666666665        3.0000000000000000        3.8170515018982623E-002
   2.6666666666666665        3.3333333333333330        3.1599306380417649E-002
   2.6666666666666665        3.6666666666666665        4.1496292971974866E-002
   2.6666666666666665        4.0000000000000000        6.5500497176200115E-002
   2.6666666666666665        4.3333333333333330        7.5761838037842824E-002
   2.6666666666666665        4.6666666666666661       0.11352373248462609     
   2.6666666666666665        5.0000000000000000       0.16561256821382889     
   2.6666666666666665        5.3333333333333330       0.21529702674283213     
   2.6666666666666665        5.6666666666666661       0.21212834992686350     
   2.6666666666666665        6.0000000000000000       0.15410851935991501     
   2.6666666666666665        6.3333333333333330       0.18727588561961975     
   2.6666666666666665        6.6666666666666661       0.14379685861310779     
   2.6666666666666665        7.0000000000000000        9.4188454208802203E-002
   2.6666666666666665        7.3333333333333330        7.9136430960729739E-002
   2.6666666666666665        7.6666666666666661        6.1650433201238086E-002
   2.6666666666666665        8.0000000000000000        2.8237530097014419E-003
   2.6666666666666665        8.3333333333333321        3.5983681726250022E-003
   2.6666666666666665        8.6666666666666661        2.3431790378157904E-003
   2.6666666666666665        9.0000000000000000        1.6044901762553826E-003
   2.6666666666666665        9.3333333333333321        8.6143731438520965E-004
   2.6666666666666665        9.6666666666666661        3.9146681494034940E-004
   2.6666666666666665        10.000000000000000        0.0000000000000000     
 
   3.0000000000000000        0.0000000000000000        0.0000000000000000     
   3.0000000000000000       0.33333333333333331        1.1101545480156798E-003
   3.0000000000000000       0.66666666666666663        2.3802511798357447E-003
   3.0000000000000000        1.0000000000000000        3.7238254363263922E-003
   3.0000000000000000        1.3333333333333333        1.2659155509465676E-002
   3.0000000000000000        1.6666666666666665        1.5131077764321375E-002
   3.0000000000000000        2.0000000000000000        2.1559186836626481E-002
   3.0000000000000000        2.3333333333333330        3.0106235558310740E-002
   3.0000000000000000        2.6666666666666665        3.9823443173945504E-002
   3.0000000000000000        3.0000000000000000        5.0160651114100584E-002
   3.0000000000000000        3.3333333333333330        8.2348318724198913E-002
   3.0000000000000000        3.6666666666666665        7.3688134252899593E-002
   3.0000000000000000        4.0000000000000000        8.2089417304396978E-002
   3.0000000000000000        4.3333333333333330        9.4086177872014218E-002
   3.0000000000000000        4.6666666666666661       0.12537948071028829     
   3.0000000000000000        5.0000000000000000       0.19817776947311186     
   3.0000000000000000        5.3333333333333330       0.31711674122766198     
   3.0000000000000000        5.6666666666666661       0.33199083482049468     
   3.0000000000000000        6.0000000000000000       0.34778055231124744     
   3.0000000000000000        6.3333333333333330       0.24740875224453301     
   3.0000000000000000        6.6666666666666661       0.22392974143235647     
   3.0000000000000000        7.0000000000000000       0.13746242449060650     
   3.0000000000000000        7.3333333333333330       0.10473965157052997     
   3.0000000000000000        7.6666666666666661        7.9995299891161317E-002
   3.0000000000000000        8.0000000000000000        4.3439841804536819E-002
   3.0000000000000000        8.3333333333333321        1.3277058604068508E-003
   3.0000000000000000        8.6666666666666661        1.7401072827167988E-003
   3.0000000000000000        9.0000000000000000        2.0565629241317768E-003
   3.0000000000000000        9.3333333333333321        1.0008460429908707E-003
   3.0000000000000000        9.6666666666666661        5.0427928452087220E-004
   3.0000000000000000        10.000000000000000        0.0000000000000000     
 
   3.3333333333333330        0.0000000000000000        0.0000000000000000     
   3.3333333333333330       0.33333333333333331        1.5678290800134028E-003
   3.3333333333333330       0.66666666666666663        3.5897707617676311E-003
   3.3333333333333330        1.0000000000000000        6.7197900737142307E-003
   3.3333333333333330        1.3333333333333333        1.2623536430700973E-002
   3.3333333333333330        1.6666666666666665        1.9115088963781026E-002
   3.3333333333333330        2.0000000000000000        2.8761522863795689E-002
   3.3333333333333330        2.3333333333333330        4.2106669828880970E-002
   3.3333333333333330        2.6666666666666665        5.9076824558688130E-002
   3.3333333333333330        3.0000000000000000        7.8533587623643139E-002
   3.3333333333333330        3.3333333333333330        9.9302057233506574E-002
   3.3333333333333330        3.6666666666666665       0.10483931465932057     
   3.3333333333333330        4.0000000000000000       0.11498493591318899     
   3.3333333333333330        4.3333333333333330       0.10513418980381581     
   3.3333333333333330        4.6666666666666661       0.10878822194183269     
   3.3333333333333330        5.0000000000000000       0.62190447015621486     
   3.3333333333333330        5.3333333333333330       0.53435289686517418     
   3.3333333333333330        5.6666666666666661       0.47847023437647984     
   3.3333333333333330        6.0000000000000000       0.46262105078620963     
   3.3333333333333330        6.3333333333333330       0.38673084591206169     
   3.3333333333333330        6.6666666666666661       0.29656204381639373     
   3.3333333333333330        7.0000000000000000       0.18486414275120966     
   3.3333333333333330        7.3333333333333330       0.13556561158785305     
   3.3333333333333330        7.6666666666666661        8.5175983628890659E-002
   3.3333333333333330        8.0000000000000000        5.1509678660021464E-002
   3.3333333333333330        8.3333333333333321        1.4788044699131440E-002
   3.3333333333333330        8.6666666666666661        5.4818513186178390E-003
   3.3333333333333330        9.0000000000000000        3.4036186540784916E-003
   3.3333333333333330        9.3333333333333321        1.7849627804870710E-003
   3.3333333333333330        9.6666666666666661        7.7291183627024157E-004
   3.3333333333333330        10.000000000000000        0.0000000000000000     
 
   3.6666666666666665        0.0000000000000000        0.0000000000000000     
   3.6666666666666665       0.33333333333333331        1.9306537268968117E-003
   3.6666666666666665       0.66666666666666663        4.4745217216678162E-003
   3.6666666666666665        1.0000000000000000        8.3006206069967600E-003
   3.6666666666666665        1.3333333333333333        1.4322687474425413E-002
   3.6666666666666665        1.6666666666666665        2.3086512380026871E-002
   3.6666666666666665        2.0000000000000000        3.6397870153914352E-002
   3.6666666666666665        2.3333333333333330        5.5705727106923716E-002
   3.6666666666666665        2.6666666666666665        8.2143965738041488E-002
   3.6666666666666665        3.0000000000000000       0.11290252843757405     
   3.6666666666666665        3.3333333333333330       0.13982689533886519     
   3.6666666666666665        3.6666666666666665       0.15008029085114885     
   3.6666666666666665        4.0000000000000000       0.13672153832478812     
   3.6666666666666665        4.3333333333333330       0.11498493591318899     
   3.6666666666666665        4.6666666666666661       0.79481959598102081     
   3.6666666666666665        5.0000000000000000       0.71347509222829852     
   3.6666666666666665        5.3333333333333330       0.72240843330888527     
   3.6666666666666665        5.6666666666666661       0.59095637894321340     
   3.6666666666666665        6.0000000000000000       0.56936933036720161     
   3.6666666666666665        6.3333333333333330       0.48843235773228139     
   3.6666666666666665        6.6666666666666661       0.40476111721847502     
   3.6666666666666665        7.0000000000000000       0.24409427859526098     
   3.6666666666666665        7.3333333333333330       0.18175020674742312     
   3.6666666666666665        7.6666666666666661        2.8696547342499674E-002
   3.6666666666666665        8.0000000000000000        3.4434164724342263E-002
   3.6666666666666665        8.3333333333333321        1.8132681423922846E-002
   3.6666666666666665        8.6666666666666661        8.9179085663120237E-003
   3.6666666666666665        9.0000000000000000        5.1746294666833422E-003
   3.6666666666666665        9.3333333333333321        2.4469770309844627E-003
   3.6666666666666665        9.6666666666666661        1.0190019161552101E-003
   3.6666666666666665        10.000000000000000        0.0000000000000000     
 
   4.0000000000000000        0.0000000000000000        0.0000000000000000     
   4.0000000000000000       0.33333333333333331        2.1102479251000118E-003
   4.0000000000000000       0.66666666666666663        5.0222702305336214E-003
   4.0000000000000000        1.0000000000000000        9.2994080089770694E-003
   4.0000000000000000        1.3333333333333333        1.5775620417137506E-002
   4.0000000000000000        1.6666666666666665        2.6010143242630002E-002
   4.0000000000000000        2.0000000000000000        4.2712292445947604E-002
   4.0000000000000000        2.3333333333333330        6.8105500149112375E-002
   4.0000000000000000        2.6666666666666665       0.10798866923851724     
   4.0000000000000000        3.0000000000000000       0.15904560795383293     
   4.0000000000000000        3.3333333333333330       0.20538309910776736     
   4.0000000000000000        3.6666666666666665       0.22775708610121176     
   4.0000000000000000        4.0000000000000000       0.17758123270865997     
   4.0000000000000000        4.3333333333333330       0.95452205140323776     
   4.0000000000000000        4.6666666666666661       0.87743541742944264     
   4.0000000000000000        5.0000000000000000        1.1770846272670663     
   4.0000000000000000        5.3333333333333330        1.0346834032440242     
   4.0000000000000000        5.6666666666666661       0.89408017977182619     
   4.0000000000000000        6.0000000000000000       0.73323304399937694     
   4.0000000000000000        6.3333333333333330       0.59708244275686639     
   4.0000000000000000        6.6666666666666661       0.43919517972458760     
   4.0000000000000000        7.0000000000000000       0.32240854267840119     
   4.0000000000000000        7.3333333333333330       0.13938008342757882     
   4.0000000000000000        7.6666666666666661        5.9667426084063835E-002
   4.0000000000000000        8.0000000000000000        4.5594632451224672E-002
   4.0000000000000000        8.3333333333333321        2.3816800573098741E-002
   4.0000000000000000        8.6666666666666661        9.9125509849278936E-003
   4.0000000000000000        9.0000000000000000        7.1894770099934354E-003
   4.0000000000000000        9.3333333333333321        2.2067446799670831E-003
   4.0000000000000000        9.6666666666666661        1.1312498449797502E-003
   4.0000000000000000        10.000000000000000        0.0000000000000000     
 
   4.3333333333333330        0.0000000000000000        0.0000000000000000     
   4.3333333333333330       0.33333333333333331        1.9520601842766014E-003
   4.3333333333333330       0.66666666666666663        5.2519314534955038E-003
   4.3333333333333330        1.0000000000000000        9.8797384795624825E-003
   4.3333333333333330        1.3333333333333333        1.6139636777736787E-002
   4.3333333333333330        1.6666666666666665        2.6211661525463427E-002
   4.3333333333333330        2.0000000000000000        4.5378238827782164E-002
   4.3333333333333330        2.3333333333333330        7.2400004442281438E-002
   4.3333333333333330        2.6666666666666665       0.13018937709047210     
   4.3333333333333330        3.0000000000000000       0.21785386160405296     
   4.3333333333333330        3.3333333333333330       0.30195746905338638     
   4.3333333333333330        3.6666666666666665       0.38433350105210601     
   4.3333333333333330        4.0000000000000000       0.97763214136767351     
   4.3333333333333330        4.3333333333333330        1.0103656085118389     
   4.3333333333333330        4.6666666666666661        1.2704811183315319     
   4.3333333333333330        5.0000000000000000        1.2305246757923307     
   4.3333333333333330        5.3333333333333330        1.1387678284831413     
   4.3333333333333330        5.6666666666666661        1.0106551292062174     
   4.3333333333333330        6.0000000000000000       0.84965257522456472     
   4.3333333333333330        6.3333333333333330       0.72026154411517540     
   4.3333333333333330        6.6666666666666661       0.42621303356424134     
   4.3333333333333330        7.0000000000000000       0.29657807007817572     
   4.3333333333333330        7.3333333333333330       0.15236273681223023     
   4.3333333333333330        7.6666666666666661        8.1927744712308195E-002
   4.3333333333333330        8.0000000000000000        4.9805440512575606E-002
   4.3333333333333330        8.3333333333333321        2.8350146271497186E-002
   4.3333333333333330        8.6666666666666661        1.4797506091422965E-002
   4.3333333333333330        9.0000000000000000        8.1441391970983289E-003
   4.3333333333333330        9.3333333333333321        3.8398080596286424E-003
   4.3333333333333330        9.6666666666666661        1.5944115581834940E-003
   4.3333333333333330        10.000000000000000        0.0000000000000000     
 
   4.6666666666666661        0.0000000000000000        0.0000000000000000     
   4.6666666666666661       0.33333333333333331        8.7581096503434354E-004
   4.6666666666666661       0.66666666666666663        8.7838008339119287E-003
   4.6666666666666661        1.0000000000000000        1.0752030852123656E-002
   4.6666666666666661        1.3333333333333333        1.5465339152042059E-002
   4.6666666666666661        1.6666666666666665        2.1116883657233340E-002
   4.6666666666666661        2.0000000000000000        4.2564340089212602E-002
   4.6666666666666661        2.3333333333333330        5.2452715053091264E-002
   4.6666666666666661        2.6666666666666665       0.27527605961730162     
   4.6666666666666661        3.0000000000000000       0.28793843188408241     
   4.6666666666666661        3.3333333333333330       0.40401331551021352     
   4.6666666666666661        3.6666666666666665       0.62171762347355986     
   4.6666666666666661        4.0000000000000000       0.90233012123672063     
   4.6666666666666661        4.3333333333333330        1.0565015834961826     
   4.6666666666666661        4.6666666666666661        1.2042292570643429     
   4.6666666666666661        5.0000000000000000        1.2359710082839732     
   4.6666666666666661        5.3333333333333330        1.1944172395976180     
   4.6666666666666661        5.6666666666666661        1.0961922263470629     
   4.6666666666666661        6.0000000000000000       0.89544281641916545     
   4.6666666666666661        6.3333333333333330       0.69324228557901701     
   4.6666666666666661        6.6666666666666661       0.56176654784398861     
   4.6666666666666661        7.0000000000000000        9.1447355514377340E-002
   4.6666666666666661        7.3333333333333330       0.10311343473658470     
   4.6666666666666661        7.6666666666666661        7.5060877966361031E-002
   4.6666666666666661        8.0000000000000000        5.0483467408635692E-002
   4.6666666666666661        8.3333333333333321        2.9827514361934777E-002
   4.6666666666666661        8.6666666666666661        1.5683612962331613E-002
   4.6666666666666661        9.0000000000000000        8.5297769240232964E-003
   4.6666666666666661        9.3333333333333321        4.3203626920085957E-003
   4.6666666666666661        9.6666666666666661        1.8033485050985014E-003
   4.6666666666666661        10.000000000000000        0.0000000000000000     
 
   5.0000000000000000        0.0000000000000000        0.0000000000000000     
   5.0000000000000000       0.33333333333333331        8.7939021212871614E-004
   5.0000000000000000       0.66666666666666663        7.9435136493845818E-003
   5.0000000000000000        1.0000000000000000        1.1074647566688880E-002
   5.0000000000000000        1.3333333333333333        1.6692276072852761E-002
   5.0000000000000000        1.6666666666666665        2.5200534344855634E-002
   5.0000000000000000        2.0000000000000000        3.8614540222007492E-002
   5.0000000000000000        2.3333333333333330        4.8713490838332076E-002
   5.0000000000000000        2.6666666666666665       0.24600717166775438     
   5.0000000000000000        3.0000000000000000       0.26403179555802742     
   5.0000000000000000        3.3333333333333330       0.79957639300509853     
   5.0000000000000000        3.6666666666666665       0.77936745644912120     
   5.0000000000000000        4.0000000000000000       0.91146770086672235     
   5.0000000000000000        4.3333333333333330        1.0460335501706368     
   5.0000000000000000        4.6666666666666661        1.1594801225416476     
   5.0000000000000000        5.0000000000000000        1.2116245523791929     
   5.0000000000000000        5.3333333333333330        1.2094617384627624     
   5.0000000000000000        5.6666666666666661        1.2036526883595045     
   5.0000000000000000        6.0000000000000000       0.57314295420161687     
   5.0000000000000000        6.3333333333333330       0.57703538863397552     
   5.0000000000000000        6.6666666666666661       0.29167990129693167     
   5.0000000000000000        7.0000000000000000       0.13740019348261395     
   5.0000000000000000        7.3333333333333330       0.10478597898049932     
   5.0000000000000000        7.6666666666666661        7.4139611078303219E-002
   5.0000000000000000        8.0000000000000000        5.4640165758526406E-002
   5.0000000000000000        8.3333333333333321        1.6062260150884574E-002
   5.0000000000000000        8.6666666666666661        1.2628432543016344E-002
   5.0000000000000000        9.0000000000000000        7.8198907397850764E-003
   5.0000000000000000        9.3333333333333321        4.1213557228829568E-003
   5.0000000000000000        9.6666666666666661        1.7435295779063911E-003
   5.0000000000000000        10.000000000000000        0.0000000000000000     
 
   5.3333333333333330        0.0000000000000000        0.0000000000000000     
   5.3333333333333330       0.33333333333333331        1.9703506485727715E-003
   5.3333333333333330       0.66666666666666663        6.5516234689088938E-003
   5.3333333333333330        1.0000000000000000        1.1159014627683716E-002
   5.3333333333333330        1.3333333333333333        1.8067855665906997E-002
   5.3333333333333330        1.6666666666666665        2.8459526117823944E-002
   5.3333333333333330        2.0000000000000000        4.3494499945199612E-002
   5.3333333333333330        2.3333333333333330        6.1363086094731317E-002
   5.3333333333333330        2.6666666666666665       0.22553024755217346     
   5.3333333333333330        3.0000000000000000       0.27305343604239368     
   5.3333333333333330        3.3333333333333330       0.67152691296031242     
   5.3333333333333330        3.6666666666666665       0.76024360697809523     
   5.3333333333333330        4.0000000000000000       0.87494973473999949     
   5.3333333333333330        4.3333333333333330       0.99078463778984016     
   5.3333333333333330        4.6666666666666661        1.0865554090165452     
   5.3333333333333330        5.0000000000000000        1.1393506832219624     
   5.3333333333333330        5.3333333333333330        1.1245057342502451     
   5.3333333333333330        5.6666666666666661       0.66329345685509811     
   5.3333333333333330        6.0000000000000000       0.56735739103045602     
   5.3333333333333330        6.3333333333333330       0.46065281311519390     
   5.3333333333333330        6.6666666666666661       0.30770617772646497     
   5.3333333333333330        7.0000000000000000       0.18276825203158525     
   5.3333333333333330        7.3333333333333330       0.11592605701794108     
   5.3333333333333330        7.6666666666666661        7.1641268838312136E-002
   5.3333333333333330        8.0000000000000000        4.7317010935010610E-002
   5.3333333333333330        8.3333333333333321        2.2734283988471299E-002
   5.3333333333333330        8.6666666666666661        1.3594265212043584E-002
   5.3333333333333330        9.0000000000000000        7.7535037462496863E-003
   5.3333333333333330        9.3333333333333321        3.5853194117150791E-003
   5.3333333333333330        9.6666666666666661        1.4845218795554909E-003
   5.3333333333333330        10.000000000000000        0.0000000000000000     
 
   5.6666666666666661        0.0000000000000000        0.0000000000000000     
   5.6666666666666661       0.33333333333333331        8.9744420634733436E-004
   5.6666666666666661       0.66666666666666663        1.8285956701019064E-003
   5.6666666666666661        1.0000000000000000        1.1099059715830414E-002
   5.6666666666666661        1.3333333333333333        1.9129663571878095E-002
   5.6666666666666661        1.6666666666666665        3.1440351827216613E-002
   5.6666666666666661        2.0000000000000000        5.1284510858725284E-002
   5.6666666666666661        2.3333333333333330        9.8777166619590920E-002
   5.6666666666666661        2.6666666666666665       0.19201284664012114     
   5.6666666666666661        3.0000000000000000       0.34370846154909090     
   5.6666666666666661        3.3333333333333330       0.57618154419431522     
   5.6666666666666661        3.6666666666666665       0.69602358267207931     
   5.6666666666666661        4.0000000000000000       0.80002825631464980     
   5.6666666666666661        4.3333333333333330       0.89700830628184303     
   5.6666666666666661        4.6666666666666661       0.97750789375911240     
   5.6666666666666661        5.0000000000000000        1.0420371782502202     
   5.6666666666666661        5.3333333333333330       0.93162202181057940     
   5.6666666666666661        5.6666666666666661       0.73886955436510526     
   5.6666666666666661        6.0000000000000000       0.40249060163303518     
   5.6666666666666661        6.3333333333333330       0.39401500434917169     
   5.6666666666666661        6.6666666666666661       0.19649275463287572     
   5.6666666666666661        7.0000000000000000       0.11424566381253265     
   5.6666666666666661        7.3333333333333330        6.2121782422536111E-002
   5.6666666666666661        7.6666666666666661        5.8278528501080444E-002
   5.6666666666666661        8.0000000000000000        2.0838815642871735E-002
   5.6666666666666661        8.3333333333333321        1.8069058830320568E-002
   5.6666666666666661        8.6666666666666661        1.4060405686879870E-002
   5.6666666666666661        9.0000000000000000        1.4402535958777823E-003
   5.6666666666666661        9.3333333333333321        1.8483110416318046E-003
   5.6666666666666661        9.6666666666666661        9.8601570518970440E-004
   5.6666666666666661        10.000000000000000        0.0000000000000000     
 
   6.0000000000000000        0.0000000000000000        0.0000000000000000     
   6.0000000000000000       0.33333333333333331        9.3725233898070751E-004
   6.0000000000000000       0.66666666666666663        2.2867202313230318E-003
   6.0000000000000000        1.0000000000000000        5.1403800621430623E-003
   6.0000000000000000        1.3333333333333333        0.0000000000000000     
   6.0000000000000000        1.6666666666666665        3.2091456568560772E-002
   6.0000000000000000        2.0000000000000000        3.7547459440288561E-002
   6.0000000000000000        2.3333333333333330        7.8723966193492118E-002
   6.0000000000000000        2.6666666666666665       0.11114977864483463     
   6.0000000000000000        3.0000000000000000       0.57912310873115258     
   6.0000000000000000        3.3333333333333330       0.59498974736714472     
   6.0000000000000000        3.6666666666666665       0.63757182063446904     
   6.0000000000000000        4.0000000000000000       0.70631819267119378     
   6.0000000000000000        4.3333333333333330       0.77591687328786307     
   6.0000000000000000        4.6666666666666661       0.82321918180546716     
   6.0000000000000000        5.0000000000000000       0.71614677535830251     
   6.0000000000000000        5.3333333333333330       0.75711251267640611     
   6.0000000000000000        5.6666666666666661       0.58586618133714352     
   6.0000000000000000        6.0000000000000000       0.41623016710399119     
   6.0000000000000000        6.3333333333333330       0.32557053101499112     
   6.0000000000000000        6.6666666666666661       0.20939644379371986     
   6.0000000000000000        7.0000000000000000       0.12525647633959131     
   6.0000000000000000        7.3333333333333330        7.4162167381390656E-002
   6.0000000000000000        7.6666666666666661        4.9106989633752429E-002
   6.0000000000000000        8.0000000000000000        2.7537048770920218E-002
   6.0000000000000000        8.3333333333333321        1.8195131909581681E-002
   6.0000000000000000        8.6666666666666661        1.3483511915824180E-002
   6.0000000000000000        9.0000000000000000        2.9387882844280244E-003
   6.0000000000000000        9.3333333333333321        1.8690783947098522E-003
   6.0000000000000000        9.6666666666666661        8.7532063558475438E-004
   6.0000000000000000        10.000000000000000        0.0000000000000000     
 
   6.3333333333333330        0.0000000000000000        0.0000000000000000     
   6.3333333333333330       0.33333333333333331        7.9296893765160644E-004
   6.3333333333333330       0.66666666666666663        1.7693356078992239E-003
   6.3333333333333330        1.0000000000000000        3.1023626363333033E-003
   6.3333333333333330        1.3333333333333333        7.8738702813766544E-003
   6.3333333333333330        1.6666666666666665        2.4370598354765908E-002
   6.3333333333333330        2.0000000000000000        3.4957133977075554E-002
   6.3333333333333330        2.3333333333333330        5.5211696308835857E-002
   6.3333333333333330        2.6666666666666665        7.2622500489002179E-002
   6.3333333333333330        3.0000000000000000        6.4460373821435962E-002
   6.3333333333333330        3.3333333333333330       0.53692216778143698     
   6.3333333333333330        3.6666666666666665       0.55291334734759034     
   6.3333333333333330        4.0000000000000000       0.59998192701680453     
   6.3333333333333330        4.3333333333333330       0.65261667506040100     
   6.3333333333333330        4.6666666666666661       0.68200001155726242     
   6.3333333333333330        5.0000000000000000       0.64939485534138630     
   6.3333333333333330        5.3333333333333330       0.38916744277336329     
   6.3333333333333330        5.6666666666666661       0.41254556823595623     
   6.3333333333333330        6.0000000000000000       0.35113943378221801     
   6.3333333333333330        6.3333333333333330       0.28978333172423709     
   6.3333333333333330        6.6666666666666661       0.20081241742598102     
   6.3333333333333330        7.0000000000000000       0.11319098750208545     
   6.3333333333333330        7.3333333333333330        6.8349309651995274E-002
   6.3333333333333330        7.6666666666666661        4.3146490528226618E-002
   6.3333333333333330        8.0000000000000000        2.6587145860347015E-002
   6.3333333333333330        8.3333333333333321        1.7184585434857656E-002
   6.3333333333333330        8.6666666666666661        1.1031323902487615E-002
   6.3333333333333330        9.0000000000000000        4.7566463642320011E-003
   6.3333333333333330        9.3333333333333321        2.3078141587765154E-003
   6.3333333333333330        9.6666666666666661        8.8435509882379461E-004
   6.3333333333333330        10.000000000000000        0.0000000000000000     
 
   6.6666666666666661        0.0000000000000000        0.0000000000000000     
   6.6666666666666661       0.33333333333333331        6.6672354943142238E-004
   6.6666666666666661       0.66666666666666663        1.3255835210771961E-003
   6.6666666666666661        1.0000000000000000        6.4500351066886005E-003
   6.6666666666666661        1.3333333333333333        9.7981782289643521E-003
   6.6666666666666661        1.6666666666666665        1.8239843717415830E-002
   6.6666666666666661        2.0000000000000000        2.8312017897366606E-002
   6.6666666666666661        2.3333333333333330        4.2044252684756624E-002
   6.6666666666666661        2.6666666666666665        6.0299911140035529E-002
   6.6666666666666661        3.0000000000000000        7.4931247735838230E-002
   6.6666666666666661        3.3333333333333330       0.31014452230198880     
   6.6666666666666661        3.6666666666666665       0.44618860748796157     
   6.6666666666666661        4.0000000000000000       0.48903261364932216     
   6.6666666666666661        4.3333333333333330       0.54495605243499401     
   6.6666666666666661        4.6666666666666661       0.58880426655503360     
   6.6666666666666661        5.0000000000000000       0.53681409336554131     
   6.6666666666666661        5.3333333333333330       0.37007397730118402     
   6.6666666666666661        5.6666666666666661       0.32369421246744301     
   6.6666666666666661        6.0000000000000000       0.29061464343660315     
   6.6666666666666661        6.3333333333333330        9.5703684519125906E-002
   6.6666666666666661        6.6666666666666661        6.2537527495563475E-002
   6.6666666666666661        7.0000000000000000        6.7312446856476540E-002
   6.6666666666666661        7.3333333333333330        5.0369837525631081E-002
   6.6666666666666661        7.6666666666666661        3.4475333288338288E-002
   6.6666666666666661        8.0000000000000000        2.2871375946597158E-002
   6.6666666666666661        8.3333333333333321        1.6197113261842748E-002
   6.6666666666666661        8.6666666666666661        4.3473759774705903E-003
   6.6666666666666661        9.0000000000000000        3.8707631933697995E-003
   6.6666666666666661        9.3333333333333321        1.0596639380936039E-003
   6.6666666666666661        9.6666666666666661        5.9195820047931930E-004
   6.6666666666666661        10.000000000000000        0.0000000000000000     
 
   7.0000000000000000        0.0000000000000000        0.0000000000000000     
   7.0000000000000000       0.33333333333333331        7.2753693047657511E-004
   7.0000000000000000       0.66666666666666663        1.8891524948901959E-003
   7.0000000000000000        1.0000000000000000        4.6677339725351898E-003
   7.0000000000000000        1.3333333333333333        8.8339284362107841E-003
   7.0000000000000000        1.6666666666666665        1.4056530106935703E-002
   7.0000000000000000        2.0000000000000000        2.2991882108760776E-002
   7.0000000000000000        2.3333333333333330        3.0984427819933123E-002
   7.0000000000000000        2.6666666666666665        8.0966959444994019E-002
   7.0000000000000000        3.0000000000000000       0.11069900501790031     
   7.0000000000000000        3.3333333333333330       0.19064618517951742     
   7.0000000000000000        3.6666666666666665       0.28662791549202771     
   7.0000000000000000        4.0000000000000000       0.37493341978123895     
   7.0000000000000000        4.3333333333333330       0.45359716960528035     
   7.0000000000000000        4.6666666666666661        6.7958723410100730E-002
   7.0000000000000000        5.0000000000000000       0.18265685627844469     
   7.0000000000000000        5.3333333333333330       0.23616921894893819     
   7.0000000000000000        5.6666666666666661       0.22793900439532536     
   7.0000000000000000        6.0000000000000000       0.20476621923577351     
   7.0000000000000000        6.3333333333333330       0.10517796489297178     
   7.0000000000000000        6.6666666666666661        6.5385635488699884E-002
   7.0000000000000000        7.0000000000000000        5.0646389467841682E-002
   7.0000000000000000        7.3333333333333330        3.7788047977853075E-002
   7.0000000000000000        7.6666666666666661        2.6676603393269913E-002
   7.0000000000000000        8.0000000000000000        1.8182663977374256E-002
   7.0000000000000000        8.3333333333333321        1.1655130309143891E-002
   7.0000000000000000        8.6666666666666661        5.9090819045370174E-003
   7.0000000000000000        9.0000000000000000        3.4844719742286971E-003
   7.0000000000000000        9.3333333333333321        1.8271766029189275E-003
   7.0000000000000000        9.6666666666666661        1.9508088615703621E-004
   7.0000000000000000        10.000000000000000        0.0000000000000000     
 
   7.3333333333333330        0.0000000000000000        0.0000000000000000     
   7.3333333333333330       0.33333333333333331        5.5278851352767342E-004
   7.3333333333333330       0.66666666666666663        1.3307046588048761E-003
   7.3333333333333330        1.0000000000000000        2.6499092914129660E-003
   7.3333333333333330        1.3333333333333333        6.5841700521151059E-003
   7.3333333333333330        1.6666666666666665        9.1186792770163519E-003
   7.3333333333333330        2.0000000000000000        2.2395218233939786E-002
   7.3333333333333330        2.3333333333333330        3.3412608846862535E-002
   7.3333333333333330        2.6666666666666665        6.2170129657215377E-002
   7.3333333333333330        3.0000000000000000       0.10898551223192778     
   7.3333333333333330        3.3333333333333330       0.16689297601545555     
   7.3333333333333330        3.6666666666666665       0.21711890632946490     
   7.3333333333333330        4.0000000000000000       0.28662791549202771     
   7.3333333333333330        4.3333333333333330        6.7958723410100730E-002
   7.3333333333333330        4.6666666666666661        7.7277504831511981E-002
   7.3333333333333330        5.0000000000000000       0.14097836166733760     
   7.3333333333333330        5.3333333333333330       0.17424156871148991     
   7.3333333333333330        5.6666666666666661       0.15680172582691601     
   7.3333333333333330        6.0000000000000000        5.5028274477662405E-002
   7.3333333333333330        6.3333333333333330        6.3542294892628332E-002
   7.3333333333333330        6.6666666666666661        5.0674156073031051E-002
   7.3333333333333330        7.0000000000000000        3.8702830361101864E-002
   7.3333333333333330        7.3333333333333330        2.9001378387034465E-002
   7.3333333333333330        7.6666666666666661        2.0663839053393418E-002
   7.3333333333333330        8.0000000000000000        1.4881390829827220E-002
   7.3333333333333330        8.3333333333333321        8.7020358417655881E-003
   7.3333333333333330        8.6666666666666661        5.5096444525049720E-003
   7.3333333333333330        9.0000000000000000        3.2050851759901915E-003
   7.3333333333333330        9.3333333333333321        1.4273959492758384E-003
   7.3333333333333330        9.6666666666666661        4.4698447835229299E-004
   7.3333333333333330        10.000000000000000        0.0000000000000000     
 
   7.6666666666666661        0.0000000000000000        0.0000000000000000     
   7.6666666666666661       0.33333333333333331        3.0890777212934682E-004
   7.6666666666666661       0.66666666666666663        5.9502087018895380E-004
   7.6666666666666661        1.0000000000000000        4.4797079877887487E-003
   7.6666666666666661        1.3333333333333333        5.7439404680370903E-003
   7.6666666666666661        1.6666666666666665        8.8698752867510649E-003
   7.6666666666666661        2.0000000000000000        1.5743416671550634E-002
   7.6666666666666661        2.3333333333333330        2.3853018626303471E-002
   7.6666666666666661        2.6666666666666665        3.4174794382736962E-002
   7.6666666666666661        3.0000000000000000        2.2261078596151410E-002
   7.6666666666666661        3.3333333333333330        9.0862103356552690E-002
   7.6666666666666661        3.6666666666666665       0.14624200365227397     
   7.6666666666666661        4.0000000000000000        7.4183454494359934E-003
   7.6666666666666661        4.3333333333333330        2.7993208432564927E-002
   7.6666666666666661        4.6666666666666661        4.1312351454262042E-002
   7.6666666666666661        5.0000000000000000        1.4549274316457843E-002
   7.6666666666666661        5.3333333333333330        7.0132405264909228E-002
   7.6666666666666661        5.6666666666666661        7.8378866031563105E-002
   7.6666666666666661        6.0000000000000000        5.3757545775458902E-002
   7.6666666666666661        6.3333333333333330        5.0748124264146682E-002
   7.6666666666666661        6.6666666666666661        4.1825198372869563E-002
   7.6666666666666661        7.0000000000000000        3.0275541307476228E-002
   7.6666666666666661        7.3333333333333330        2.3625542911140562E-002
   7.6666666666666661        7.6666666666666661        1.5818208710456527E-002
   7.6666666666666661        8.0000000000000000        3.6282520849328596E-003
   7.6666666666666661        8.3333333333333321        4.6277230986118386E-003
   7.6666666666666661        8.6666666666666661        9.9993740316996834E-004
   7.6666666666666661        9.0000000000000000        5.2532729687105489E-004
   7.6666666666666661        9.3333333333333321        6.1318085383956324E-004
   7.6666666666666661        9.6666666666666661        2.9080652424316402E-004
   7.6666666666666661        10.000000000000000        0.0000000000000000     
 
   8.0000000000000000        0.0000000000000000        0.0000000000000000     
   8.0000000000000000       0.33333333333333331        1.7942289301646434E-004
   8.0000000000000000       0.66666666666666663        3.1866740413101404E-004
   8.0000000000000000        1.0000000000000000        3.5264456005270010E-003
   8.0000000000000000        1.3333333333333333        4.5523614395981717E-003
   8.0000000000000000        1.6666666666666665        6.9776125879353595E-003
   8.0000000000000000        2.0000000000000000        1.1158808759432433E-002
   8.0000000000000000        2.3333333333333330        1.6608082429567766E-002
   8.0000000000000000        2.6666666666666665        2.2358943676368231E-002
   8.0000000000000000        3.0000000000000000        2.6972665463764048E-002
   8.0000000000000000        3.3333333333333330        4.7218024902071096E-002
   8.0000000000000000        3.6666666666666665        7.4183454494359934E-003
   8.0000000000000000        4.0000000000000000        9.1767696841983468E-003
   8.0000000000000000        4.3333333333333330        1.9424084292393024E-002
   8.0000000000000000        4.6666666666666661        2.4727809957737244E-002
   8.0000000000000000        5.0000000000000000        1.7814672791285548E-002
   8.0000000000000000        5.3333333333333330        2.7722341434673461E-002
   8.0000000000000000        5.6666666666666661        4.0636013580324551E-002
   8.0000000000000000        6.0000000000000000        3.7755251973671397E-002
   8.0000000000000000        6.3333333333333330        0.0000000000000000     
   8.0000000000000000        6.6666666666666661        1.8121445003508319E-002
   8.0000000000000000        7.0000000000000000        2.2035469337548828E-002
   8.0000000000000000        7.3333333333333330        3.7717895835777341E-003
   8.0000000000000000        7.6666666666666661        6.1857800757567950E-003
   8.0000000000000000        8.0000000000000000        3.5393806930303939E-003
   8.0000000000000000        8.3333333333333321        2.6526887763730052E-003
   8.0000000000000000        8.6666666666666661        1.2966282133396816E-003
   8.0000000000000000        9.0000000000000000        5.9768930702328526E-004
   8.0000000000000000        9.3333333333333321        3.8690293066940716E-004
   8.0000000000000000        9.6666666666666661        1.8896068275007119E-004
   8.0000000000000000        10.000000000000000        0.0000000000000000     
 
   8.3333333333333321        0.0000000000000000        0.0000000000000000     
   8.3333333333333321       0.33333333333333331        1.4674804888981839E-004
   8.3333333333333321       0.66666666666666663        2.8118980451459930E-004
   8.3333333333333321        1.0000000000000000        1.9231019318099347E-003
   8.3333333333333321        1.3333333333333333        3.1984407399606256E-003
   8.3333333333333321        1.6666666666666665        5.0659652328902188E-003
   8.3333333333333321        2.0000000000000000        7.8437133406090691E-003
   8.3333333333333321        2.3333333333333330        1.2563382239713707E-002
   8.3333333333333321        2.6666666666666665        1.6102413163562822E-002
   8.3333333333333321        3.0000000000000000        2.1214312631370739E-002
   8.3333333333333321        3.3333333333333330        3.1330402393098061E-002
   8.3333333333333321        3.6666666666666665        3.5272438776873241E-003
   8.3333333333333321        4.0000000000000000        4.4432567511022911E-003
   8.3333333333333321        4.3333333333333330        6.5208417136357983E-004
   8.3333333333333321        4.6666666666666661        4.0947221676160294E-004
   8.3333333333333321        5.0000000000000000        1.5994884995856364E-002
   8.3333333333333321        5.3333333333333330        1.9148512977630164E-002
   8.3333333333333321        5.6666666666666661        2.4070416332314215E-002
   8.3333333333333321        6.0000000000000000        2.4287554736596381E-002
   8.3333333333333321        6.3333333333333330        6.0672595380825431E-003
   8.3333333333333321        6.6666666666666661        0.0000000000000000     
   8.3333333333333321        7.0000000000000000        1.5322595410756231E-003
   8.3333333333333321        7.3333333333333330        2.2524524017185489E-003
   8.3333333333333321        7.6666666666666661        2.9503632137988798E-003
   8.3333333333333321        8.0000000000000000        2.5529735213702673E-003
   8.3333333333333321        8.3333333333333321        1.8221077839674139E-003
   8.3333333333333321        8.6666666666666661        3.3306918265251921E-004
   8.3333333333333321        9.0000000000000000        3.6066663047707668E-004
   8.3333333333333321        9.3333333333333321        2.6628375168441873E-004
   8.3333333333333321        9.6666666666666661        1.3692937255492058E-004
   8.3333333333333321        10.000000000000000        0.0000000000000000     
 
   8.6666666666666661        0.0000000000000000        0.0000000000000000     
   8.6666666666666661       0.33333333333333331        1.7508482158791529E-004
   8.6666666666666661       0.66666666666666663        4.7045028107502775E-004
   8.6666666666666661        1.0000000000000000        1.2239310617676682E-003
   8.6666666666666661        1.3333333333333333        2.1528034767097563E-003
   8.6666666666666661        1.6666666666666665        3.5754954007971005E-003
   8.6666666666666661        2.0000000000000000        4.5045741739425495E-003
   8.6666666666666661        2.3333333333333330        7.2664342903658767E-003
   8.6666666666666661        2.6666666666666665        1.1791585670910019E-002
   8.6666666666666661        3.0000000000000000        1.4812608170298995E-002
   8.6666666666666661        3.3333333333333330        0.0000000000000000     
   8.6666666666666661        3.6666666666666665        9.9814400571760962E-004
   8.6666666666666661        4.0000000000000000        1.6945820557327793E-003
   8.6666666666666661        4.3333333333333330        8.5454959449450811E-004
   8.6666666666666661        4.6666666666666661        5.4585451578389988E-004
   8.6666666666666661        5.0000000000000000        1.0030705409276981E-002
   8.6666666666666661        5.3333333333333330        1.2212121239300778E-002
   8.6666666666666661        5.6666666666666661        1.6112645980280855E-002
   8.6666666666666661        6.0000000000000000        1.5024592535409676E-002
   8.6666666666666661        6.3333333333333330        7.4510919583505638E-003
   8.6666666666666661        6.6666666666666661        1.1932404916463720E-003
   8.6666666666666661        7.0000000000000000        1.2355065383560678E-003
   8.6666666666666661        7.3333333333333330        1.3316317028638806E-003
   8.6666666666666661        7.6666666666666661        1.5263401395748080E-003
   8.6666666666666661        8.0000000000000000        5.1936049163908975E-004
   8.6666666666666661        8.3333333333333321        7.4715308625856037E-004
   8.6666666666666661        8.6666666666666661        4.1416491943473154E-004
   8.6666666666666661        9.0000000000000000        7.7636947571538392E-005
   8.6666666666666661        9.3333333333333321        3.5746357874820727E-005
   8.6666666666666661        9.6666666666666661        0.0000000000000000     
   8.6666666666666661        10.000000000000000        0.0000000000000000     
 
   9.0000000000000000        0.0000000000000000        0.0000000000000000     
   9.0000000000000000       0.33333333333333331        1.4153457955290655E-004
   9.0000000000000000       0.66666666666666663        3.5342979051484780E-004
   9.0000000000000000        1.0000000000000000        7.2619796528214484E-004
   9.0000000000000000        1.3333333333333333        1.2456772648039873E-003
   9.0000000000000000        1.6666666666666665        1.7415913775742984E-003
   9.0000000000000000        2.0000000000000000        3.3108408697961290E-003
   9.0000000000000000        2.3333333333333330        4.6382862951947750E-003
   9.0000000000000000        2.6666666666666665        2.1537012043816486E-005
   9.0000000000000000        3.0000000000000000        4.6943860734726753E-005
   9.0000000000000000        3.3333333333333330        3.2359312033415156E-004
   9.0000000000000000        3.6666666666666665        5.8345317014592843E-004
   9.0000000000000000        4.0000000000000000        9.2932651432145268E-004
   9.0000000000000000        4.3333333333333330        7.7578609378017090E-004
   9.0000000000000000        4.6666666666666661        6.4366757238093790E-005
   9.0000000000000000        5.0000000000000000        4.8186233313899781E-003
   9.0000000000000000        5.3333333333333330        5.9740272532571494E-003
   9.0000000000000000        5.6666666666666661        1.0427753319127030E-003
   9.0000000000000000        6.0000000000000000        1.7429423382348626E-003
   9.0000000000000000        6.3333333333333330        2.8140179949314027E-003
   9.0000000000000000        6.6666666666666661        1.4838674637393326E-003
   9.0000000000000000        7.0000000000000000        4.8909519074058277E-004
   9.0000000000000000        7.3333333333333330        6.7710263964129616E-004
   9.0000000000000000        7.6666666666666661        7.0077522342209164E-004
   9.0000000000000000        8.0000000000000000        4.5129051028955434E-004
   9.0000000000000000        8.3333333333333321        4.5041379452301632E-004
   9.0000000000000000        8.6666666666666661        2.9202356357129096E-004
   9.0000000000000000        9.0000000000000000        1.0536088689322501E-004
   9.0000000000000000        9.3333333333333321        4.9143368339704000E-005
   9.0000000000000000        9.6666666666666661        2.9443519145213077E-006
   9.0000000000000000        10.000000000000000        0.0000000000000000     
 
   9.3333333333333321        0.0000000000000000        0.0000000000000000     
   9.3333333333333321       0.33333333333333331        8.5762718790536514E-005
   9.3333333333333321       0.66666666666666663        1.9265387838166687E-004
   9.3333333333333321        1.0000000000000000        3.1435659559902752E-004
   9.3333333333333321        1.3333333333333333        3.7140189497949301E-004
   9.3333333333333321        1.6666666666666665        7.0165420916236442E-004
   9.3333333333333321        2.0000000000000000        4.9031500338289868E-005
   9.3333333333333321        2.3333333333333330        2.3247051732254666E-005
   9.3333333333333321        2.6666666666666665        2.9641749411610909E-005
   9.3333333333333321        3.0000000000000000        6.3707482931102936E-005
   9.3333333333333321        3.3333333333333330        1.6462607901640748E-004
   9.3333333333333321        3.6666666666666665        2.5539692217145218E-004
   9.3333333333333321        4.0000000000000000        0.0000000000000000     
   9.3333333333333321        4.3333333333333330        6.0922250403144478E-005
   9.3333333333333321        4.6666666666666661        8.4666140670738233E-005
   9.3333333333333321        5.0000000000000000        1.2089909718956062E-003
   9.3333333333333321        5.3333333333333330        2.2074996422714946E-003
   9.3333333333333321        5.6666666666666661        1.3357461226338920E-003
   9.3333333333333321        6.0000000000000000        1.1066768413677845E-003
   9.3333333333333321        6.3333333333333330        1.2258927683823290E-003
   9.3333333333333321        6.6666666666666661        8.2359763515735317E-004
   9.3333333333333321        7.0000000000000000        4.4857110272087368E-004
   9.3333333333333321        7.3333333333333330        3.8391110980106106E-004
   9.3333333333333321        7.6666666666666661        3.4947009901063628E-004
   9.3333333333333321        8.0000000000000000        2.7319864097522163E-004
   9.3333333333333321        8.3333333333333321        2.4887520274989815E-005
   9.3333333333333321        8.6666666666666661        2.3209025850623587E-005
   9.3333333333333321        9.0000000000000000        3.8420911205414590E-005
   9.3333333333333321        9.3333333333333321        2.3903829845654814E-005
   9.3333333333333321        9.6666666666666661        7.0152349795589792E-006
   9.3333333333333321        10.000000000000000        0.0000000000000000     
 
   9.6666666666666661        0.0000000000000000        0.0000000000000000     
   9.6666666666666661       0.33333333333333331        3.8740919991125238E-005
   9.6666666666666661       0.66666666666666663        8.2951904766937720E-005
   9.6666666666666661        1.0000000000000000        1.2944700789749094E-004
   9.6666666666666661        1.3333333333333333        1.6506276100644471E-004
   9.6666666666666661        1.6666666666666665        2.1558017339949164E-004
   9.6666666666666661        2.0000000000000000        6.6771571288979219E-005
   9.6666666666666661        2.3333333333333330        2.5416794070439159E-005
   9.6666666666666661        2.6666666666666665        2.0724879333157670E-005
   9.6666666666666661        3.0000000000000000        3.5257627151964141E-005
   9.6666666666666661        3.3333333333333330        6.8696862990742243E-005
   9.6666666666666661        3.6666666666666665        9.7553692248812451E-005
   9.6666666666666661        4.0000000000000000        2.4227751901411976E-005
   9.6666666666666661        4.3333333333333330        5.5718220021852128E-005
   9.6666666666666661        4.6666666666666661        1.5382250528755845E-004
   9.6666666666666661        5.0000000000000000        5.1678212986249156E-004
   9.6666666666666661        5.3333333333333330        8.3823594318034589E-004
   9.6666666666666661        5.6666666666666661        1.8011472039557405E-004
   9.6666666666666661        6.0000000000000000        4.1076544087593868E-004
   9.6666666666666661        6.3333333333333330        4.6704198712731046E-004
   9.6666666666666661        6.6666666666666661        3.5523731442654117E-004
   9.6666666666666661        7.0000000000000000        2.2820062396571277E-004
   9.6666666666666661        7.3333333333333330        1.7605773442835377E-004
   9.6666666666666661        7.6666666666666661        1.4614684102689750E-004
   9.6666666666666661        8.0000000000000000        1.0483618933728281E-004
   9.6666666666666661        8.3333333333333321        3.3709868310001394E-005
   9.6666666666666661        8.6666666666666661        1.6465065063414711E-005
   9.6666666666666661        9.0000000000000000        1.4812798410341695E-005
   9.6666666666666661        9.3333333333333321        9.7354548241239800E-006
   9.6666666666666661        9.6666666666666661        3.8273764596108829E-006
   9.6666666666666661        10.000000000000000        0.0000000000000000     
 
   10.000000000000000        0.0000000000000000        0.0000000000000000     
   10.000000000000000       0.33333333333333331        0.0000000000000000     
   10.000000000000000       0.66666666666666663        0.0000000000000000     
   10.000000000000000        1.0000000000000000        0.0000000000000000     
   10.000000000000000        1.3333333333333333        0.0000000000000000     
   10.000000000000000        1.6666666666666665        0.0000000000000000     
   10.000000000000000        2.0000000000000000        0.0000000000000000     
   10.000000000000000        2.3333333333333330        0.0000000000000000     
   10.000000000000000        2.6666666666666665        0.0000000000000000     
   10.000000000000000        3.0000000000000000        0.0000000000000000     
   10.000000000000000        3.3333333333333330        0.0000000000000000     
   10.000000000000000        3.6666666666666665        0.0000000000000000     
   10.000000000000000        4.0000000000000000        0.0000000000000000     
   10.000000000000000        4.3333333333333330        0.0000000000000000     
   10.000000000000000        4.6666666666666661        0.0000000000000000     
   10.000000000000000        5.0000000000000000        0.0000000000000000     
   10.000000000000000        5.3333333333333330        0.0000000000000000     
   10.000000000000000        5.6666666666666661        0.0000000000000000     
   10.000000000000000        6.0000000000000000        0.0000000000000000     
   10.000000000000000        6.3333333333333330        0.0000000000000000     
   10.000000000000000        6.6666666666666661        0.0000000000000000     
   10.000000000000000        7.0000000000000000        0.0000000000000000     
   10.000000000000000        7.3333333333333330        0.0000000000000000     
   10.000000000000000        7.6666666666666661        0.0000000000000000     
   10.000000000000000        8.0000000000000000        0.0000000000000000     
   10.000000000000000        8.3333333333333321        0.0000000000000000     
   10.000000000000000        8.6666666666666661        0.0000000000000000     
   10.000000000000000        9.0000000000000000        0.0000000000000000     
   10.000000000000000        9.3333333333333321        0.0000000000000000     
   10.000000000000000        9.6666666666666661        0.0000000000000000     
   10.000000000000000        10.000000000000000        0.0000000000000000     
 
