   0.0000000000000000        0.0000000000000000        0.0000000000000000     
   0.0000000000000000       0.33333333333333331        0.0000000000000000     
   0.0000000000000000       0.66666666666666663        0.0000000000000000     
   0.0000000000000000        1.0000000000000000        0.0000000000000000     
   0.0000000000000000        1.3333333333333333        0.0000000000000000     
   0.0000000000000000        1.6666666666666665        0.0000000000000000     
   0.0000000000000000        2.0000000000000000        0.0000000000000000     
   0.0000000000000000        2.3333333333333330        0.0000000000000000     
   0.0000000000000000        2.6666666666666665        0.0000000000000000     
   0.0000000000000000        3.0000000000000000        0.0000000000000000     
   0.0000000000000000        3.3333333333333330        0.0000000000000000     
   0.0000000000000000        3.6666666666666665        0.0000000000000000     
   0.0000000000000000        4.0000000000000000        0.0000000000000000     
   0.0000000000000000        4.3333333333333330        0.0000000000000000     
   0.0000000000000000        4.6666666666666661        0.0000000000000000     
   0.0000000000000000        5.0000000000000000        0.0000000000000000     
   0.0000000000000000        5.3333333333333330        0.0000000000000000     
   0.0000000000000000        5.6666666666666661        0.0000000000000000     
   0.0000000000000000        6.0000000000000000        0.0000000000000000     
   0.0000000000000000        6.3333333333333330        0.0000000000000000     
   0.0000000000000000        6.6666666666666661        0.0000000000000000     
   0.0000000000000000        7.0000000000000000        0.0000000000000000     
   0.0000000000000000        7.3333333333333330        0.0000000000000000     
   0.0000000000000000        7.6666666666666661        0.0000000000000000     
   0.0000000000000000        8.0000000000000000        0.0000000000000000     
   0.0000000000000000        8.3333333333333321        0.0000000000000000     
   0.0000000000000000        8.6666666666666661        0.0000000000000000     
   0.0000000000000000        9.0000000000000000        0.0000000000000000     
   0.0000000000000000        9.3333333333333321        0.0000000000000000     
   0.0000000000000000        9.6666666666666661        0.0000000000000000     
   0.0000000000000000        10.000000000000000        0.0000000000000000     
 
  0.33333333333333331        0.0000000000000000        0.0000000000000000     
  0.33333333333333331       0.33333333333333331        4.5644165604610136E-006
  0.33333333333333331       0.66666666666666663        7.4676411929819083E-006
  0.33333333333333331        1.0000000000000000        6.5090995752229170E-006
  0.33333333333333331        1.3333333333333333        1.4636816129738856E-005
  0.33333333333333331        1.6666666666666665        2.4246450533640707E-005
  0.33333333333333331        2.0000000000000000        4.3738042161101576E-005
  0.33333333333333331        2.3333333333333330        6.2953020143644069E-005
  0.33333333333333331        2.6666666666666665        6.3692819642684914E-005
  0.33333333333333331        3.0000000000000000        1.5025979102733765E-004
  0.33333333333333331        3.3333333333333330        1.7291436408816026E-004
  0.33333333333333331        3.6666666666666665        1.5461143881541949E-004
  0.33333333333333331        4.0000000000000000        1.5045648743583422E-004
  0.33333333333333331        4.3333333333333330        1.5931907547814920E-004
  0.33333333333333331        4.6666666666666661        1.1482850646642578E-004
  0.33333333333333331        5.0000000000000000        2.2384295426987588E-004
  0.33333333333333331        5.3333333333333330        6.2831798675252093E-004
  0.33333333333333331        5.6666666666666661        8.8469416930135093E-004
  0.33333333333333331        6.0000000000000000        1.1202596442462236E-003
  0.33333333333333331        6.3333333333333330        1.3074810666600452E-003
  0.33333333333333331        6.6666666666666661        8.3899468437643500E-004
  0.33333333333333331        7.0000000000000000        1.4555058331383710E-003
  0.33333333333333331        7.3333333333333330        5.6443696650189845E-004
  0.33333333333333331        7.6666666666666661        4.0871868293331350E-004
  0.33333333333333331        8.0000000000000000        2.6758324013178235E-004
  0.33333333333333331        8.3333333333333321        1.4974498559161033E-004
  0.33333333333333331        8.6666666666666661        9.6572670614954433E-005
  0.33333333333333331        9.0000000000000000        6.2323237829249031E-005
  0.33333333333333331        9.3333333333333321        3.0411651896935177E-005
  0.33333333333333331        9.6666666666666661        1.2124473772365680E-005
  0.33333333333333331        10.000000000000000        0.0000000000000000     
 
  0.66666666666666663        0.0000000000000000        0.0000000000000000     
  0.66666666666666663       0.33333333333333331        1.2531823056651865E-005
  0.66666666666666663       0.66666666666666663        2.1656843677159107E-005
  0.66666666666666663        1.0000000000000000        4.2242423017192699E-005
  0.66666666666666663        1.3333333333333333        3.3514882081069873E-005
  0.66666666666666663        1.6666666666666665        4.7862146976098159E-005
  0.66666666666666663        2.0000000000000000        1.0388223109105782E-004
  0.66666666666666663        2.3333333333333330        1.6688875837886783E-004
  0.66666666666666663        2.6666666666666665        4.3643781419602996E-004
  0.66666666666666663        3.0000000000000000        4.1436680728005666E-004
  0.66666666666666663        3.3333333333333330        4.4356960438206528E-004
  0.66666666666666663        3.6666666666666665        3.4730867727927444E-004
  0.66666666666666663        4.0000000000000000        3.3966329678839212E-004
  0.66666666666666663        4.3333333333333330        4.2635278331135514E-004
  0.66666666666666663        4.6666666666666661        0.0000000000000000     
  0.66666666666666663        5.0000000000000000        1.3959741915548580E-003
  0.66666666666666663        5.3333333333333330        1.5977535575598318E-003
  0.66666666666666663        5.6666666666666661        2.0537731761567164E-003
  0.66666666666666663        6.0000000000000000        2.6138688100983414E-003
  0.66666666666666663        6.3333333333333330        3.6392275658822114E-003
  0.66666666666666663        6.6666666666666661        6.0462600247061377E-003
  0.66666666666666663        7.0000000000000000        4.8363255847824480E-003
  0.66666666666666663        7.3333333333333330        6.9938862006690484E-004
  0.66666666666666663        7.6666666666666661        9.3356225237895213E-004
  0.66666666666666663        8.0000000000000000        6.0098469142678003E-004
  0.66666666666666663        8.3333333333333321        2.8704171704612634E-004
  0.66666666666666663        8.6666666666666661        2.0922510709292486E-004
  0.66666666666666663        9.0000000000000000        1.4550866951134410E-004
  0.66666666666666663        9.3333333333333321        5.8831871136135090E-005
  0.66666666666666663        9.6666666666666661        2.2811447733651341E-005
  0.66666666666666663        10.000000000000000        0.0000000000000000     
 
   1.0000000000000000        0.0000000000000000        0.0000000000000000     
   1.0000000000000000       0.33333333333333331        2.8556852781713771E-005
   1.0000000000000000       0.66666666666666663        5.2989531031465657E-005
   1.0000000000000000        1.0000000000000000        6.6986859706265621E-005
   1.0000000000000000        1.3333333333333333        4.2242423017192699E-005
   1.0000000000000000        1.6666666666666665        1.5680499724945066E-004
   1.0000000000000000        2.0000000000000000        1.9461630435604438E-004
   1.0000000000000000        2.3333333333333330        3.9200998218313373E-004
   1.0000000000000000        2.6666666666666665        6.0326230661417234E-004
   1.0000000000000000        3.0000000000000000        7.6071656423492672E-004
   1.0000000000000000        3.3333333333333330        9.7884615109770793E-004
   1.0000000000000000        3.6666666666666665        5.6540766529236198E-004
   1.0000000000000000        4.0000000000000000        5.4887992858703479E-004
   1.0000000000000000        4.3333333333333330        9.2143589615880533E-004
   1.0000000000000000        4.6666666666666661        1.2300094093583402E-003
   1.0000000000000000        5.0000000000000000        1.6365294676003040E-003
   1.0000000000000000        5.3333333333333330        2.7920964364250337E-003
   1.0000000000000000        5.6666666666666661        3.7093200634748377E-003
   1.0000000000000000        6.0000000000000000        4.3732764761726106E-003
   1.0000000000000000        6.3333333333333330        7.9670735118844514E-003
   1.0000000000000000        6.6666666666666661        8.9093494939363835E-003
   1.0000000000000000        7.0000000000000000        8.3396160657823945E-003
   1.0000000000000000        7.3333333333333330        5.5876825570483207E-003
   1.0000000000000000        7.6666666666666661        2.3182830686638779E-003
   1.0000000000000000        8.0000000000000000        1.1115052437622496E-003
   1.0000000000000000        8.3333333333333321        5.0343457792436156E-004
   1.0000000000000000        8.6666666666666661        3.8242040560182823E-004
   1.0000000000000000        9.0000000000000000        3.0476499047848765E-004
   1.0000000000000000        9.3333333333333321        2.0836115367051848E-005
   1.0000000000000000        9.6666666666666661        2.9072875101251990E-005
   1.0000000000000000        10.000000000000000        0.0000000000000000     
 
   1.3333333333333333        0.0000000000000000        0.0000000000000000     
   1.3333333333333333       0.33333333333333331        5.8940069762874712E-005
   1.3333333333333333       0.66666666666666663        1.1369467758413454E-004
   1.3333333333333333        1.0000000000000000        1.5455872908120083E-004
   1.3333333333333333        1.3333333333333333        2.6129065438930030E-004
   1.3333333333333333        1.6666666666666665        1.7689829591648648E-004
   1.3333333333333333        2.0000000000000000        7.2195633045779562E-004
   1.3333333333333333        2.3333333333333330        7.3367585584273223E-004
   1.3333333333333333        2.6666666666666665        1.0164691686700270E-003
   1.3333333333333333        3.0000000000000000        1.2789084856038126E-003
   1.3333333333333333        3.3333333333333330        2.4303305266126151E-003
   1.3333333333333333        3.6666666666666665        4.7602154578235689E-003
   1.3333333333333333        4.0000000000000000        2.5005173879488370E-003
   1.3333333333333333        4.3333333333333330        2.0802045222876723E-003
   1.3333333333333333        4.6666666666666661        4.3199107850879102E-003
   1.3333333333333333        5.0000000000000000        4.7325938965350816E-003
   1.3333333333333333        5.3333333333333330        5.0165569066527860E-003
   1.3333333333333333        5.6666666666666661        6.6208522814764584E-003
   1.3333333333333333        6.0000000000000000        1.9922488934874118E-002
   1.3333333333333333        6.3333333333333330        1.6917836786716912E-002
   1.3333333333333333        6.6666666666666661        1.5539672648741166E-002
   1.3333333333333333        7.0000000000000000        1.3429388726145113E-002
   1.3333333333333333        7.3333333333333330        1.0381636263506397E-002
   1.3333333333333333        7.6666666666666661        5.6615069710570494E-004
   1.3333333333333333        8.0000000000000000        7.6424190435693052E-004
   1.3333333333333333        8.3333333333333321        7.9612626257502192E-004
   1.3333333333333333        8.6666666666666661        6.4481959766891157E-004
   1.3333333333333333        9.0000000000000000        4.9416967611454329E-004
   1.3333333333333333        9.3333333333333321        1.9697678221421931E-004
   1.3333333333333333        9.6666666666666661        8.3585356393910999E-005
   1.3333333333333333        10.000000000000000        0.0000000000000000     
 
   1.6666666666666665        0.0000000000000000        0.0000000000000000     
   1.6666666666666665       0.33333333333333331        1.1375576275642433E-004
   1.6666666666666665       0.66666666666666663        2.2705351762081222E-004
   1.6666666666666665        1.0000000000000000        3.3526682611496298E-004
   1.6666666666666665        1.3333333333333333        4.3518782979557944E-004
   1.6666666666666665        1.6666666666666665        1.1623226512023066E-003
   1.6666666666666665        2.0000000000000000        9.4717944788182758E-004
   1.6666666666666665        2.3333333333333330        1.0394420859442090E-003
   1.6666666666666665        2.6666666666666665        1.7585022663054776E-003
   1.6666666666666665        3.0000000000000000        5.8460009323278647E-003
   1.6666666666666665        3.3333333333333330        5.6791535199784658E-003
   1.6666666666666665        3.6666666666666665        6.0219096930567966E-003
   1.6666666666666665        4.0000000000000000        3.6544805999838021E-003
   1.6666666666666665        4.3333333333333330        3.4389102719754720E-003
   1.6666666666666665        4.6666666666666661        5.5491446445203622E-003
   1.6666666666666665        5.0000000000000000        5.7603257888366680E-003
   1.6666666666666665        5.3333333333333330        7.2487090882860546E-003
   1.6666666666666665        5.6666666666666661        1.2767797293500176E-002
   1.6666666666666665        6.0000000000000000        2.7228270824173027E-002
   1.6666666666666665        6.3333333333333330        2.8002086123389242E-002
   1.6666666666666665        6.6666666666666661        2.6466707262529619E-002
   1.6666666666666665        7.0000000000000000        2.2661719297892825E-002
   1.6666666666666665        7.3333333333333330        1.4756573483820694E-002
   1.6666666666666665        7.6666666666666661        4.8102369783859091E-004
   1.6666666666666665        8.0000000000000000        8.3518538731850367E-004
   1.6666666666666665        8.3333333333333321        1.5277258987637949E-003
   1.6666666666666665        8.6666666666666661        1.1182785894966994E-003
   1.6666666666666665        9.0000000000000000        7.0052072562739719E-004
   1.6666666666666665        9.3333333333333321        3.7991996706283307E-004
   1.6666666666666665        9.6666666666666661        1.3837420320688188E-004
   1.6666666666666665        10.000000000000000        0.0000000000000000     
 
   2.0000000000000000        0.0000000000000000        0.0000000000000000     
   2.0000000000000000       0.33333333333333331        2.0637206796326899E-004
   2.0000000000000000       0.66666666666666663        4.1923691081516485E-004
   2.0000000000000000        1.0000000000000000        6.3177779230697007E-004
   2.0000000000000000        1.3333333333333333        8.4760275298763202E-004
   2.0000000000000000        1.6666666666666665        1.7273031356827215E-003
   2.0000000000000000        2.0000000000000000        1.1623226512023066E-003
   2.0000000000000000        2.3333333333333330        2.9010179807988411E-003
   2.0000000000000000        2.6666666666666665        3.7221571501661970E-003
   2.0000000000000000        3.0000000000000000        7.4831208348322157E-003
   2.0000000000000000        3.3333333333333330        9.8098841665912317E-003
   2.0000000000000000        3.6666666666666665        1.1466907870187303E-002
   2.0000000000000000        4.0000000000000000        1.8993729119030325E-002
   2.0000000000000000        4.3333333333333330        2.0226071093035314E-002
   2.0000000000000000        4.6666666666666661        1.0144531208301163E-002
   2.0000000000000000        5.0000000000000000        7.0444598172928787E-003
   2.0000000000000000        5.3333333333333330        0.0000000000000000     
   2.0000000000000000        5.6666666666666661        9.4784477119148225E-002
   2.0000000000000000        6.0000000000000000        5.3461706654854634E-002
   2.0000000000000000        6.3333333333333330        4.6978279250596056E-002
   2.0000000000000000        6.6666666666666661        4.5095558303822246E-002
   2.0000000000000000        7.0000000000000000        4.0859357582155149E-002
   2.0000000000000000        7.3333333333333330        2.1082130911418478E-004
   2.0000000000000000        7.6666666666666661        2.9221670507073621E-004
   2.0000000000000000        8.0000000000000000        7.5699313365523921E-003
   2.0000000000000000        8.3333333333333321        3.8093631258677911E-003
   2.0000000000000000        8.6666666666666661        1.9430244081907859E-003
   2.0000000000000000        9.0000000000000000        1.0363539564132171E-003
   2.0000000000000000        9.3333333333333321        6.1200491045711105E-004
   2.0000000000000000        9.6666666666666661        9.8510199205835465E-005
   2.0000000000000000        10.000000000000000        0.0000000000000000     
 
   2.3333333333333330        0.0000000000000000        0.0000000000000000     
   2.3333333333333330       0.33333333333333331        3.5701159892060768E-004
   2.3333333333333330       0.66666666666666663        7.4085284012720789E-004
   2.3333333333333330        1.0000000000000000        1.1159081502497752E-003
   2.3333333333333330        1.3333333333333333        3.8074258767330504E-003
   2.3333333333333330        1.6666666666666665        4.2140839836345327E-003
   2.3333333333333330        2.0000000000000000        1.0680225313504156E-002
   2.3333333333333330        2.3333333333333330        1.4849002181721943E-002
   2.3333333333333330        2.6666666666666665        1.5349882471866897E-002
   2.3333333333333330        3.0000000000000000        1.2318470227439435E-002
   2.3333333333333330        3.3333333333333330        1.6782314185313434E-002
   2.3333333333333330        3.6666666666666665        2.1020510394799088E-002
   2.3333333333333330        4.0000000000000000        2.3259339280527130E-002
   2.3333333333333330        4.3333333333333330        3.4492895985716379E-002
   2.3333333333333330        4.6666666666666661        8.8386151744616351E-002
   2.3333333333333330        5.0000000000000000       0.13584534703312373     
   2.3333333333333330        5.3333333333333330       0.16699835582409520     
   2.3333333333333330        5.6666666666666661       0.14849883876798581     
   2.3333333333333330        6.0000000000000000        9.8733299090992571E-002
   2.3333333333333330        6.3333333333333330        6.9627128218226475E-002
   2.3333333333333330        6.6666666666666661        7.4200700397618044E-002
   2.3333333333333330        7.0000000000000000        6.2542732565418549E-002
   2.3333333333333330        7.3333333333333330        5.7388312073437968E-002
   2.3333333333333330        7.6666666666666661        2.9908996974690460E-002
   2.3333333333333330        8.0000000000000000        1.3222314908666235E-002
   2.3333333333333330        8.3333333333333321        5.2122768265775036E-003
   2.3333333333333330        8.6666666666666661        2.3680451089471057E-003
   2.3333333333333330        9.0000000000000000        1.2117840660284835E-003
   2.3333333333333330        9.3333333333333321        6.2080332940982013E-004
   2.3333333333333330        9.6666666666666661        2.3139736896566831E-004
   2.3333333333333330        10.000000000000000        0.0000000000000000     
 
   2.6666666666666665        0.0000000000000000        0.0000000000000000     
   2.6666666666666665       0.33333333333333331        5.8688388677134197E-004
   2.6666666666666665       0.66666666666666663        1.2867729086397141E-003
   2.6666666666666665        1.0000000000000000        2.2912156628109143E-003
   2.6666666666666665        1.3333333333333333        4.3886719391432148E-003
   2.6666666666666665        1.6666666666666665        8.1516111930593181E-003
   2.6666666666666665        2.0000000000000000        1.3137154296919440E-002
   2.6666666666666665        2.3333333333333330        1.8047556973841843E-002
   2.6666666666666665        2.6666666666666665        2.1539518601402966E-002
   2.6666666666666665        3.0000000000000000        3.3293480257527416E-002
   2.6666666666666665        3.3333333333333330        2.7295410001629179E-002
   2.6666666666666665        3.6666666666666665        3.6526984744985211E-002
   2.6666666666666665        4.0000000000000000        5.6265290320552400E-002
   2.6666666666666665        4.3333333333333330        6.6348013365659778E-002
   2.6666666666666665        4.6666666666666661       0.10186658689340967     
   2.6666666666666665        5.0000000000000000       0.15256808672103944     
   2.6666666666666665        5.3333333333333330       0.20236847338435929     
   2.6666666666666665        5.6666666666666661       0.19935191846685305     
   2.6666666666666665        6.0000000000000000       0.14131204699627942     
   2.6666666666666665        6.3333333333333330       0.17228743078760972     
   2.6666666666666665        6.6666666666666661       0.13088763848470586     
   2.6666666666666665        7.0000000000000000        8.3108523690240951E-002
   2.6666666666666665        7.3333333333333330        6.8585850533238443E-002
   2.6666666666666665        7.6666666666666661        5.2769448327945306E-002
   2.6666666666666665        8.0000000000000000        2.1265991598572163E-003
   2.6666666666666665        8.3333333333333321        2.7747262963839820E-003
   2.6666666666666665        8.6666666666666661        1.7718162613601994E-003
   2.6666666666666665        9.0000000000000000        1.1934657601214060E-003
   2.6666666666666665        9.3333333333333321        6.3034263962568325E-004
   2.6666666666666665        9.6666666666666661        2.8431870189401040E-004
   2.6666666666666665        10.000000000000000        0.0000000000000000     
 
   3.0000000000000000        0.0000000000000000        0.0000000000000000     
   3.0000000000000000       0.33333333333333331        8.6951692625614587E-004
   3.0000000000000000       0.66666666666666663        1.8811374126790946E-003
   3.0000000000000000        1.0000000000000000        2.9744977554104946E-003
   3.0000000000000000        1.3333333333333333        1.0466482002650103E-002
   3.0000000000000000        1.6666666666666665        1.2680793229987348E-002
   3.0000000000000000        2.0000000000000000        1.8403607985097832E-002
   3.0000000000000000        2.3333333333333330        2.6158909492422246E-002
   3.0000000000000000        2.6666666666666665        3.5135658795421791E-002
   3.0000000000000000        3.0000000000000000        4.4719615791347860E-002
   3.0000000000000000        3.3333333333333330        7.4884119631340715E-002
   3.0000000000000000        3.6666666666666665        6.6830562089412723E-002
   3.0000000000000000        4.0000000000000000        7.1292331901767036E-002
   3.0000000000000000        4.3333333333333330        8.3267984974947543E-002
   3.0000000000000000        4.6666666666666661       0.11362729838462264     
   3.0000000000000000        5.0000000000000000       0.18595983577141162     
   3.0000000000000000        5.3333333333333330       0.30690033204059164     
   3.0000000000000000        5.6666666666666661       0.32142229564554098     
   3.0000000000000000        6.0000000000000000       0.33475872127515666     
   3.0000000000000000        6.3333333333333330       0.23232482087956766     
   3.0000000000000000        6.6666666666666661       0.20954915206306107     
   3.0000000000000000        7.0000000000000000       0.12425137273757468     
   3.0000000000000000        7.3333333333333330        9.2858606351640602E-002
   3.0000000000000000        7.6666666666666661        6.9573149348353180E-002
   3.0000000000000000        8.0000000000000000        3.6176987494827693E-002
   3.0000000000000000        8.3333333333333321        9.5654234058306729E-004
   3.0000000000000000        8.6666666666666661        1.2836922358048259E-003
   3.0000000000000000        9.0000000000000000        1.5358866005061849E-003
   3.0000000000000000        9.3333333333333321        7.4204975203628399E-004
   3.0000000000000000        9.6666666666666661        3.7098176906211775E-004
   3.0000000000000000        10.000000000000000        0.0000000000000000     
 
   3.3333333333333330        0.0000000000000000        0.0000000000000000     
   3.3333333333333330       0.33333333333333331        1.2444917487624059E-003
   3.3333333333333330       0.66666666666666663        2.8847942048523139E-003
   3.3333333333333330        1.0000000000000000        5.4970546114234738E-003
   3.3333333333333330        1.3333333333333333        1.0533218688392505E-002
   3.3333333333333330        1.6666666666666665        1.6287025383873405E-002
   3.3333333333333330        2.0000000000000000        2.5042069167869392E-002
   3.3333333333333330        2.3333333333333330        3.7405405615940503E-002
   3.3333333333333330        2.6666666666666665        5.3406488246846261E-002
   3.3333333333333330        3.0000000000000000        7.1956650986452472E-002
   3.3333333333333330        3.3333333333333330        9.1796156575951374E-002
   3.3333333333333330        3.6666666666666665        9.7142030284259800E-002
   3.3333333333333330        4.0000000000000000       0.10428766472081082     
   3.3333333333333330        4.3333333333333330        9.4057428176738039E-002
   3.3333333333333330        4.6666666666666661        9.7144718542632166E-002
   3.3333333333333330        5.0000000000000000       0.61828732430098365     
   3.3333333333333330        5.3333333333333330       0.53211343439319791     
   3.3333333333333330        5.6666666666666661       0.47303402970092184     
   3.3333333333333330        6.0000000000000000       0.45563978032372038     
   3.3333333333333330        6.3333333333333330       0.37635140165890951     
   3.3333333333333330        6.6666666666666661       0.28392814022155893     
   3.3333333333333330        7.0000000000000000       0.17136625554488324     
   3.3333333333333330        7.3333333333333330       0.12272482614603737     
   3.3333333333333330        7.6666666666666661        7.4787608288841192E-002
   3.3333333333333330        8.0000000000000000        4.3840819626350558E-002
   3.3333333333333330        8.3333333333333321        1.1777869464326971E-002
   3.3333333333333330        8.6666666666666661        4.2598067722341947E-003
   3.3333333333333330        9.0000000000000000        2.6084379451827792E-003
   3.3333333333333330        9.3333333333333321        1.3489090492646621E-003
   3.3333333333333330        9.6666666666666661        5.7797405400475746E-004
   3.3333333333333330        10.000000000000000        0.0000000000000000     
 
   3.6666666666666665        0.0000000000000000        0.0000000000000000     
   3.6666666666666665       0.33333333333333331        1.5436692691116651E-003
   3.6666666666666665       0.66666666666666663        3.6238141603143720E-003
   3.6666666666666665        1.0000000000000000        6.8480901985409279E-003
   3.6666666666666665        1.3333333333333333        1.2076700057983912E-002
   3.6666666666666665        1.6666666666666665        1.9936746213708688E-002
   3.6666666666666665        2.0000000000000000        3.2190755316239557E-002
   3.6666666666666665        2.3333333333333330        5.0367734779730576E-002
   3.6666666666666665        2.6666666666666665        7.5755872630327667E-002
   3.6666666666666665        3.0000000000000000       0.10575657733100444     
   3.6666666666666665        3.3333333333333330       0.13230254225834367     
   3.6666666666666665        3.6666666666666665       0.14213898696176253     
   3.6666666666666665        4.0000000000000000       0.12705082018021838     
   3.6666666666666665        4.3333333333333330       0.10428766472081082     
   3.6666666666666665        4.6666666666666661       0.79367540653693314     
   3.6666666666666665        5.0000000000000000       0.71463859120685269     
   3.6666666666666665        5.3333333333333330       0.73695779960486174     
   3.6666666666666665        5.6666666666666661       0.59331540769271884     
   3.6666666666666665        6.0000000000000000       0.57138037204308056     
   3.6666666666666665        6.3333333333333330       0.48463948299283943     
   3.6666666666666665        6.6666666666666661       0.39584550589393352     
   3.6666666666666665        7.0000000000000000       0.22972110290128284     
   3.6666666666666665        7.3333333333333330       0.16720667445955154     
   3.6666666666666665        7.6666666666666661        2.3532691198059581E-002
   3.6666666666666665        8.0000000000000000        2.8856970982459717E-002
   3.6666666666666665        8.3333333333333321        1.4764813329035648E-002
   3.6666666666666665        8.6666666666666661        7.0860134574829382E-003
   3.6666666666666665        9.0000000000000000        4.0411104835881432E-003
   3.6666666666666665        9.3333333333333321        1.8730787321921928E-003
   3.6666666666666665        9.6666666666666661        7.7138320522485094E-004
   3.6666666666666665        10.000000000000000        0.0000000000000000     
 
   4.0000000000000000        0.0000000000000000        0.0000000000000000     
   4.0000000000000000       0.33333333333333331        1.6926537898196814E-003
   4.0000000000000000       0.66666666666666663        4.0799462927928881E-003
   4.0000000000000000        1.0000000000000000        7.6968499119777671E-003
   4.0000000000000000        1.3333333333333333        1.3373167326943890E-002
   4.0000000000000000        1.6666666666666665        2.2639180524911252E-002
   4.0000000000000000        2.0000000000000000        3.8173966057516093E-002
   4.0000000000000000        2.3333333333333330        6.2359279573581727E-002
   4.0000000000000000        2.6666666666666665       0.10121187065638756     
   4.0000000000000000        3.0000000000000000       0.15189445611676200     
   4.0000000000000000        3.3333333333333330       0.19903390382741482     
   4.0000000000000000        3.6666666666666665       0.22204228512479879     
   4.0000000000000000        4.0000000000000000       0.16919669018660960     
   4.0000000000000000        4.3333333333333330       0.97364081993698359     
   4.0000000000000000        4.6666666666666661       0.88241168710601547     
   4.0000000000000000        5.0000000000000000        1.2571496875246775     
   4.0000000000000000        5.3333333333333330        1.0938937911308610     
   4.0000000000000000        5.6666666666666661       0.93392515811364540     
   4.0000000000000000        6.0000000000000000       0.75370592652486157     
   4.0000000000000000        6.3333333333333330       0.60356932868805069     
   4.0000000000000000        6.6666666666666661       0.43319527125389334     
   4.0000000000000000        7.0000000000000000       0.31103083046612617     
   4.0000000000000000        7.3333333333333330       0.12769569329152969     
   4.0000000000000000        7.6666666666666661        5.2298652595328642E-002
   4.0000000000000000        8.0000000000000000        3.9183811299703254E-002
   4.0000000000000000        8.3333333333333321        1.9736789479173532E-002
   4.0000000000000000        8.6666666666666661        7.9668567610704510E-003
   4.0000000000000000        9.0000000000000000        5.6928758164994367E-003
   4.0000000000000000        9.3333333333333321        1.7049322799086708E-003
   4.0000000000000000        9.6666666666666661        8.6560643345668428E-004
   4.0000000000000000        10.000000000000000        0.0000000000000000     
 
   4.3333333333333330        0.0000000000000000        0.0000000000000000     
   4.3333333333333330       0.33333333333333331        1.5652859887863458E-003
   4.3333333333333330       0.66666666666666663        4.2634834010530295E-003
   4.3333333333333330        1.0000000000000000        8.1480916919153788E-003
   4.3333333333333330        1.3333333333333333        1.3643204106416434E-002
   4.3333333333333330        1.6666666666666665        2.2793230779635056E-002
   4.3333333333333330        2.0000000000000000        4.0707921113975441E-002
   4.3333333333333330        2.3333333333333330        6.6526771048892153E-002
   4.3333333333333330        2.6666666666666665       0.12328241514482946     
   4.3333333333333330        3.0000000000000000       0.21090996692672018     
   4.3333333333333330        3.3333333333333330       0.29857895837746390     
   4.3333333333333330        3.6666666666666665       0.38574499215663050     
   4.3333333333333330        4.0000000000000000        1.0159438389242370     
   4.3333333333333330        4.3333333333333330        1.0485625511149113     
   4.3333333333333330        4.6666666666666661        1.3660685912834358     
   4.3333333333333330        5.0000000000000000        1.3203393854921226     
   4.3333333333333330        5.3333333333333330        1.2150796006336015     
   4.3333333333333330        5.6666666666666661        1.0681900675153408     
   4.3333333333333330        6.0000000000000000       0.88476856666001302     
   4.3333333333333330        6.3333333333333330       0.73898813663376617     
   4.3333333333333330        6.6666666666666661       0.42088634012963250     
   4.3333333333333330        7.0000000000000000       0.28645298006767411     
   4.3333333333333330        7.3333333333333330       0.14196918898618210     
   4.3333333333333330        7.6666666666666661        7.3660791337246151E-002
   4.3333333333333330        8.0000000000000000        4.3384633706312910E-002
   4.3333333333333330        8.3333333333333321        2.3988137064719084E-002
   4.3333333333333330        8.6666666666666661        1.2187122728140093E-002
   4.3333333333333330        9.0000000000000000        6.5421280740932050E-003
   4.3333333333333330        9.3333333333333321        3.0240240676041742E-003
   4.3333333333333330        9.6666666666666661        1.2373269928738760E-003
   4.3333333333333330        10.000000000000000        0.0000000000000000     
 
   4.6666666666666661        0.0000000000000000        0.0000000000000000     
   4.6666666666666661       0.33333333333333331        6.9219511797237367E-004
   4.6666666666666661       0.66666666666666663        7.0123937554489304E-003
   4.6666666666666661        1.0000000000000000        8.7761674596423134E-003
   4.6666666666666661        1.3333333333333333        1.2909815913290240E-002
   4.6666666666666661        1.6666666666666665        1.7942687363826402E-002
   4.6666666666666661        2.0000000000000000        3.7219622342310597E-002
   4.6666666666666661        2.3333333333333330        4.6764993819135070E-002
   4.6666666666666661        2.6666666666666665       0.26387992664341769     
   4.6666666666666661        3.0000000000000000       0.27945925795726106     
   4.6666666666666661        3.3333333333333330       0.40439709446991257     
   4.6666666666666661        3.6666666666666665       0.63686111938590095     
   4.6666666666666661        4.0000000000000000       0.94013141444602411     
   4.6666666666666661        4.3333333333333330        1.1132445995970706     
   4.6666666666666661        4.6666666666666661        1.2892641311421253     
   4.6666666666666661        5.0000000000000000        1.3287504880865810     
   4.6666666666666661        5.3333333333333330        1.2819657753192994     
   4.6666666666666661        5.6666666666666661        1.1687331613826697     
   4.6666666666666661        6.0000000000000000       0.93796004015175449     
   4.6666666666666661        6.3333333333333330       0.70985885130339099     
   4.6666666666666661        6.6666666666666661       0.56543654655267772     
   4.6666666666666661        7.0000000000000000        8.0947882508130314E-002
   4.6666666666666661        7.3333333333333330        9.3030543926853546E-002
   4.6666666666666661        7.6666666666666661        6.6582205133565636E-002
   4.6666666666666661        8.0000000000000000        4.3823350849080095E-002
   4.6666666666666661        8.3333333333333321        2.5296298666562998E-002
   4.6666666666666661        8.6666666666666661        1.2939712082447270E-002
   4.6666666666666661        9.0000000000000000        6.8657681480955553E-003
   4.6666666666666661        9.3333333333333321        3.4088075220671758E-003
   4.6666666666666661        9.6666666666666661        1.4029293223022119E-003
   4.6666666666666661        10.000000000000000        0.0000000000000000     
 
   5.0000000000000000        0.0000000000000000        0.0000000000000000     
   5.0000000000000000       0.33333333333333331        6.9219838711268434E-004
   5.0000000000000000       0.66666666666666663        6.3781939759171638E-003
   5.0000000000000000        1.0000000000000000        9.0512271743222183E-003
   5.0000000000000000        1.3333333333333333        1.3956930052352209E-002
   5.0000000000000000        1.6666666666666665        2.1527554981526895E-002
   5.0000000000000000        2.0000000000000000        3.3651305764695424E-002
   5.0000000000000000        2.3333333333333330        4.3052608535777068E-002
   5.0000000000000000        2.6666666666666665       0.22978500986782530     
   5.0000000000000000        3.0000000000000000       0.25061850808859520     
   5.0000000000000000        3.3333333333333330       0.81776443692844925     
   5.0000000000000000        3.6666666666666665       0.80138550537530517     
   5.0000000000000000        4.0000000000000000       0.95033864893269193     
   5.0000000000000000        4.3333333333333330        1.1053436846861842     
   5.0000000000000000        4.6666666666666661        1.2400100761677406     
   5.0000000000000000        5.0000000000000000        1.3036357426201803     
   5.0000000000000000        5.3333333333333330        1.3027438063890968     
   5.0000000000000000        5.6666666666666661        1.2951389569126364     
   5.0000000000000000        6.0000000000000000       0.57484676730322137     
   5.0000000000000000        6.3333333333333330       0.58069669017635328     
   5.0000000000000000        6.6666666666666661       0.27725625308735269     
   5.0000000000000000        7.0000000000000000       0.12592173319823594     
   5.0000000000000000        7.3333333333333330        9.4494135428693768E-002
   5.0000000000000000        7.6666666666666661        6.5526747992923032E-002
   5.0000000000000000        8.0000000000000000        4.7422532579276144E-002
   5.0000000000000000        8.3333333333333321        1.3147883069341091E-002
   5.0000000000000000        8.6666666666666661        1.0246763103633968E-002
   5.0000000000000000        9.0000000000000000        6.2417347570142287E-003
   5.0000000000000000        9.3333333333333321        3.2360436148721862E-003
   5.0000000000000000        9.6666666666666661        1.3519322758475246E-003
   5.0000000000000000        10.000000000000000        0.0000000000000000     
 
   5.3333333333333330        0.0000000000000000        0.0000000000000000     
   5.3333333333333330       0.33333333333333331        1.5680008419373473E-003
   5.3333333333333330       0.66666666666666663        5.2754156743096605E-003
   5.3333333333333330        1.0000000000000000        9.1636396734394669E-003
   5.3333333333333330        1.3333333333333333        1.5215703883276446E-002
   5.3333333333333330        1.6666666666666665        2.4530901864361816E-002
   5.3333333333333330        2.0000000000000000        3.8325202886345000E-002
   5.3333333333333330        2.3333333333333330        5.5156776365912673E-002
   5.3333333333333330        2.6666666666666665       0.21292503473104682     
   5.3333333333333330        3.0000000000000000       0.26035425768412968     
   5.3333333333333330        3.3333333333333330       0.67749271994999249     
   5.3333333333333330        3.6666666666666665       0.77743968722059265     
   5.3333333333333330        4.0000000000000000       0.90849699430595343     
   5.3333333333333330        4.3333333333333330        1.0435170391644730     
   5.3333333333333330        4.6666666666666661        1.1577438820921400     
   5.3333333333333330        5.0000000000000000        1.2227625596772280     
   5.3333333333333330        5.3333333333333330        1.2082802217329227     
   5.3333333333333330        5.6666666666666661       0.68161742700557770     
   5.3333333333333330        6.0000000000000000       0.57184204558534701     
   5.3333333333333330        6.3333333333333330       0.45750037442451091     
   5.3333333333333330        6.6666666666666661       0.29692198823459987     
   5.3333333333333330        7.0000000000000000       0.17131334726545611     
   5.3333333333333330        7.3333333333333330       0.10565046092155445     
   5.3333333333333330        7.6666666666666661        6.3454749674214328E-002
   5.3333333333333330        8.0000000000000000        4.0958793754960338E-002
   5.3333333333333330        8.3333333333333321        1.9039370598632303E-002
   5.3333333333333330        8.6666666666666661        1.1074656139911406E-002
   5.3333333333333330        9.0000000000000000        6.1884355678363716E-003
   5.3333333333333330        9.3333333333333321        2.8055455579883842E-003
   5.3333333333333330        9.6666666666666661        1.1454220304899431E-003
   5.3333333333333330        10.000000000000000        0.0000000000000000     
 
   5.6666666666666661        0.0000000000000000        0.0000000000000000     
   5.6666666666666661       0.33333333333333331        7.0370082887071200E-004
   5.6666666666666661       0.66666666666666663        1.4162830900035183E-003
   5.6666666666666661        1.0000000000000000        9.2343275134253357E-003
   5.6666666666666661        1.3333333333333333        1.6233214296644285E-002
   5.6666666666666661        1.6666666666666665        2.7342971227221870E-002
   5.6666666666666661        2.0000000000000000        4.5775219543856147E-002
   5.6666666666666661        2.3333333333333330        9.1281116558937878E-002
   5.6666666666666661        2.6666666666666665       0.18201000471789122     
   5.6666666666666661        3.0000000000000000       0.33459826578376506     
   5.6666666666666661        3.3333333333333330       0.57481126524555992     
   5.6666666666666661        3.6666666666666665       0.70508577906571446     
   5.6666666666666661        4.0000000000000000       0.82326014980857032     
   5.6666666666666661        4.3333333333333330       0.93642431083552413     
   5.6666666666666661        4.6666666666666661        1.0325982481516087     
   5.6666666666666661        5.0000000000000000        1.1119050261033359     
   5.6666666666666661        5.3333333333333330       0.98918882213084969     
   5.6666666666666661        5.6666666666666661       0.77111386193752962     
   5.6666666666666661        6.0000000000000000       0.39775302954252018     
   5.6666666666666661        6.3333333333333330       0.38801296286242010     
   5.6666666666666661        6.6666666666666661       0.18487943286592939     
   5.6666666666666661        7.0000000000000000       0.10433593167265788     
   5.6666666666666661        7.3333333333333330        5.4744364424191949E-002
   5.6666666666666661        7.6666666666666661        5.1047518822010668E-002
   5.6666666666666661        8.0000000000000000        1.7303187353707977E-002
   5.6666666666666661        8.3333333333333321        1.4871897136686123E-002
   5.6666666666666661        8.6666666666666661        1.1391348656502934E-002
   5.6666666666666661        9.0000000000000000        1.0730004761616261E-003
   5.6666666666666661        9.3333333333333321        1.4096294501674345E-003
   5.6666666666666661        9.6666666666666661        7.4833358145083020E-004
   5.6666666666666661        10.000000000000000        0.0000000000000000     
 
   6.0000000000000000        0.0000000000000000        0.0000000000000000     
   6.0000000000000000       0.33333333333333331        7.3194054454188689E-004
   6.0000000000000000       0.66666666666666663        1.8109053503995271E-003
   6.0000000000000000        1.0000000000000000        4.1800773846378649E-003
   6.0000000000000000        1.3333333333333333        0.0000000000000000     
   6.0000000000000000        1.6666666666666665        2.7181054141653796E-002
   6.0000000000000000        2.0000000000000000        3.2425808873354257E-002
   6.0000000000000000        2.3333333333333330        7.0701779286114527E-002
   6.0000000000000000        2.6666666666666665       0.10223079963722061     
   6.0000000000000000        3.0000000000000000       0.56484313207043257     
   6.0000000000000000        3.3333333333333330       0.58787323615214770     
   6.0000000000000000        3.6666666666666665       0.63760999582698430     
   6.0000000000000000        4.0000000000000000       0.71691468849936735     
   6.0000000000000000        4.3333333333333330       0.79797149806955037     
   6.0000000000000000        4.6666666666666661       0.85402866850045056     
   6.0000000000000000        5.0000000000000000       0.73935433558238439     
   6.0000000000000000        5.3333333333333330       0.79104481973680407     
   6.0000000000000000        5.6666666666666661       0.60270240851384549     
   6.0000000000000000        6.0000000000000000       0.41609869512047332     
   6.0000000000000000        6.3333333333333330       0.31914199263146259     
   6.0000000000000000        6.6666666666666661       0.19990468267819544     
   6.0000000000000000        7.0000000000000000       0.11628405508658662     
   6.0000000000000000        7.3333333333333330        6.6794867130589478E-002
   6.0000000000000000        7.6666666666666661        4.3080340573237508E-002
   6.0000000000000000        8.0000000000000000        2.3415149958282304E-002
   6.0000000000000000        8.3333333333333321        1.5050822583692941E-002
   6.0000000000000000        8.6666666666666661        1.0930818665379725E-002
   6.0000000000000000        9.0000000000000000        2.2654538715132276E-003
   6.0000000000000000        9.3333333333333321        1.4245489923665998E-003
   6.0000000000000000        9.6666666666666661        6.6097011899838513E-004
   6.0000000000000000        10.000000000000000        0.0000000000000000     
 
   6.3333333333333330        0.0000000000000000        0.0000000000000000     
   6.3333333333333330       0.33333333333333331        6.1167656291198917E-004
   6.3333333333333330       0.66666666666666663        1.3820715822627004E-003
   6.3333333333333330        1.0000000000000000        2.4678707588256920E-003
   6.3333333333333330        1.3333333333333333        6.1419919769156789E-003
   6.3333333333333330        1.6666666666666665        2.0360395633709026E-002
   6.3333333333333330        2.0000000000000000        2.9905221847909436E-002
   6.3333333333333330        2.3333333333333330        4.8460736149426802E-002
   6.3333333333333330        2.6666666666666665        6.4708005865730819E-002
   6.3333333333333330        3.0000000000000000        5.5036588453759833E-002
   6.3333333333333330        3.3333333333333330       0.52253010569239067     
   6.3333333333333330        3.6666666666666665       0.54480332963603895     
   6.3333333333333330        4.0000000000000000       0.59912412779065516     
   6.3333333333333330        4.3333333333333330       0.65946731734271247     
   6.3333333333333330        4.6666666666666661       0.69456857475443257     
   6.3333333333333330        5.0000000000000000       0.66129617048995104     
   6.3333333333333330        5.3333333333333330       0.38531124732844924     
   6.3333333333333330        5.6666666666666661       0.41282906881804449     
   6.3333333333333330        6.0000000000000000       0.34698506000219376     
   6.3333333333333330        6.3333333333333330       0.28242818048635282     
   6.3333333333333330        6.6666666666666661       0.19187225860123816     
   6.3333333333333330        7.0000000000000000       0.10512095909179699     
   6.3333333333333330        7.3333333333333330        6.1624289986116416E-002
   6.3333333333333330        7.6666666666666661        3.7806955736777725E-002
   6.3333333333333330        8.0000000000000000        2.2635320521903580E-002
   6.3333333333333330        8.3333333333333321        1.4239449811890664E-002
   6.3333333333333330        8.6666666666666661        8.9336289228539954E-003
   6.3333333333333330        9.0000000000000000        3.7467518146867946E-003
   6.3333333333333330        9.3333333333333321        1.7798396938261416E-003
   6.3333333333333330        9.6666666666666661        6.7044927031350773E-004
   6.3333333333333330        10.000000000000000        0.0000000000000000     
 
   6.6666666666666661        0.0000000000000000        0.0000000000000000     
   6.6666666666666661       0.33333333333333331        5.0544762950025966E-004
   6.6666666666666661       0.66666666666666663        1.0119681229696657E-003
   6.6666666666666661        1.0000000000000000        5.0407763993292731E-003
   6.6666666666666661        1.3333333333333333        7.8137090240467978E-003
   6.6666666666666661        1.6666666666666665        1.5019688768890630E-002
   6.6666666666666661        2.0000000000000000        2.3825481420014116E-002
   6.6666666666666661        2.3333333333333330        3.6076315252730903E-002
   6.6666666666666661        2.6666666666666665        5.2471471802307899E-002
   6.6666666666666661        3.0000000000000000        6.5332256418453388E-002
   6.6666666666666661        3.3333333333333330       0.29525335283794946     
   6.6666666666666661        3.6666666666666665       0.43401640948666032     
   6.6666666666666661        4.0000000000000000       0.48009601688057518     
   6.6666666666666661        4.3333333333333330       0.54115219483391330     
   6.6666666666666661        4.6666666666666661       0.59118264413952248     
   6.6666666666666661        5.0000000000000000       0.53876635840474574     
   6.6666666666666661        5.3333333333333330       0.36507982440370002     
   6.6666666666666661        5.6666666666666661       0.31793750694510203     
   6.6666666666666661        6.0000000000000000       0.28363429820297131     
   6.6666666666666661        6.3333333333333330        8.7176831730455540E-002
   6.6666666666666661        6.6666666666666661        5.5676802173587205E-002
   6.6666666666666661        7.0000000000000000        6.0566987988438362E-002
   6.6666666666666661        7.3333333333333330        4.4568628127292134E-002
   6.6666666666666661        7.6666666666666661        2.9828656481399055E-002
   6.6666666666666661        8.0000000000000000        1.9310299023076998E-002
   6.6666666666666661        8.3333333333333321        1.3389336975199952E-002
   6.6666666666666661        8.6666666666666661        3.3707911977504247E-003
   6.6666666666666661        9.0000000000000000        2.9921780513128167E-003
   6.6666666666666661        9.3333333333333321        7.8983708396614463E-004
   6.6666666666666661        9.6666666666666661        4.4062778615599048E-004
   6.6666666666666661        10.000000000000000        0.0000000000000000     
 
   7.0000000000000000        0.0000000000000000        0.0000000000000000     
   7.0000000000000000       0.33333333333333331        5.4887151039687378E-004
   7.0000000000000000       0.66666666666666663        1.4436977833680190E-003
   7.0000000000000000        1.0000000000000000        3.6308525673128230E-003
   7.0000000000000000        1.3333333333333333        7.0153364185814165E-003
   7.0000000000000000        1.6666666666666665        1.1394137698290407E-002
   7.0000000000000000        2.0000000000000000        1.9052285353429496E-002
   7.0000000000000000        2.3333333333333330        2.6038513983577448E-002
   7.0000000000000000        2.6666666666666665        7.1125266764048761E-002
   7.0000000000000000        3.0000000000000000        9.9238508424559682E-002
   7.0000000000000000        3.3333333333333330       0.17642803041106722     
   7.0000000000000000        3.6666666666666665       0.26971107067471900     
   7.0000000000000000        4.0000000000000000       0.36039667838512007     
   7.0000000000000000        4.3333333333333330       0.44217154929534142     
   7.0000000000000000        4.6666666666666661        5.9571819712382831E-002
   7.0000000000000000        5.0000000000000000       0.17200637836264304     
   7.0000000000000000        5.3333333333333330       0.22695814426219749     
   7.0000000000000000        5.6666666666666661       0.21923118545586953     
   7.0000000000000000        6.0000000000000000       0.19627656150051725     
   7.0000000000000000        6.3333333333333330        9.7360589799854388E-002
   7.0000000000000000        6.6666666666666661        5.8641489260302312E-002
   7.0000000000000000        7.0000000000000000        4.4703326615114940E-002
   7.0000000000000000        7.3333333333333330        3.2800232816339314E-002
   7.0000000000000000        7.6666666666666661        2.2713479990317042E-002
   7.0000000000000000        8.0000000000000000        1.5164204514885676E-002
   7.0000000000000000        8.3333333333333321        9.5217935875083620E-003
   7.0000000000000000        8.6666666666666661        4.6848159658244085E-003
   7.0000000000000000        9.0000000000000000        2.6976740792318721E-003
   7.0000000000000000        9.3333333333333321        1.3861740894677709E-003
   7.0000000000000000        9.6666666666666661        1.4394037917765112E-004
   7.0000000000000000        10.000000000000000        0.0000000000000000     
 
   7.3333333333333330        0.0000000000000000        0.0000000000000000     
   7.3333333333333330       0.33333333333333331        4.1239246080808649E-004
   7.3333333333333330       0.66666666666666663        1.0030568739412742E-003
   7.3333333333333330        1.0000000000000000        2.0211505202329845E-003
   7.3333333333333330        1.3333333333333333        5.0593184251654186E-003
   7.3333333333333330        1.6666666666666665        7.1795954116885387E-003
   7.3333333333333330        2.0000000000000000        1.8466187835763797E-002
   7.3333333333333330        2.3333333333333330        2.8235486327117029E-002
   7.3333333333333330        2.6666666666666665        5.4196710718420284E-002
   7.3333333333333330        3.0000000000000000        9.7460496302321564E-002
   7.3333333333333330        3.3333333333333330       0.15242846526091006     
   7.3333333333333330        3.6666666666666665       0.20099524111472283     
   7.3333333333333330        4.0000000000000000       0.26971107067471900     
   7.3333333333333330        4.3333333333333330        5.9571819712382831E-002
   7.3333333333333330        4.6666666666666661        6.9089177710267097E-002
   7.3333333333333330        5.0000000000000000       0.13086160259228299     
   7.3333333333333330        5.3333333333333330       0.16413943004989329     
   7.3333333333333330        5.6666666666666661       0.14766289100823438     
   7.3333333333333330        6.0000000000000000        4.8509310708159600E-002
   7.3333333333333330        6.3333333333333330        5.6828888596535794E-002
   7.3333333333333330        6.6666666666666661        4.4590754303874006E-002
   7.3333333333333330        7.0000000000000000        3.3495300753350672E-002
   7.3333333333333330        7.3333333333333330        2.4704106462852132E-002
   7.3333333333333330        7.6666666666666661        1.7313837042161554E-002
   7.3333333333333330        8.0000000000000000        1.2267461186503324E-002
   7.3333333333333330        8.3333333333333321        7.0228654033273278E-003
   7.3333333333333330        8.6666666666666661        4.3511011611428877E-003
   7.3333333333333330        9.0000000000000000        2.4794534264736697E-003
   7.3333333333333330        9.3333333333333321        1.0828366130006314E-003
   7.3333333333333330        9.6666666666666661        3.3417340400254323E-004
   7.3333333333333330        10.000000000000000        0.0000000000000000     
 
   7.6666666666666661        0.0000000000000000        0.0000000000000000     
   7.6666666666666661       0.33333333333333331        2.2646649785615507E-004
   7.6666666666666661       0.66666666666666663        4.3912500141877846E-004
   7.6666666666666661        1.0000000000000000        3.3418986075661036E-003
   7.6666666666666661        1.3333333333333333        4.3846229448531917E-003
   7.6666666666666661        1.6666666666666665        6.9761421527965665E-003
   7.6666666666666661        2.0000000000000000        1.2770487975921143E-002
   7.6666666666666661        2.3333333333333330        1.9778874007711934E-002
   7.6666666666666661        2.6666666666666665        2.8902857625402751E-002
   7.6666666666666661        3.0000000000000000        1.8020652205460553E-002
   7.6666666666666661        3.3333333333333330        8.0299864078756722E-002
   7.6666666666666661        3.6666666666666665       0.13229470181140343     
   7.6666666666666661        4.0000000000000000        5.8357651236967461E-003
   7.6666666666666661        4.3333333333333330        2.3718191867057929E-002
   7.6666666666666661        4.6666666666666661        3.5857029993883578E-002
   7.6666666666666661        5.0000000000000000        1.1610417141606008E-002
   7.6666666666666661        5.3333333333333330        6.2710590106089786E-002
   7.6666666666666661        5.6666666666666661        7.1347861397432974E-002
   7.6666666666666661        6.0000000000000000        4.7565244502059380E-002
   7.6666666666666661        6.3333333333333330        4.4555523714372276E-002
   7.6666666666666661        6.6666666666666661        3.6225193834539322E-002
   7.6666666666666661        7.0000000000000000        2.5697353105603268E-002
   7.6666666666666661        7.3333333333333330        1.9828893577126742E-002
   7.6666666666666661        7.6666666666666661        1.3099726774104960E-002
   7.6666666666666661        8.0000000000000000        2.8087129066677488E-003
   7.6666666666666661        8.3333333333333321        3.6378965880337647E-003
   7.6666666666666661        8.6666666666666661        7.3291604954525366E-004
   7.6666666666666661        9.0000000000000000        3.8113336392497286E-004
   7.6666666666666661        9.3333333333333321        4.5324237026816413E-004
   7.6666666666666661        9.6666666666666661        2.1349657645398283E-004
   7.6666666666666661        10.000000000000000        0.0000000000000000     
 
   8.0000000000000000        0.0000000000000000        0.0000000000000000     
   8.0000000000000000       0.33333333333333331        1.2845423966454316E-004
   8.0000000000000000       0.66666666666666663        2.2899891758289975E-004
   8.0000000000000000        1.0000000000000000        2.6031211803501774E-003
   8.0000000000000000        1.3333333333333333        3.4390672237795583E-003
   8.0000000000000000        1.6666666666666665        5.4147086081011743E-003
   8.0000000000000000        2.0000000000000000        8.8749779953347964E-003
   8.0000000000000000        2.3333333333333330        1.3456441865369980E-002
   8.0000000000000000        2.6666666666666665        1.8378981682026892E-002
   8.0000000000000000        3.0000000000000000        2.2327137853418787E-002
   8.0000000000000000        3.3333333333333330        4.0458037445407158E-002
   8.0000000000000000        3.6666666666666665        5.8357651236967461E-003
   8.0000000000000000        4.0000000000000000        7.3795131057708572E-003
   8.0000000000000000        4.3333333333333330        1.6161103377711865E-002
   8.0000000000000000        4.6666666666666661        2.0796899864406700E-002
   8.0000000000000000        5.0000000000000000        1.4531709144257235E-002
   8.0000000000000000        5.3333333333333330        2.3816482236151012E-002
   8.0000000000000000        5.6666666666666661        3.5791473806337668E-002
   8.0000000000000000        6.0000000000000000        3.2881429206910701E-002
   8.0000000000000000        6.3333333333333330        0.0000000000000000     
   8.0000000000000000        6.6666666666666661        1.4598823576679736E-002
   8.0000000000000000        7.0000000000000000        1.8142026825628571E-002
   8.0000000000000000        7.3333333333333330        2.9666020719598851E-003
   8.0000000000000000        7.6666666666666661        4.9828209049062062E-003
   8.0000000000000000        8.0000000000000000        2.7634266270229512E-003
   8.0000000000000000        8.3333333333333321        2.0451130579581711E-003
   8.0000000000000000        8.6666666666666661        9.7224081672021520E-004
   8.0000000000000000        9.0000000000000000        4.3679843349467138E-004
   8.0000000000000000        9.3333333333333321        2.8025045514322618E-004
   8.0000000000000000        9.6666666666666661        1.3604419839672449E-004
   8.0000000000000000        10.000000000000000        0.0000000000000000     
 
   8.3333333333333321        0.0000000000000000        0.0000000000000000     
   8.3333333333333321       0.33333333333333331        1.0291313003573716E-004
   8.3333333333333321       0.66666666666666663        1.9812290950523812E-004
   8.3333333333333321        1.0000000000000000        1.4045507139616644E-003
   8.3333333333333321        1.3333333333333333        2.3880186041637191E-003
   8.3333333333333321        1.6666666666666665        3.8677045258242301E-003
   8.3333333333333321        2.0000000000000000        6.1176245911022517E-003
   8.3333333333333321        2.3333333333333330        9.9857270061479361E-003
   8.3333333333333321        2.6666666666666665        1.2935699706017727E-002
   8.3333333333333321        3.0000000000000000        1.7289558084890085E-002
   8.3333333333333321        3.3333333333333330        2.6136021722490702E-002
   8.3333333333333321        3.6666666666666665        2.7028337784199366E-003
   8.3333333333333321        4.0000000000000000        3.4813153762832914E-003
   8.3333333333333321        4.3333333333333330        4.6986746741374557E-004
   8.3333333333333321        4.6666666666666661        2.8673082300915021E-004
   8.3333333333333321        5.0000000000000000        1.3156620245522440E-002
   8.3333333333333321        5.3333333333333330        1.6083372056706655E-002
   8.3333333333333321        5.6666666666666661        2.0557660722138830E-002
   8.3333333333333321        6.0000000000000000        2.0698717492141503E-002
   8.3333333333333321        6.3333333333333330        4.8218110312708761E-003
   8.3333333333333321        6.6666666666666661        0.0000000000000000     
   8.3333333333333321        7.0000000000000000        1.1511641493917454E-003
   8.3333333333333321        7.3333333333333330        1.7338419248774431E-003
   8.3333333333333321        7.6666666666666661        2.3058797215866436E-003
   8.3333333333333321        8.0000000000000000        1.9653361075590028E-003
   8.3333333333333321        8.3333333333333321        1.3842655389322619E-003
   8.3333333333333321        8.6666666666666661        2.3524579971026443E-004
   8.3333333333333321        9.0000000000000000        2.5712882485295349E-004
   8.3333333333333321        9.3333333333333321        1.8920098648347793E-004
   8.3333333333333321        9.6666666666666661        9.6918757615513222E-005
   8.3333333333333321        10.000000000000000        0.0000000000000000     
 
   8.6666666666666661        0.0000000000000000        0.0000000000000000     
   8.6666666666666661       0.33333333333333331        1.2253046581983871E-004
   8.6666666666666661       0.66666666666666663        3.3379918522194446E-004
   8.6666666666666661        1.0000000000000000        8.8478444300484386E-004
   8.6666666666666661        1.3333333333333333        1.5837059771110341E-003
   8.6666666666666661        1.6666666666666665        2.6783245798003524E-003
   8.6666666666666661        2.0000000000000000        3.4098798886276617E-003
   8.6666666666666661        2.3333333333333330        5.5591321027691123E-003
   8.6666666666666661        2.6666666666666665        9.2655582610489153E-003
   8.6666666666666661        3.0000000000000000        1.1769995768585711E-002
   8.6666666666666661        3.3333333333333330        0.0000000000000000     
   8.6666666666666661        3.6666666666666665        7.4457292800746676E-004
   8.6666666666666661        4.0000000000000000        1.2923299243978914E-003
   8.6666666666666661        4.3333333333333330        6.2945404417002776E-004
   8.6666666666666661        4.6666666666666661        3.9077547063513562E-004
   8.6666666666666661        5.0000000000000000        8.0674317312721747E-003
   8.6666666666666661        5.3333333333333330        1.0036455649862318E-002
   8.6666666666666661        5.6666666666666661        1.3440372841287102E-002
   8.6666666666666661        6.0000000000000000        1.2524829019186931E-002
   8.6666666666666661        6.3333333333333330        6.0537574228597948E-003
   8.6666666666666661        6.6666666666666661        8.9363708710138987E-004
   8.6666666666666661        7.0000000000000000        9.1995604253908942E-004
   8.6666666666666661        7.3333333333333330        1.0032447285752831E-003
   8.6666666666666661        7.6666666666666661        1.1629658579440985E-003
   8.6666666666666661        8.0000000000000000        3.7561071874227459E-004
   8.6666666666666661        8.3333333333333321        5.5146250076262154E-004
   8.6666666666666661        8.6666666666666661        2.9738955259151607E-004
   8.6666666666666661        9.0000000000000000        5.2686024339820805E-005
   8.6666666666666661        9.3333333333333321        2.3689609645141034E-005
   8.6666666666666661        9.6666666666666661        0.0000000000000000     
   8.6666666666666661        10.000000000000000        0.0000000000000000     
 
   9.0000000000000000        0.0000000000000000        0.0000000000000000     
   9.0000000000000000       0.33333333333333331        9.8209378368304035E-005
   9.0000000000000000       0.66666666666666663        2.4802386431707293E-004
   9.0000000000000000        1.0000000000000000        5.1685520527003240E-004
   9.0000000000000000        1.3333333333333333        8.9679485541420000E-004
   9.0000000000000000        1.6666666666666665        1.2652093901737594E-003
   9.0000000000000000        2.0000000000000000        2.4541041378249567E-003
   9.0000000000000000        2.3333333333333330        3.4676539992602386E-003
   9.0000000000000000        2.6666666666666665        1.4243070031100862E-005
   9.0000000000000000        3.0000000000000000        3.1857023066359840E-005
   9.0000000000000000        3.3333333333333330        2.3279027304328029E-004
   9.0000000000000000        3.6666666666666665        4.2807121499443656E-004
   9.0000000000000000        4.0000000000000000        6.9007048150505966E-004
   9.0000000000000000        4.3333333333333330        5.6671441992081552E-004
   9.0000000000000000        4.6666666666666661        4.6097234559268035E-005
   9.0000000000000000        5.0000000000000000        3.7787599019618013E-003
   9.0000000000000000        5.3333333333333330        4.7894810703362559E-003
   9.0000000000000000        5.6666666666666661        7.7910119963597098E-004
   9.0000000000000000        6.0000000000000000        1.3516132852681570E-003
   9.0000000000000000        6.3333333333333330        2.2310678792750913E-003
   9.0000000000000000        6.6666666666666661        1.1425393099415988E-003
   9.0000000000000000        7.0000000000000000        3.5636040655086584E-004
   9.0000000000000000        7.3333333333333330        4.9980054197389285E-004
   9.0000000000000000        7.6666666666666661        5.1978337494119529E-004
   9.0000000000000000        8.0000000000000000        3.2656347086017874E-004
   9.0000000000000000        8.3333333333333321        3.2511118646207381E-004
   9.0000000000000000        8.6666666666666661        2.0754213290766042E-004
   9.0000000000000000        9.0000000000000000        7.3158285231038353E-005
   9.0000000000000000        9.3333333333333321        3.3320965615417703E-005
   9.0000000000000000        9.6666666666666661        1.9305257030039486E-006
   9.0000000000000000        10.000000000000000        0.0000000000000000     
 
   9.3333333333333321        0.0000000000000000        0.0000000000000000     
   9.3333333333333321       0.33333333333333331        5.8872020786059412E-005
   9.3333333333333321       0.66666666666666663        1.3335680916274698E-004
   9.3333333333333321        1.0000000000000000        2.1965028586356370E-004
   9.3333333333333321        1.3333333333333333        2.5987942149166565E-004
   9.3333333333333321        1.6666666666666665        5.0040374748523458E-004
   9.3333333333333321        2.0000000000000000        3.3065416450782045E-005
   9.3333333333333321        2.3333333333333330        1.5539242454801361E-005
   9.3333333333333321        2.6666666666666665        2.0057528463959775E-005
   9.3333333333333321        3.0000000000000000        4.4232405601762849E-005
   9.3333333333333321        3.3333333333333330        1.1702556527128345E-004
   9.3333333333333321        3.6666666666666665        1.8389964413591931E-004
   9.3333333333333321        4.0000000000000000        0.0000000000000000     
   9.3333333333333321        4.3333333333333330        4.4236321839222524E-005
   9.3333333333333321        4.6666666666666661        6.2064295024995693E-005
   9.3333333333333321        5.0000000000000000        9.3332103110359656E-004
   9.3333333333333321        5.3333333333333330        1.7331980066996207E-003
   9.3333333333333321        5.6666666666666661        1.0210038188883652E-003
   9.3333333333333321        6.0000000000000000        8.4690144048304875E-004
   9.3333333333333321        6.3333333333333330        9.4890581500951397E-004
   9.3333333333333321        6.6666666666666661        6.2633745029596678E-004
   9.3333333333333321        7.0000000000000000        3.3110313725719239E-004
   9.3333333333333321        7.3333333333333330        2.7990990268816782E-004
   9.3333333333333321        7.6666666666666661        2.5393407064924908E-004
   9.3333333333333321        8.0000000000000000        1.9579814656025681E-004
   9.3333333333333321        8.3333333333333321        1.6947527258012891E-005
   9.3333333333333321        8.6666666666666661        1.5588123753522519E-005
   9.3333333333333321        9.0000000000000000        2.6178603036476341E-005
   9.3333333333333321        9.3333333333333321        1.6074400660810253E-005
   9.3333333333333321        9.6666666666666661        4.6621737199953917E-006
   9.3333333333333321        10.000000000000000        0.0000000000000000     
 
   9.6666666666666661        0.0000000000000000        0.0000000000000000     
   9.6666666666666661       0.33333333333333331        2.6365035349489855E-005
   9.6666666666666661       0.66666666666666663        5.6821075899504486E-005
   9.6666666666666661        1.0000000000000000        8.9321964550954347E-005
   9.6666666666666661        1.3333333333333333        1.1450225326010040E-004
   9.6666666666666661        1.6666666666666665        1.5152881418408241E-004
   9.6666666666666661        2.0000000000000000        4.6123543389279514E-005
   9.6666666666666661        2.3333333333333330        1.7248170347783691E-005
   9.6666666666666661        2.6666666666666665        1.4050030743225309E-005
   9.6666666666666661        3.0000000000000000        2.4368982211650221E-005
   9.6666666666666661        3.3333333333333330        4.8312182478241089E-005
   9.6666666666666661        3.6666666666666665        6.9264575622149358E-005
   9.6666666666666661        4.0000000000000000        1.7691288567538941E-005
   9.6666666666666661        4.3333333333333330        4.1228523216421583E-005
   9.6666666666666661        4.6666666666666661        1.1613364391194524E-004
   9.6666666666666661        5.0000000000000000        3.9625325576266409E-004
   9.6666666666666661        5.3333333333333330        6.4961934119650035E-004
   9.6666666666666661        5.6666666666666661        1.3463231693534790E-004
   9.6666666666666661        6.0000000000000000        3.1107084695204608E-004
   9.6666666666666661        6.3333333333333330        3.5568719545157559E-004
   9.6666666666666661        6.6666666666666661        2.6713549676566387E-004
   9.6666666666666661        7.0000000000000000        1.6784340742473681E-004
   9.6666666666666661        7.3333333333333330        1.2743296498877717E-004
   9.6666666666666661        7.6666666666666661        1.0494797009771503E-004
   9.6666666666666661        8.0000000000000000        7.4496785063136867E-005
   9.6666666666666661        8.3333333333333321        2.3495592560374877E-005
   9.6666666666666661        8.6666666666666661        1.1180898658071509E-005
   9.6666666666666661        9.0000000000000000        9.9797247145871090E-006
   9.6666666666666661        9.3333333333333321        6.4936066098337198E-006
   9.6666666666666661        9.6666666666666661        2.5303660923486013E-006
   9.6666666666666661        10.000000000000000        0.0000000000000000     
 
   10.000000000000000        0.0000000000000000        0.0000000000000000     
   10.000000000000000       0.33333333333333331        0.0000000000000000     
   10.000000000000000       0.66666666666666663        0.0000000000000000     
   10.000000000000000        1.0000000000000000        0.0000000000000000     
   10.000000000000000        1.3333333333333333        0.0000000000000000     
   10.000000000000000        1.6666666666666665        0.0000000000000000     
   10.000000000000000        2.0000000000000000        0.0000000000000000     
   10.000000000000000        2.3333333333333330        0.0000000000000000     
   10.000000000000000        2.6666666666666665        0.0000000000000000     
   10.000000000000000        3.0000000000000000        0.0000000000000000     
   10.000000000000000        3.3333333333333330        0.0000000000000000     
   10.000000000000000        3.6666666666666665        0.0000000000000000     
   10.000000000000000        4.0000000000000000        0.0000000000000000     
   10.000000000000000        4.3333333333333330        0.0000000000000000     
   10.000000000000000        4.6666666666666661        0.0000000000000000     
   10.000000000000000        5.0000000000000000        0.0000000000000000     
   10.000000000000000        5.3333333333333330        0.0000000000000000     
   10.000000000000000        5.6666666666666661        0.0000000000000000     
   10.000000000000000        6.0000000000000000        0.0000000000000000     
   10.000000000000000        6.3333333333333330        0.0000000000000000     
   10.000000000000000        6.6666666666666661        0.0000000000000000     
   10.000000000000000        7.0000000000000000        0.0000000000000000     
   10.000000000000000        7.3333333333333330        0.0000000000000000     
   10.000000000000000        7.6666666666666661        0.0000000000000000     
   10.000000000000000        8.0000000000000000        0.0000000000000000     
   10.000000000000000        8.3333333333333321        0.0000000000000000     
   10.000000000000000        8.6666666666666661        0.0000000000000000     
   10.000000000000000        9.0000000000000000        0.0000000000000000     
   10.000000000000000        9.3333333333333321        0.0000000000000000     
   10.000000000000000        9.6666666666666661        0.0000000000000000     
   10.000000000000000        10.000000000000000        0.0000000000000000     
 
