   0.0000000000000000        0.0000000000000000        0.0000000000000000     
   0.0000000000000000       0.33333333333333331        0.0000000000000000     
   0.0000000000000000       0.66666666666666663        0.0000000000000000     
   0.0000000000000000        1.0000000000000000        0.0000000000000000     
   0.0000000000000000        1.3333333333333333        0.0000000000000000     
   0.0000000000000000        1.6666666666666665        0.0000000000000000     
   0.0000000000000000        2.0000000000000000        0.0000000000000000     
   0.0000000000000000        2.3333333333333330        0.0000000000000000     
   0.0000000000000000        2.6666666666666665        0.0000000000000000     
   0.0000000000000000        3.0000000000000000        0.0000000000000000     
   0.0000000000000000        3.3333333333333330        0.0000000000000000     
   0.0000000000000000        3.6666666666666665        0.0000000000000000     
   0.0000000000000000        4.0000000000000000        0.0000000000000000     
   0.0000000000000000        4.3333333333333330        0.0000000000000000     
   0.0000000000000000        4.6666666666666661        0.0000000000000000     
   0.0000000000000000        5.0000000000000000        0.0000000000000000     
   0.0000000000000000        5.3333333333333330        0.0000000000000000     
   0.0000000000000000        5.6666666666666661        0.0000000000000000     
   0.0000000000000000        6.0000000000000000        0.0000000000000000     
   0.0000000000000000        6.3333333333333330        0.0000000000000000     
   0.0000000000000000        6.6666666666666661        0.0000000000000000     
   0.0000000000000000        7.0000000000000000        0.0000000000000000     
   0.0000000000000000        7.3333333333333330        0.0000000000000000     
   0.0000000000000000        7.6666666666666661        0.0000000000000000     
   0.0000000000000000        8.0000000000000000        0.0000000000000000     
   0.0000000000000000        8.3333333333333321        0.0000000000000000     
   0.0000000000000000        8.6666666666666661        0.0000000000000000     
   0.0000000000000000        9.0000000000000000        0.0000000000000000     
   0.0000000000000000        9.3333333333333321        0.0000000000000000     
   0.0000000000000000        9.6666666666666661        0.0000000000000000     
   0.0000000000000000        10.000000000000000        0.0000000000000000     
 
  0.33333333333333331        0.0000000000000000        0.0000000000000000     
  0.33333333333333331       0.33333333333333331        8.5502719857633310E-005
  0.33333333333333331       0.66666666666666663        1.4371936496078216E-004
  0.33333333333333331        1.0000000000000000        1.4668599115905251E-004
  0.33333333333333331        1.3333333333333333        3.1717694325548112E-004
  0.33333333333333331        1.6666666666666665        4.8055084049089552E-004
  0.33333333333333331        2.0000000000000000        7.6062109907842543E-004
  0.33333333333333331        2.3333333333333330        9.7394819437097058E-004
  0.33333333333333331        2.6666666666666665        8.9193256809737829E-004
  0.33333333333333331        3.0000000000000000        1.8104943912816208E-003
  0.33333333333333331        3.3333333333333330        2.0180597714244222E-003
  0.33333333333333331        3.6666666666666665        1.9496790771658709E-003
  0.33333333333333331        4.0000000000000000        1.9791174044559308E-003
  0.33333333333333331        4.3333333333333330        2.0168828378302295E-003
  0.33333333333333331        4.6666666666666661        1.3451209382321948E-003
  0.33333333333333331        5.0000000000000000        2.1653070757565607E-003
  0.33333333333333331        5.3333333333333330        5.3641412977409025E-003
  0.33333333333333331        5.6666666666666661        6.7764847534861746E-003
  0.33333333333333331        6.0000000000000000        7.7876612253918939E-003
  0.33333333333333331        6.3333333333333330        8.3352257604170799E-003
  0.33333333333333331        6.6666666666666661        5.7426455735651140E-003
  0.33333333333333331        7.0000000000000000        9.3345988149514687E-003
  0.33333333333333331        7.3333333333333330        4.2259520299006955E-003
  0.33333333333333331        7.6666666666666661        3.6862350479094867E-003
  0.33333333333333331        8.0000000000000000        2.7779732360546467E-003
  0.33333333333333331        8.3333333333333321        1.8416141756283080E-003
  0.33333333333333331        8.6666666666666661        1.3851155943732120E-003
  0.33333333333333331        9.0000000000000000        9.9523665892085108E-004
  0.33333333333333331        9.3333333333333321        5.4085193307499332E-004
  0.33333333333333331        9.6666666666666661        2.3245870261878052E-004
  0.33333333333333331        10.000000000000000        0.0000000000000000     
 
  0.66666666666666663        0.0000000000000000        0.0000000000000000     
  0.66666666666666663       0.33333333333333331        2.0960734588869453E-004
  0.66666666666666663       0.66666666666666663        3.6196933035891006E-004
  0.66666666666666663        1.0000000000000000        8.0598409571878006E-004
  0.66666666666666663        1.3333333333333333        6.8615851414987553E-004
  0.66666666666666663        1.6666666666666665        9.1043980286105647E-004
  0.66666666666666663        2.0000000000000000        1.6881774087099653E-003
  0.66666666666666663        2.3333333333333330        2.3663266960558971E-003
  0.66666666666666663        2.6666666666666665        5.1725954200308368E-003
  0.66666666666666663        3.0000000000000000        4.5400042528067723E-003
  0.66666666666666663        3.3333333333333330        4.5411016425234421E-003
  0.66666666666666663        3.6666666666666665        4.0279300725229511E-003
  0.66666666666666663        4.0000000000000000        4.1813958817884149E-003
  0.66666666666666663        4.3333333333333330        4.9743257788962946E-003
  0.66666666666666663        4.6666666666666661        0.0000000000000000     
  0.66666666666666663        5.0000000000000000        1.3431416758161384E-002
  0.66666666666666663        5.3333333333333330        1.3010184645789838E-002
  0.66666666666666663        5.6666666666666661        1.4538138518842786E-002
  0.66666666666666663        6.0000000000000000        1.6664217706447274E-002
  0.66666666666666663        6.3333333333333330        2.0438875675659912E-002
  0.66666666666666663        6.6666666666666661        3.4589053818494066E-002
  0.66666666666666663        7.0000000000000000        2.8054392962939326E-002
  0.66666666666666663        7.3333333333333330        7.3531178423146756E-003
  0.66666666666666663        7.6666666666666661        8.0775748089159626E-003
  0.66666666666666663        8.0000000000000000        5.8580408945434160E-003
  0.66666666666666663        8.3333333333333321        3.4008935215125687E-003
  0.66666666666666663        8.6666666666666661        2.8631658397798173E-003
  0.66666666666666663        9.0000000000000000        2.1748560973279666E-003
  0.66666666666666663        9.3333333333333321        1.0034774402330714E-003
  0.66666666666666663        9.6666666666666661        4.1887747906857849E-004
  0.66666666666666663        10.000000000000000        0.0000000000000000     
 
   1.0000000000000000        0.0000000000000000        0.0000000000000000     
   1.0000000000000000       0.33333333333333331        4.1759261684030789E-004
   1.0000000000000000       0.66666666666666663        7.7869869224672411E-004
   1.0000000000000000        1.0000000000000000        1.0347146252638231E-003
   1.0000000000000000        1.3333333333333333        8.0598409571878006E-004
   1.0000000000000000        1.6666666666666665        2.7522402000182992E-003
   1.0000000000000000        2.0000000000000000        2.9328858523676180E-003
   1.0000000000000000        2.3333333333333330        4.7268929680248893E-003
   1.0000000000000000        2.6666666666666665        6.3940218508872146E-003
   1.0000000000000000        3.0000000000000000        7.1384579049443043E-003
   1.0000000000000000        3.3333333333333330        8.0688000230559279E-003
   1.0000000000000000        3.6666666666666665        5.8935322845512141E-003
   1.0000000000000000        4.0000000000000000        6.2218042090221113E-003
   1.0000000000000000        4.3333333333333330        9.2786857448751738E-003
   1.0000000000000000        4.6666666666666661        1.3722109662973820E-002
   1.0000000000000000        5.0000000000000000        1.5184082251982457E-002
   1.0000000000000000        5.3333333333333330        1.9892135613347399E-002
   1.0000000000000000        5.6666666666666661        2.2912125994638776E-002
   1.0000000000000000        6.0000000000000000        2.5169257091048048E-002
   1.0000000000000000        6.3333333333333330        3.7745585000142662E-002
   1.0000000000000000        6.6666666666666661        4.3486106343548166E-002
   1.0000000000000000        7.0000000000000000        4.2168485647250328E-002
   1.0000000000000000        7.3333333333333330        3.1884450214365326E-002
   1.0000000000000000        7.6666666666666661        1.6140281418581627E-002
   1.0000000000000000        8.0000000000000000        9.7391921173282121E-003
   1.0000000000000000        8.3333333333333321        6.0326558207867862E-003
   1.0000000000000000        8.6666666666666661        4.8173140013002000E-003
   1.0000000000000000        9.0000000000000000        4.0941029630777708E-003
   1.0000000000000000        9.3333333333333321        4.3474329606801724E-004
   1.0000000000000000        9.6666666666666661        4.9276564347990081E-004
   1.0000000000000000        10.000000000000000        0.0000000000000000     
 
   1.3333333333333333        0.0000000000000000        0.0000000000000000     
   1.3333333333333333       0.33333333333333331        7.3253306978016835E-004
   1.3333333333333333       0.66666666666666663        1.3953471088710054E-003
   1.3333333333333333        1.0000000000000000        1.8778228468579415E-003
   1.3333333333333333        1.3333333333333333        3.5008975391769273E-003
   1.3333333333333333        1.6666666666666665        2.9357867939933530E-003
   1.3333333333333333        2.0000000000000000        8.0822510153423163E-003
   1.3333333333333333        2.3333333333333330        7.7579680429578973E-003
   1.3333333333333333        2.6666666666666665        9.2357194479743346E-003
   1.3333333333333333        3.0000000000000000        1.0291915849253732E-002
   1.3333333333333333        3.3333333333333330        1.5493735834523757E-002
   1.3333333333333333        3.6666666666666665        2.9457032712541440E-002
   1.3333333333333333        4.0000000000000000        2.0333121415481076E-002
   1.3333333333333333        4.3333333333333330        1.7611091552809134E-002
   1.3333333333333333        4.6666666666666661        3.1594899956502873E-002
   1.3333333333333333        5.0000000000000000        3.1443205478513002E-002
   1.3333333333333333        5.3333333333333330        3.0166587484834077E-002
   1.3333333333333333        5.6666666666666661        3.3831143607118266E-002
   1.3333333333333333        6.0000000000000000        7.2137202113448887E-002
   1.3333333333333333        6.3333333333333330        6.4217452273723177E-002
   1.3333333333333333        6.6666666666666661        6.2134357901322143E-002
   1.3333333333333333        7.0000000000000000        5.7621717739604630E-002
   1.3333333333333333        7.3333333333333330        4.9819805388277204E-002
   1.3333333333333333        7.6666666666666661        7.2982031065055427E-003
   1.3333333333333333        8.0000000000000000        8.1134360078295425E-003
   1.3333333333333333        8.3333333333333321        7.9065267520559406E-003
   1.3333333333333333        8.6666666666666661        6.8144078919798786E-003
   1.3333333333333333        9.0000000000000000        5.7555647744452479E-003
   1.3333333333333333        9.3333333333333321        2.5950406199684887E-003
   1.3333333333333333        9.6666666666666661        1.1785345286607581E-003
   1.3333333333333333        10.000000000000000        0.0000000000000000     
 
   1.6666666666666665        0.0000000000000000        0.0000000000000000     
   1.6666666666666665       0.33333333333333331        1.1998131287190579E-003
   1.6666666666666665       0.66666666666666663        2.3497550019130125E-003
   1.6666666666666665        1.0000000000000000        3.4158792748174471E-003
   1.6666666666666665        1.3333333333333333        4.4868711245040190E-003
   1.6666666666666665        1.6666666666666665        1.0123766601973408E-002
   1.6666666666666665        2.0000000000000000        9.2967754856245095E-003
   1.6666666666666665        2.3333333333333330        9.8270568092398928E-003
   1.6666666666666665        2.6666666666666665        1.3439130400411722E-002
   1.6666666666666665        3.0000000000000000        3.1179134914859775E-002
   1.6666666666666665        3.3333333333333330        2.9434529205243743E-002
   1.6666666666666665        3.6666666666666665        3.1859852066792135E-002
   1.6666666666666665        4.0000000000000000        2.4978352160137621E-002
   1.6666666666666665        4.3333333333333330        2.4916291818412185E-002
   1.6666666666666665        4.6666666666666661        3.4372269992864343E-002
   1.6666666666666665        5.0000000000000000        3.5303006333734656E-002
   1.6666666666666665        5.3333333333333330        3.7849049515903475E-002
   1.6666666666666665        5.6666666666666661        5.0783734661015260E-002
   1.6666666666666665        6.0000000000000000        8.3586098689699115E-002
   1.6666666666666665        6.3333333333333330        8.8120522073470361E-002
   1.6666666666666665        6.6666666666666661        8.6496744170311307E-002
   1.6666666666666665        7.0000000000000000        7.9576559347968812E-002
   1.6666666666666665        7.3333333333333330        6.2965277621347002E-002
   1.6666666666666665        7.6666666666666661        6.3208159872013654E-003
   1.6666666666666665        8.0000000000000000        8.3472764153732365E-003
   1.6666666666666665        8.3333333333333321        1.1464103436436005E-002
   1.6666666666666665        8.6666666666666661        9.4834402097770422E-003
   1.6666666666666665        9.0000000000000000        6.9766338645628175E-003
   1.6666666666666665        9.3333333333333321        4.3024612032047816E-003
   1.6666666666666665        9.6666666666666661        1.7620270353274098E-003
   1.6666666666666665        10.000000000000000        0.0000000000000000     
 
   2.0000000000000000        0.0000000000000000        0.0000000000000000     
   2.0000000000000000       0.33333333333333331        1.8423353112952340E-003
   2.0000000000000000       0.66666666666666663        3.6331494115682053E-003
   2.0000000000000000        1.0000000000000000        5.3070012357427790E-003
   2.0000000000000000        1.3333333333333333        7.0235621242026045E-003
   2.0000000000000000        1.6666666666666665        1.1951527135695030E-002
   2.0000000000000000        2.0000000000000000        1.0123766601973408E-002
   2.0000000000000000        2.3333333333333330        2.0690018959601441E-002
   2.0000000000000000        2.6666666666666665        2.2508686724169537E-002
   2.0000000000000000        3.0000000000000000        3.5224204358616298E-002
   2.0000000000000000        3.3333333333333330        4.1369160871187763E-002
   2.0000000000000000        3.6666666666666665        4.5963518527554398E-002
   2.0000000000000000        4.0000000000000000        7.6870347060472105E-002
   2.0000000000000000        4.3333333333333330        7.3951859238368181E-002
   2.0000000000000000        4.6666666666666661        4.8452876209717652E-002
   2.0000000000000000        5.0000000000000000        4.0341076979946038E-002
   2.0000000000000000        5.3333333333333330        0.0000000000000000     
   2.0000000000000000        5.6666666666666661       0.17876683988665582     
   2.0000000000000000        6.0000000000000000       0.12684074365570275     
   2.0000000000000000        6.3333333333333330       0.12188547846781042     
   2.0000000000000000        6.6666666666666661       0.11990162803190177     
   2.0000000000000000        7.0000000000000000       0.11491727490351236     
   2.0000000000000000        7.3333333333333330        4.4185059901415795E-003
   2.0000000000000000        7.6666666666666661        5.0384075111082997E-003
   2.0000000000000000        8.0000000000000000        3.4863019459174381E-002
   2.0000000000000000        8.3333333333333321        2.1124602412355316E-002
   2.0000000000000000        8.6666666666666661        1.3560401289895189E-002
   2.0000000000000000        9.0000000000000000        9.0637184268585937E-003
   2.0000000000000000        9.3333333333333321        6.3300956836062653E-003
   2.0000000000000000        9.6666666666666661        1.2253074426913071E-003
   2.0000000000000000        10.000000000000000        0.0000000000000000     
 
   2.3333333333333330        0.0000000000000000        0.0000000000000000     
   2.3333333333333330       0.33333333333333331        2.7129312585711571E-003
   2.3333333333333330       0.66666666666666663        5.3792193710672552E-003
   2.3333333333333330        1.0000000000000000        7.6588938943123255E-003
   2.3333333333333330        1.3333333333333333        2.0985972655424876E-002
   2.3333333333333330        1.6666666666666665        2.1586807977673678E-002
   2.3333333333333330        2.0000000000000000        4.4917542157148306E-002
   2.3333333333333330        2.3333333333333330        5.5549895476456834E-002
   2.3333333333333330        2.6666666666666665        5.4864449412576448E-002
   2.3333333333333330        3.0000000000000000        4.8245323739096874E-002
   2.3333333333333330        3.3333333333333330        5.7473619852913924E-002
   2.3333333333333330        3.6666666666666665        6.7472211575659330E-002
   2.3333333333333330        4.0000000000000000        8.1217107203596955E-002
   2.3333333333333330        4.3333333333333330       0.10343625660867722     
   2.3333333333333330        4.6666666666666661       0.19694222942319020     
   2.3333333333333330        5.0000000000000000       0.24142133338591698     
   2.3333333333333330        5.3333333333333330       0.25406745148559667     
   2.3333333333333330        5.6666666666666661       0.23392065560063083     
   2.3333333333333330        6.0000000000000000       0.19160696446797051     
   2.3333333333333330        6.3333333333333330       0.15662068671189003     
   2.3333333333333330        6.6666666666666661       0.16028679627489775     
   2.3333333333333330        7.0000000000000000       0.14933245014710597     
   2.3333333333333330        7.3333333333333330       0.16091042674787029     
   2.3333333333333330        7.6666666666666661        9.3540482356771565E-002
   2.3333333333333330        8.0000000000000000        5.0659208053400677E-002
   2.3333333333333330        8.3333333333333321        2.6095334972968651E-002
   2.3333333333333330        8.6666666666666661        1.5692257504402011E-002
   2.3333333333333330        9.0000000000000000        1.0237521640005532E-002
   2.3333333333333330        9.3333333333333321        6.2641485992129611E-003
   2.3333333333333330        9.6666666666666661        2.5833128689482297E-003
   2.3333333333333330        10.000000000000000        0.0000000000000000     
 
   2.6666666666666665        0.0000000000000000        0.0000000000000000     
   2.6666666666666665       0.33333333333333331        3.8671948940470057E-003
   2.6666666666666665       0.66666666666666663        7.9733241078234207E-003
   2.6666666666666665        1.0000000000000000        1.2932164872340130E-002
   2.6666666666666665        1.3333333333333333        2.1923236875467881E-002
   2.6666666666666665        1.6666666666666665        3.3361184562688877E-002
   2.6666666666666665        2.0000000000000000        4.7581331044511031E-002
   2.6666666666666665        2.3333333333333330        5.8549701938865710E-002
   2.6666666666666665        2.6666666666666665        6.4429794785837921E-002
   2.6666666666666665        3.0000000000000000        8.4654944296736104E-002
   2.6666666666666665        3.3333333333333330        7.5834489725258969E-002
   2.6666666666666665        3.6666666666666665        8.8569387105093086E-002
   2.6666666666666665        4.0000000000000000       0.15408354051181292     
   2.6666666666666665        4.3333333333333330       0.15960609113642796     
   2.6666666666666665        4.6666666666666661       0.20202301235077652     
   2.6666666666666665        5.0000000000000000       0.24496709681217602     
   2.6666666666666665        5.3333333333333330       0.27609291372686440     
   2.6666666666666665        5.6666666666666661       0.27110419681217440     
   2.6666666666666665        6.0000000000000000       0.23011382982672324     
   2.6666666666666665        6.3333333333333330       0.25962428086543077     
   2.6666666666666665        6.6666666666666661       0.21901551799026941     
   2.6666666666666665        7.0000000000000000       0.17685441840080343     
   2.6666666666666665        7.3333333333333330       0.16605607667373659     
   2.6666666666666665        7.6666666666666661       0.14003619867720499     
   2.6666666666666665        8.0000000000000000        1.7105586336424734E-002
   2.6666666666666665        8.3333333333333321        1.8613286610410448E-002
   2.6666666666666665        8.6666666666666661        1.4138503305288366E-002
   2.6666666666666665        9.0000000000000000        1.0872010951767486E-002
   2.6666666666666665        9.3333333333333321        6.5305703702827640E-003
   2.6666666666666665        9.6666666666666661        3.1118737979247755E-003
   2.6666666666666665        10.000000000000000        0.0000000000000000     
 
   3.0000000000000000        0.0000000000000000        0.0000000000000000     
   3.0000000000000000       0.33333333333333331        5.0922569897065397E-003
   3.0000000000000000       0.66666666666666663        1.0334622000364238E-002
   3.0000000000000000        1.0000000000000000        1.5130531298163686E-002
   3.0000000000000000        1.3333333333333333        4.0055848964019335E-002
   3.0000000000000000        1.6666666666666665        4.4349814717725616E-002
   3.0000000000000000        2.0000000000000000        5.6050965420460508E-002
   3.0000000000000000        2.3333333333333330        6.9491579746353740E-002
   3.0000000000000000        2.6666666666666665        8.2811500423514969E-002
   3.0000000000000000        3.0000000000000000        9.6630020428941574E-002
   3.0000000000000000        3.3333333333333330       0.13574079494810048     
   3.0000000000000000        3.6666666666666665       0.12560765946944677     
   3.0000000000000000        4.0000000000000000       0.17827032340212026     
   3.0000000000000000        4.3333333333333330       0.18384179955840063     
   3.0000000000000000        4.6666666666666661       0.21096320311990999     
   3.0000000000000000        5.0000000000000000       0.26313242101048590     
   3.0000000000000000        5.3333333333333330       0.33515432830295311     
   3.0000000000000000        5.6666666666666661       0.34508250935845813     
   3.0000000000000000        6.0000000000000000       0.36240332963024680     
   3.0000000000000000        6.3333333333333330       0.30144171890833243     
   3.0000000000000000        6.6666666666666661       0.28166462678170212     
   3.0000000000000000        7.0000000000000000       0.22053530894794415     
   3.0000000000000000        7.3333333333333330       0.19087907028132162     
   3.0000000000000000        7.6666666666666661       0.16484013249759064     
   3.0000000000000000        8.0000000000000000       0.12202093847167519     
   3.0000000000000000        8.3333333333333321        1.1412559787288551E-002
   3.0000000000000000        8.6666666666666661        1.2638332041208702E-002
   3.0000000000000000        9.0000000000000000        1.3614023446813258E-002
   3.0000000000000000        9.3333333333333321        6.8691319476407711E-003
   3.0000000000000000        9.6666666666666661        3.6523604374405368E-003
   3.0000000000000000        10.000000000000000        0.0000000000000000     
 
   3.3333333333333330        0.0000000000000000        0.0000000000000000     
   3.3333333333333330       0.33333333333333331        6.5453327329211500E-003
   3.3333333333333330       0.66666666666666663        1.3884304141808572E-002
   3.3333333333333330        1.0000000000000000        2.3165023623192522E-002
   3.3333333333333330        1.3333333333333333        3.7977953900896817E-002
   3.3333333333333330        1.6666666666666665        5.0242693052632424E-002
   3.3333333333333330        2.0000000000000000        6.5364396834704838E-002
   3.3333333333333330        2.3333333333333330        8.3326376377566985E-002
   3.3333333333333330        2.6666666666666665       0.10353760776043754     
   3.3333333333333330        3.0000000000000000       0.12531189600414153     
   3.3333333333333330        3.3333333333333330       0.14861492974660181     
   3.3333333333333330        3.6666666666666665       0.15537457415051489     
   3.3333333333333330        4.0000000000000000       0.19375465142729639     
   3.3333333333333330        4.3333333333333330       0.19144768118203981     
   3.3333333333333330        4.6666666666666661       0.19891126190720182     
   3.3333333333333330        5.0000000000000000       0.51248472063051609     
   3.3333333333333330        5.3333333333333330       0.45392430240178794     
   3.3333333333333330        5.6666666666666661       0.42599323494955676     
   3.3333333333333330        6.0000000000000000       0.41959074864241891     
   3.3333333333333330        6.3333333333333330       0.37721464600244625     
   3.3333333333333330        6.6666666666666661       0.32459297467999382     
   3.3333333333333330        7.0000000000000000       0.25320022554450011     
   3.3333333333333330        7.3333333333333330       0.21594037913364236     
   3.3333333333333330        7.6666666666666661       0.16795448175722455     
   3.3333333333333330        8.0000000000000000       0.12731744326343852     
   3.3333333333333330        8.3333333333333321        5.9497705385810749E-002
   3.3333333333333330        8.6666666666666661        2.6996749241495817E-002
   3.3333333333333330        9.0000000000000000        1.8606412019512360E-002
   3.3333333333333330        9.3333333333333321        1.0733477163024476E-002
   3.3333333333333330        9.6666666666666661        4.9830054824873612E-003
   3.3333333333333330        10.000000000000000        0.0000000000000000     
 
   3.6666666666666665        0.0000000000000000        0.0000000000000000     
   3.6666666666666665       0.33333333333333331        7.6574932782604906E-003
   3.6666666666666665       0.66666666666666663        1.6403962316058545E-002
   3.6666666666666665        1.0000000000000000        2.7060461516601915E-002
   3.6666666666666665        1.3333333333333333        4.0466642230757306E-002
   3.6666666666666665        1.6666666666666665        5.5616000338807453E-002
   3.6666666666666665        2.0000000000000000        7.4385885440833008E-002
   3.6666666666666665        2.3333333333333330        9.7536874281177063E-002
   3.6666666666666665        2.6666666666666665       0.12525991135711789     
   3.6666666666666665        3.0000000000000000       0.15488242767530824     
   3.6666666666666665        3.3333333333333330       0.18031426791701974     
   3.6666666666666665        3.6666666666666665       0.19422697478895992     
   3.6666666666666665        4.0000000000000000       0.19994456307583869     
   3.6666666666666665        4.3333333333333330       0.19375465142729639     
   3.6666666666666665        4.6666666666666661       0.61405824764535866     
   3.6666666666666665        5.0000000000000000       0.55827904622001456     
   3.6666666666666665        5.3333333333333330       0.53252021292477536     
   3.6666666666666665        5.6666666666666661       0.47760420310885909     
   3.6666666666666665        6.0000000000000000       0.46303902922722562     
   3.6666666666666665        6.3333333333333330       0.42479874964402475     
   3.6666666666666665        6.6666666666666661       0.38412132139258731     
   3.6666666666666665        7.0000000000000000       0.29489338493848122     
   3.6666666666666665        7.3333333333333330       0.25466104276406232     
   3.6666666666666665        7.6666666666666661        9.2027254631431521E-002
   3.6666666666666665        8.0000000000000000        9.6792309932629383E-002
   3.6666666666666665        8.3333333333333321        6.3357109467169576E-002
   3.6666666666666665        8.6666666666666661        3.7468922281712502E-002
   3.6666666666666665        9.0000000000000000        2.4625233730201035E-002
   3.6666666666666665        9.3333333333333321        1.3416039580749295E-002
   3.6666666666666665        9.6666666666666661        5.9995826170686347E-003
   3.6666666666666665        10.000000000000000        0.0000000000000000     
 
   4.0000000000000000        0.0000000000000000        0.0000000000000000     
   4.0000000000000000       0.33333333333333331        8.1886084356436375E-003
   4.0000000000000000       0.66666666666666663        1.8042767151611527E-002
   4.0000000000000000        1.0000000000000000        2.9753836879854653E-002
   4.0000000000000000        1.3333333333333333        4.3240956671563052E-002
   4.0000000000000000        1.6666666666666665        5.9707020144885693E-002
   4.0000000000000000        2.0000000000000000        8.1499778388148911E-002
   4.0000000000000000        2.3333333333333330       0.10957860664209540     
   4.0000000000000000        2.6666666666666665       0.14717830980861829     
   4.0000000000000000        3.0000000000000000       0.19029087436425413     
   4.0000000000000000        3.3333333333333330       0.22484190282238228     
   4.0000000000000000        3.6666666666666665       0.24276195637015052     
   4.0000000000000000        4.0000000000000000       0.22076810589200710     
   4.0000000000000000        4.3333333333333330       0.66616934607943212     
   4.0000000000000000        4.6666666666666661       0.65089433279792397     
   4.0000000000000000        5.0000000000000000       0.66691490338564208     
   4.0000000000000000        5.3333333333333330       0.62510740924926955     
   4.0000000000000000        5.6666666666666661       0.57505696722067545     
   4.0000000000000000        6.0000000000000000       0.51959109457433794     
   4.0000000000000000        6.3333333333333330       0.46665402130953904     
   4.0000000000000000        6.6666666666666661       0.39735046724827616     
   4.0000000000000000        7.0000000000000000       0.33455176882310694     
   4.0000000000000000        7.3333333333333330       0.20497727281151970     
   4.0000000000000000        7.6666666666666661       0.12487746529250435     
   4.0000000000000000        8.0000000000000000       0.10890217464560678     
   4.0000000000000000        8.3333333333333321        7.2491671599116903E-002
   4.0000000000000000        8.6666666666666661        3.8421897684689538E-002
   4.0000000000000000        9.0000000000000000        3.0866319588299135E-002
   4.0000000000000000        9.3333333333333321        1.1158017551092457E-002
   4.0000000000000000        9.6666666666666661        6.1157359666086019E-003
   4.0000000000000000        10.000000000000000        0.0000000000000000     
 
   4.3333333333333330        0.0000000000000000        0.0000000000000000     
   4.3333333333333330       0.33333333333333331        7.5869268941453870E-003
   4.3333333333333330       0.66666666666666663        1.8935475490366699E-002
   4.3333333333333330        1.0000000000000000        3.2342465696894203E-002
   4.3333333333333330        1.3333333333333333        4.5140149719536837E-002
   4.3333333333333330        1.6666666666666665        6.0834738990137936E-002
   4.3333333333333330        2.0000000000000000        8.4735257840651723E-002
   4.3333333333333330        2.3333333333333330       0.11427623729973442     
   4.3333333333333330        2.6666666666666665       0.16507619584451208     
   4.3333333333333330        3.0000000000000000       0.23472158706096755     
   4.3333333333333330        3.3333333333333330       0.28549708373744132     
   4.3333333333333330        3.6666666666666665       0.33044074138331969     
   4.3333333333333330        4.0000000000000000       0.63550718290692487     
   4.3333333333333330        4.3333333333333330       0.65805421658425367     
   4.3333333333333330        4.6666666666666661       0.69574187429501000     
   4.3333333333333330        5.0000000000000000       0.68158679950879897     
   4.3333333333333330        5.3333333333333330       0.65247476495259682     
   4.3333333333333330        5.6666666666666661       0.61079126614025325     
   4.3333333333333330        6.0000000000000000       0.55834371100168290     
   4.3333333333333330        6.3333333333333330       0.51347455486051696     
   4.3333333333333330        6.6666666666666661       0.38029965456458492     
   4.3333333333333330        7.0000000000000000       0.30818948427728454     
   4.3333333333333330        7.3333333333333330       0.20700250340532109     
   4.3333333333333330        7.6666666666666661       0.14473580558701010     
   4.3333333333333330        8.0000000000000000       0.10916318107816195     
   4.3333333333333330        8.3333333333333321        7.6144452342111188E-002
   4.3333333333333330        8.6666666666666661        4.8457558755451151E-002
   4.3333333333333330        9.0000000000000000        3.1706167264730120E-002
   4.3333333333333330        9.3333333333333321        1.7067692154399319E-002
   4.3333333333333330        9.6666666666666661        7.8018598905685169E-003
   4.3333333333333330        10.000000000000000        0.0000000000000000     
 
   4.6666666666666661        0.0000000000000000        0.0000000000000000     
   4.6666666666666661       0.33333333333333331        3.7167233416500346E-003
   4.6666666666666661       0.66666666666666663        3.5074024947074685E-002
   4.6666666666666661        1.0000000000000000        3.7386374431729631E-002
   4.6666666666666661        1.3333333333333333        4.6377702744257628E-002
   4.6666666666666661        1.6666666666666665        5.6198556377124315E-002
   4.6666666666666661        2.0000000000000000        9.0794074210823444E-002
   4.6666666666666661        2.3333333333333330        9.9860140561785576E-002
   4.6666666666666661        2.6666666666666665       0.29925166410819504     
   4.6666666666666661        3.0000000000000000       0.29693744168127595     
   4.6666666666666661        3.3333333333333330       0.34871542337394751     
   4.6666666666666661        3.6666666666666665       0.45758517620964945     
   4.6666666666666661        4.0000000000000000       0.59002319201452635     
   4.6666666666666661        4.3333333333333330       0.64840170902711269     
   4.6666666666666661        4.6666666666666661       0.68041823510101573     
   4.6666666666666661        5.0000000000000000       0.68278760138083949     
   4.6666666666666661        5.3333333333333330       0.66636029705348343     
   4.6666666666666661        5.6666666666666661       0.63453594681775161     
   4.6666666666666661        6.0000000000000000       0.57099935879309627     
   4.6666666666666661        6.3333333333333330       0.50039084478118923     
   4.6666666666666661        6.6666666666666661       0.44570070290586111     
   4.6666666666666661        7.0000000000000000       0.16807793179630209     
   4.6666666666666661        7.3333333333333330       0.17159231406712894     
   4.6666666666666661        7.6666666666666661       0.14112540060562620     
   4.6666666666666661        8.0000000000000000       0.11055548728991212     
   4.6666666666666661        8.3333333333333321        7.7874326099114446E-002
   4.6666666666666661        8.6666666666666661        5.0263027034403676E-002
   4.6666666666666661        9.0000000000000000        3.2487882130794843E-002
   4.6666666666666661        9.3333333333333321        1.8822913144183020E-002
   4.6666666666666661        9.6666666666666661        8.6170933511296160E-003
   4.6666666666666661        10.000000000000000        0.0000000000000000     
 
   5.0000000000000000        0.0000000000000000        0.0000000000000000     
   5.0000000000000000       0.33333333333333331        3.8190581312615838E-003
   5.0000000000000000       0.66666666666666663        3.0358093401647131E-002
   5.0000000000000000        1.0000000000000000        3.7977972977631724E-002
   5.0000000000000000        1.3333333333333333        4.9211425944503735E-002
   5.0000000000000000        1.6666666666666665        6.3980461317918486E-002
   5.0000000000000000        2.0000000000000000        8.4737901457810266E-002
   5.0000000000000000        2.3333333333333330        9.7292743752375205E-002
   5.0000000000000000        2.6666666666666665       0.30341101035465551     
   5.0000000000000000        3.0000000000000000       0.30231136848418705     
   5.0000000000000000        3.3333333333333330       0.56655471120673961     
   5.0000000000000000        3.6666666666666665       0.54883170796321257     
   5.0000000000000000        4.0000000000000000       0.59827675073401165     
   5.0000000000000000        4.3333333333333330       0.64069013744265424     
   5.0000000000000000        4.6666666666666661       0.66696102695079973     
   5.0000000000000000        5.0000000000000000       0.67436607897857292     
   5.0000000000000000        5.3333333333333330       0.66832592239410415     
   5.0000000000000000        5.6666666666666661       0.66514314355912985     
   5.0000000000000000        6.0000000000000000       0.45984556597518356     
   5.0000000000000000        6.3333333333333330       0.45703806929964441     
   5.0000000000000000        6.6666666666666661       0.32235739978800110     
   5.0000000000000000        7.0000000000000000       0.20251648625165600     
   5.0000000000000000        7.3333333333333330       0.17310124904854554     
   5.0000000000000000        7.6666666666666661       0.14103243589839407     
   5.0000000000000000        8.0000000000000000       0.11767600111909704     
   5.0000000000000000        8.3333333333333321        5.3705195166068288E-002
   5.0000000000000000        8.6666666666666661        4.4965313408583875E-002
   5.0000000000000000        9.0000000000000000        3.1218386499100644E-002
   5.0000000000000000        9.3333333333333321        1.8438273174759157E-002
   5.0000000000000000        9.6666666666666661        8.4861182346939092E-003
   5.0000000000000000        10.000000000000000        0.0000000000000000     
 
   5.3333333333333330        0.0000000000000000        0.0000000000000000     
   5.3333333333333330       0.33333333333333331        8.0063540615725997E-003
   5.3333333333333330       0.66666666666666663        2.4664803321269167E-002
   5.3333333333333330        1.0000000000000000        3.7180011536992602E-002
   5.3333333333333330        1.3333333333333333        5.1023061556996041E-002
   5.3333333333333330        1.6666666666666665        6.8535635808630813E-002
   5.3333333333333330        2.0000000000000000        8.9843561043649559E-002
   5.3333333333333330        2.3333333333333330       0.11018837444085215     
   5.3333333333333330        2.6666666666666665       0.26846588743805233     
   5.3333333333333330        3.0000000000000000       0.30478361164169865     
   5.3333333333333330        3.3333333333333330       0.52687797605822040     
   5.3333333333333330        3.6666666666666665       0.55609851358446816     
   5.3333333333333330        4.0000000000000000       0.59328227143257117     
   5.3333333333333330        4.3333333333333330       0.62544011898868246     
   5.3333333333333330        4.6666666666666661       0.64601570193953717     
   5.3333333333333330        5.0000000000000000       0.65186298491375738     
   5.3333333333333330        5.3333333333333330       0.63999612992850685     
   5.3333333333333330        5.6666666666666661       0.48437222779731381     
   5.3333333333333330        6.0000000000000000       0.45155122888991067     
   5.3333333333333330        6.3333333333333330       0.39971168259570250     
   5.3333333333333330        6.6666666666666661       0.31970390501258572     
   5.3333333333333330        7.0000000000000000       0.23390634703367078     
   5.3333333333333330        7.3333333333333330       0.18008088802133682     
   5.3333333333333330        7.6666666666666661       0.13564594375943884     
   5.3333333333333330        8.0000000000000000       0.10509111472735935     
   5.3333333333333330        8.3333333333333321        6.5460278738019018E-002
   5.3333333333333330        8.6666666666666661        4.7348756723946749E-002
   5.3333333333333330        9.0000000000000000        3.1023284652234889E-002
   5.3333333333333330        9.3333333333333321        1.6539029842023795E-002
   5.3333333333333330        9.6666666666666661        7.5289996139162440E-003
   5.3333333333333330        10.000000000000000        0.0000000000000000     
 
   5.6666666666666661        0.0000000000000000        0.0000000000000000     
   5.6666666666666661       0.33333333333333331        4.0746668406658670E-003
   5.6666666666666661       0.66666666666666663        9.3889175602909769E-003
   5.6666666666666661        1.0000000000000000        3.4321547661009304E-002
   5.6666666666666661        1.3333333333333333        5.1665461283695521E-002
   5.6666666666666661        1.6666666666666665        7.2079927894849835E-002
   5.6666666666666661        2.0000000000000000        9.8810677379419995E-002
   5.6666666666666661        2.3333333333333330       0.14612183755672026     
   5.6666666666666661        2.6666666666666665       0.23132920048442965     
   5.6666666666666661        3.0000000000000000       0.34146297606607823     
   5.6666666666666661        3.3333333333333330       0.48405963787368622     
   5.6666666666666661        3.6666666666666665       0.53936618025557448     
   5.6666666666666661        4.0000000000000000       0.57430821192565329     
   5.6666666666666661        4.3333333333333330       0.59988551142373403     
   5.6666666666666661        4.6666666666666661       0.61562565565974248     
   5.6666666666666661        5.0000000000000000       0.62168548951992919     
   5.6666666666666661        5.3333333333333330       0.57486372789059015     
   5.6666666666666661        5.6666666666666661       0.50412562322442567     
   5.6666666666666661        6.0000000000000000       0.36643597813986795     
   5.6666666666666661        6.3333333333333330       0.36286647291322044     
   5.6666666666666661        6.6666666666666661       0.24245873733075685     
   5.6666666666666661        7.0000000000000000       0.17503095687258913     
   5.6666666666666661        7.3333333333333330       0.12348549143796632     
   5.6666666666666661        7.6666666666666661       0.11970419145391867     
   5.6666666666666661        8.0000000000000000        6.4420289541409492E-002
   5.6666666666666661        8.3333333333333321        5.8889871654443024E-002
   5.6666666666666661        8.6666666666666661        5.0722671085899493E-002
   5.6666666666666661        9.0000000000000000        9.5011478599112357E-003
   5.6666666666666661        9.3333333333333321        1.0376558137210296E-002
   5.6666666666666661        9.6666666666666661        5.6775790608852494E-003
   5.6666666666666661        10.000000000000000        0.0000000000000000     
 
   6.0000000000000000        0.0000000000000000        0.0000000000000000     
   6.0000000000000000       0.33333333333333331        4.5145779589224819E-003
   6.0000000000000000       0.66666666666666663        1.0149692501565886E-002
   6.0000000000000000        1.0000000000000000        1.8839167873791016E-002
   6.0000000000000000        1.3333333333333333        0.0000000000000000     
   6.0000000000000000        1.6666666666666665        8.6168147022447378E-002
   6.0000000000000000        2.0000000000000000        9.0087835026736937E-002
   6.0000000000000000        2.3333333333333330       0.14122327916254848     
   6.0000000000000000        2.6666666666666665       0.16921920075573338     
   6.0000000000000000        3.0000000000000000       0.52878732169277787     
   6.0000000000000000        3.3333333333333330       0.51771372140493599     
   6.0000000000000000        3.6666666666666665       0.52894646351043784     
   6.0000000000000000        4.0000000000000000       0.54796995068374654     
   6.0000000000000000        4.3333333333333330       0.56501861708698020     
   6.0000000000000000        4.6666666666666661       0.57380146586927516     
   6.0000000000000000        5.0000000000000000       0.51331637678340647     
   6.0000000000000000        5.3333333333333330       0.51388285323504457     
   6.0000000000000000        5.6666666666666661       0.43836347499210482     
   6.0000000000000000        6.0000000000000000       0.36416788934473077     
   6.0000000000000000        6.3333333333333330       0.31676581638186624     
   6.0000000000000000        6.6666666666666661       0.24252609968188743     
   6.0000000000000000        7.0000000000000000       0.17732822214512153     
   6.0000000000000000        7.3333333333333330       0.13072747130373560     
   6.0000000000000000        7.6666666666666661       0.10350191317972637     
   6.0000000000000000        8.0000000000000000        7.3372336517461362E-002
   6.0000000000000000        8.3333333333333321        5.8225295059236445E-002
   6.0000000000000000        8.6666666666666661        4.8994760629526242E-002
   6.0000000000000000        9.0000000000000000        1.5627032258029451E-002
   6.0000000000000000        9.3333333333333321        1.0661832434275206E-002
   6.0000000000000000        9.6666666666666661        5.2877917141938117E-003
   6.0000000000000000        10.000000000000000        0.0000000000000000     
 
   6.3333333333333330        0.0000000000000000        0.0000000000000000     
   6.3333333333333330       0.33333333333333331        4.1837284232251687E-003
   6.3333333333333330       0.66666666666666663        8.6071853097841097E-003
   6.3333333333333330        1.0000000000000000        1.3247924479660864E-002
   6.3333333333333330        1.3333333333333333        3.8339337679634239E-002
   6.3333333333333330        1.6666666666666665        7.2951584268857450E-002
   6.3333333333333330        2.0000000000000000        8.8934017769807486E-002
   6.3333333333333330        2.3333333333333330       0.11657614600783758     
   6.3333333333333330        2.6666666666666665       0.13756271636148792     
   6.3333333333333330        3.0000000000000000       0.15079592408260895     
   6.3333333333333330        3.3333333333333330       0.50762049539198117     
   6.3333333333333330        3.6666666666666665       0.49849688408674753     
   6.3333333333333330        4.0000000000000000       0.50965471108305405     
   6.3333333333333330        4.3333333333333330       0.52269705664702859     
   6.3333333333333330        4.6666666666666661       0.52383596240099628     
   6.3333333333333330        5.0000000000000000       0.49873139991700094     
   6.3333333333333330        5.3333333333333330       0.35573128854153341     
   6.3333333333333330        5.6666666666666661       0.36069420353186171     
   6.3333333333333330        6.0000000000000000       0.32902352631913495     
   6.3333333333333330        6.3333333333333330       0.29385601648365128     
   6.3333333333333330        6.6666666666666661       0.23315363508873235     
   6.3333333333333330        7.0000000000000000       0.16285914570697121     
   6.3333333333333330        7.3333333333333330       0.12160111820006622     
   6.3333333333333330        7.6666666666666661        9.3588788587120372E-002
   6.3333333333333330        8.0000000000000000        7.0726209637251056E-002
   6.3333333333333330        8.3333333333333321        5.4867217642190248E-002
   6.3333333333333330        8.6666666666666661        4.1045396031798458E-002
   6.3333333333333330        9.0000000000000000        2.1883212501840204E-002
   6.3333333333333330        9.3333333333333321        1.2269415408343377E-002
   6.3333333333333330        9.6666666666666661        5.2782977039470321E-003
   6.3333333333333330        10.000000000000000        0.0000000000000000     
 
   6.6666666666666661        0.0000000000000000        0.0000000000000000     
   6.6666666666666661       0.33333333333333331        3.9580614578592667E-003
   6.6666666666666661       0.66666666666666663        7.5238034325751249E-003
   6.6666666666666661        1.0000000000000000        3.1094145832482763E-002
   6.6666666666666661        1.3333333333333333        4.1337366072073188E-002
   6.6666666666666661        1.6666666666666665        6.0780116165964147E-002
   6.6666666666666661        2.0000000000000000        7.9984843913288112E-002
   6.6666666666666661        2.3333333333333330       0.10240956957282614     
   6.6666666666666661        2.6666666666666665       0.13052637072124945     
   6.6666666666666661        3.0000000000000000       0.15580062737099221     
   6.6666666666666661        3.3333333333333330       0.35138603170552091     
   6.6666666666666661        3.6666666666666665       0.43825111026697128     
   6.6666666666666661        4.0000000000000000       0.45870592145239103     
   6.6666666666666661        4.3333333333333330       0.48008954543736826     
   6.6666666666666661        4.6666666666666661       0.48706637304381956     
   6.6666666666666661        5.0000000000000000       0.44682675620019102     
   6.6666666666666661        5.3333333333333330       0.34552267739239034     
   6.6666666666666661        5.6666666666666661       0.31376562180087991     
   6.6666666666666661        6.0000000000000000       0.29311118525657659     
   6.6666666666666661        6.3333333333333330       0.15348037963872549     
   6.6666666666666661        6.6666666666666661       0.11930615824189270     
   6.6666666666666661        7.0000000000000000       0.12136301563170913     
   6.6666666666666661        7.3333333333333330       0.10221058896418560     
   6.6666666666666661        7.6666666666666661        8.1838041994915400E-002
   6.6666666666666661        8.0000000000000000        6.4366852496252833E-002
   6.6666666666666661        8.3333333333333321        5.2537598872330879E-002
   6.6666666666666661        8.6666666666666661        2.2322711804160619E-002
   6.6666666666666661        9.0000000000000000        2.0244618838839726E-002
   6.6666666666666661        9.3333333333333321        7.1741909135827030E-003
   6.6666666666666661        9.6666666666666661        4.0228624031018179E-003
   6.6666666666666661        10.000000000000000        0.0000000000000000     
 
   7.0000000000000000        0.0000000000000000        0.0000000000000000     
   7.0000000000000000       0.33333333333333331        4.4744586455908652E-003
   7.0000000000000000       0.66666666666666663        1.0655049300883125E-002
   7.0000000000000000        1.0000000000000000        2.3273335438214544E-002
   7.0000000000000000        1.3333333333333333        3.8085193675561672E-002
   7.0000000000000000        1.6666666666666665        5.2398806000178294E-002
   7.0000000000000000        2.0000000000000000        7.1718619716573201E-002
   7.0000000000000000        2.3333333333333330        8.6641368119175499E-002
   7.0000000000000000        2.6666666666666665       0.15880478762331571     
   7.0000000000000000        3.0000000000000000       0.19049075738864327     
   7.0000000000000000        3.3333333333333330       0.26245557733017688     
   7.0000000000000000        3.6666666666666665       0.34628484114861252     
   7.0000000000000000        4.0000000000000000       0.39948249415719134     
   7.0000000000000000        4.3333333333333330       0.44287752482703890     
   7.0000000000000000        4.6666666666666661       0.13520457763667321     
   7.0000000000000000        5.0000000000000000       0.22742287963333713     
   7.0000000000000000        5.3333333333333330       0.26106937073487174     
   7.0000000000000000        5.6666666666666661       0.25225880381082516     
   7.0000000000000000        6.0000000000000000       0.23394761370265105     
   7.0000000000000000        6.3333333333333330       0.15618334774829648     
   7.0000000000000000        6.6666666666666661       0.12056603247155832     
   7.0000000000000000        7.0000000000000000       0.10415539779867851     
   7.0000000000000000        7.3333333333333330        8.7307660628561781E-002
   7.0000000000000000        7.6666666666666661        7.0504231200220382E-002
   7.0000000000000000        8.0000000000000000        5.5561982707783314E-002
   7.0000000000000000        8.3333333333333321        4.1371502899765190E-002
   7.0000000000000000        8.6666666666666661        2.6223108941874924E-002
   7.0000000000000000        9.0000000000000000        1.8194827964709226E-002
   7.0000000000000000        9.3333333333333321        1.1012456725617365E-002
   7.0000000000000000        9.6666666666666661        1.4378007893567169E-003
   7.0000000000000000        10.000000000000000        0.0000000000000000     
 
   7.3333333333333330        0.0000000000000000        0.0000000000000000     
   7.3333333333333330       0.33333333333333331        3.6887328161584534E-003
   7.3333333333333330       0.66666666666666663        8.2653687922263769E-003
   7.3333333333333330        1.0000000000000000        1.5115417864603589E-002
   7.3333333333333330        1.3333333333333333        3.6429698418005585E-002
   7.3333333333333330        1.6666666666666665        4.2404784034989908E-002
   7.3333333333333330        2.0000000000000000        7.1879896583489505E-002
   7.3333333333333330        2.3333333333333330        8.9907346164605259E-002
   7.3333333333333330        2.6666666666666665       0.13114678967589491     
   7.3333333333333330        3.0000000000000000       0.18837273140838592     
   7.3333333333333330        3.3333333333333330       0.24689854432076075     
   7.3333333333333330        3.6666666666666665       0.29200012060249386     
   7.3333333333333330        4.0000000000000000       0.34628484114861252     
   7.3333333333333330        4.3333333333333330       0.13520457763667321     
   7.3333333333333330        4.6666666666666661       0.13883217515350929     
   7.3333333333333330        5.0000000000000000       0.19423934189454942     
   7.3333333333333330        5.3333333333333330       0.21802089662372584     
   7.3333333333333330        5.6666666666666661       0.19934666274295759     
   7.3333333333333330        6.0000000000000000       0.11118781298826570     
   7.3333333333333330        6.3333333333333330       0.11904886291867944     
   7.3333333333333330        6.6666666666666661       0.10583436813075664     
   7.3333333333333330        7.0000000000000000        9.0780036515529960E-002
   7.3333333333333330        7.3333333333333330        7.5762032928008122E-002
   7.3333333333333330        7.6666666666666661        6.0571385757622422E-002
   7.3333333333333330        8.0000000000000000        4.9011912590095165E-002
   7.3333333333333330        8.3333333333333321        3.3744607036653322E-002
   7.3333333333333330        8.6666666666666661        2.4962123808706708E-002
   7.3333333333333330        9.0000000000000000        1.6807027848809674E-002
   7.3333333333333330        9.3333333333333321        8.6631122972206723E-003
   7.3333333333333330        9.6666666666666661        3.0211915187642645E-003
   7.3333333333333330        10.000000000000000        0.0000000000000000     
 
   7.6666666666666661        0.0000000000000000        0.0000000000000000     
   7.6666666666666661       0.33333333333333331        2.3643676841479905E-003
   7.6666666666666661       0.66666666666666663        4.3548059141265364E-003
   7.6666666666666661        1.0000000000000000        3.0622223399830856E-002
   7.6666666666666661        1.3333333333333333        3.3616482452632108E-002
   7.6666666666666661        1.6666666666666665        4.1675199781751590E-002
   7.6666666666666661        2.0000000000000000        5.7857249027683653E-002
   7.6666666666666661        2.3333333333333330        7.4071632620399633E-002
   7.6666666666666661        2.6666666666666665        9.1542398022342028E-002
   7.6666666666666661        3.0000000000000000        7.9080218790909235E-002
   7.6666666666666661        3.3333333333333330       0.16945413685274829     
   7.6666666666666661        3.6666666666666665       0.22938416496095174     
   7.6666666666666661        4.0000000000000000        3.4395224819092088E-002
   7.6666666666666661        4.3333333333333330        7.5179092048646076E-002
   7.6666666666666661        4.6666666666666661        9.3870291253484422E-002
   7.6666666666666661        5.0000000000000000        5.9166571251807118E-002
   7.6666666666666661        5.3333333333333330       0.12571777106300949     
   7.6666666666666661        5.6666666666666661       0.12863187947995369     
   7.6666666666666661        6.0000000000000000       0.10672010417165048     
   7.6666666666666661        6.3333333333333330       0.10624633026840001     
   7.6666666666666661        6.6666666666666661        9.6453269669731168E-002
   7.6666666666666661        7.0000000000000000        8.0957004551304931E-002
   7.6666666666666661        7.3333333333333330        6.7819773107994294E-002
   7.6666666666666661        7.6666666666666661        5.0131968359982501E-002
   7.6666666666666661        8.0000000000000000        1.9061697090156014E-002
   7.6666666666666661        8.3333333333333321        2.1909073000536058E-002
   7.6666666666666661        8.6666666666666661        8.0557878463788125E-003
   7.6666666666666661        9.0000000000000000        4.5398652459525835E-003
   7.6666666666666661        9.3333333333333321        4.6025122667076685E-003
   7.6666666666666661        9.6666666666666661        2.2773672485538361E-003
   7.6666666666666661        10.000000000000000        0.0000000000000000     
 
   8.0000000000000000        0.0000000000000000        0.0000000000000000     
   8.0000000000000000       0.33333333333333331        1.6562929056214144E-003
   8.0000000000000000       0.66666666666666663        2.8714974725465459E-003
   8.0000000000000000        1.0000000000000000        2.6104539952882467E-002
   8.0000000000000000        1.3333333333333333        2.8771593541155643E-002
   8.0000000000000000        1.6666666666666665        3.6094319265461437E-002
   8.0000000000000000        2.0000000000000000        4.7514878615216083E-002
   8.0000000000000000        2.3333333333333330        6.0995777012754271E-002
   8.0000000000000000        2.6666666666666665        7.3582857379168753E-002
   8.0000000000000000        3.0000000000000000        8.3762814776931538E-002
   8.0000000000000000        3.3333333333333330       0.11333678098558649     
   8.0000000000000000        3.6666666666666665        3.4395224819092088E-002
   8.0000000000000000        4.0000000000000000        3.7057467314332501E-002
   8.0000000000000000        4.3333333333333330        6.0021142400395862E-002
   8.0000000000000000        4.6666666666666661        7.1146079734841092E-002
   8.0000000000000000        5.0000000000000000        6.3199583565612061E-002
   8.0000000000000000        5.3333333333333330        6.8968698546791371E-002
   8.0000000000000000        5.6666666666666661        8.5303594484242504E-002
   8.0000000000000000        6.0000000000000000        8.4018856702938308E-002
   8.0000000000000000        6.3333333333333330        0.0000000000000000     
   8.0000000000000000        6.6666666666666661        6.8227817526134216E-002
   8.0000000000000000        7.0000000000000000        7.2529299798802987E-002
   8.0000000000000000        7.3333333333333330        1.8041871312493858E-002
   8.0000000000000000        7.6666666666666661        2.4805182167939619E-002
   8.0000000000000000        8.0000000000000000        1.7823725851978785E-002
   8.0000000000000000        8.3333333333333321        1.4652468421223835E-002
   8.0000000000000000        8.6666666666666661        8.9307809000087630E-003
   8.0000000000000000        9.0000000000000000        4.9848621031348623E-003
   8.0000000000000000        9.3333333333333321        3.4083741617715203E-003
   8.0000000000000000        9.6666666666666661        1.7268823740356175E-003
   8.0000000000000000        10.000000000000000        0.0000000000000000     
 
   8.3333333333333321        0.0000000000000000        0.0000000000000000     
   8.3333333333333321       0.33333333333333331        1.5765887436746688E-003
   8.3333333333333321       0.66666666666666663        2.9248927323825228E-003
   8.3333333333333321        1.0000000000000000        1.5475082601688051E-002
   8.3333333333333321        1.3333333333333333        2.1987674075180496E-002
   8.3333333333333321        1.6666666666666665        2.9436217932508838E-002
   8.3333333333333321        2.0000000000000000        3.8553789554554803E-002
   8.3333333333333321        2.3333333333333330        5.2687591809212841E-002
   8.3333333333333321        2.6666666666666665        6.2225215351106089E-002
   8.3333333333333321        3.0000000000000000        7.3514433918286562E-002
   8.3333333333333321        3.3333333333333330        9.1173302046319335E-002
   8.3333333333333321        3.6666666666666665        2.0225486029611633E-002
   8.3333333333333321        4.0000000000000000        2.2050582091847334E-002
   8.3333333333333321        4.3333333333333330        6.4213430867908821E-003
   8.3333333333333321        4.6666666666666661        5.0784709669924391E-003
   8.3333333333333321        5.0000000000000000        5.2625778547503124E-002
   8.3333333333333321        5.3333333333333330        5.5624799663177953E-002
   8.3333333333333321        5.6666666666666661        6.2525495303981590E-002
   8.3333333333333321        6.0000000000000000        6.3109531371496511E-002
   8.3333333333333321        6.3333333333333330        2.5534643666952451E-002
   8.3333333333333321        6.6666666666666661        0.0000000000000000     
   8.3333333333333321        7.0000000000000000        1.0251854208837015E-002
   8.3333333333333321        7.3333333333333330        1.2736331725012373E-002
   8.3333333333333321        7.6666666666666661        1.4983296880497704E-002
   8.3333333333333321        8.0000000000000000        1.4259162125880055E-002
   8.3333333333333321        8.3333333333333321        1.1239468312290104E-002
   8.3333333333333321        8.6666666666666661        3.5863832155026741E-003
   8.3333333333333321        9.0000000000000000        3.6134463230049303E-003
   8.3333333333333321        9.3333333333333321        2.7050148817371047E-003
   8.3333333333333321        9.6666666666666661        1.4198412562231827E-003
   8.3333333333333321        10.000000000000000        0.0000000000000000     
 
   8.6666666666666661        0.0000000000000000        0.0000000000000000     
   8.6666666666666661       0.33333333333333331        1.9161197349942928E-003
   8.6666666666666661       0.66666666666666663        4.6763630750880298E-003
   8.6666666666666661        1.0000000000000000        1.0616685768092831E-002
   8.6666666666666661        1.3333333333333333        1.6441044525237796E-002
   8.6666666666666661        1.6666666666666665        2.3751409285495129E-002
   8.6666666666666661        2.0000000000000000        2.7669923675054886E-002
   8.6666666666666661        2.3333333333333330        4.0018561894224411E-002
   8.6666666666666661        2.6666666666666665        5.3194418442251867E-002
   8.6666666666666661        3.0000000000000000        6.1254699131796105E-002
   8.6666666666666661        3.3333333333333330        0.0000000000000000     
   8.6666666666666661        3.6666666666666665        7.4131590418050584E-003
   8.6666666666666661        4.0000000000000000        1.0708435732127108E-002
   8.6666666666666661        4.3333333333333330        7.2196497966579409E-003
   8.6666666666666661        4.6666666666666661        5.7757153230069153E-003
   8.6666666666666661        5.0000000000000000        3.8707894333809216E-002
   8.6666666666666661        5.3333333333333330        4.1240774091077480E-002
   8.6666666666666661        5.6666666666666661        4.8925552986278133E-002
   8.6666666666666661        6.0000000000000000        4.5639403916082531E-002
   8.6666666666666661        6.3333333333333330        2.7335373276807396E-002
   8.6666666666666661        6.6666666666666661        8.1599158791024681E-003
   8.6666666666666661        7.0000000000000000        8.7792233725793624E-003
   8.6666666666666661        7.3333333333333330        8.8179135829435148E-003
   8.6666666666666661        7.6666666666666661        9.4007665431242345E-003
   8.6666666666666661        8.0000000000000000        4.7024222443729502E-003
   8.6666666666666661        8.3333333333333321        5.8693913142814167E-003
   8.6666666666666661        8.6666666666666661        4.0067161190205361E-003
   8.6666666666666661        9.0000000000000000        1.1698496538325124E-003
   8.6666666666666661        9.3333333333333321        6.5548941535540121E-004
   8.6666666666666661        9.6666666666666661        0.0000000000000000     
   8.6666666666666661        10.000000000000000        0.0000000000000000     
 
   9.0000000000000000        0.0000000000000000        0.0000000000000000     
   9.0000000000000000       0.33333333333333331        1.6459994955576992E-003
   9.0000000000000000       0.66666666666666663        3.7981958887326607E-003
   9.0000000000000000        1.0000000000000000        7.0504645355188638E-003
   9.0000000000000000        1.3333333333333333        1.1121732806248237E-002
   9.0000000000000000        1.6666666666666665        1.4152491993307634E-002
   9.0000000000000000        2.0000000000000000        2.3255238999644379E-002
   9.0000000000000000        2.3333333333333330        3.0224481580215335E-002
   9.0000000000000000        2.6666666666666665        3.9837721841212410E-004
   9.0000000000000000        3.0000000000000000        7.1416012942469235E-004
   9.0000000000000000        3.3333333333333330        3.1415994509496697E-003
   9.0000000000000000        3.6666666666666665        4.9182068659296713E-003
   9.0000000000000000        4.0000000000000000        7.2141923128939307E-003
   9.0000000000000000        4.3333333333333330        6.8158126771240418E-003
   9.0000000000000000        4.6666666666666661        5.9591974596169778E-004
   9.0000000000000000        5.0000000000000000        2.2451923710000911E-002
   9.0000000000000000        5.3333333333333330        2.4152183735689055E-002
   9.0000000000000000        5.6666666666666661        7.0218275512446528E-003
   9.0000000000000000        6.0000000000000000        9.0738511984333001E-003
   9.0000000000000000        6.3333333333333330        1.2587995656883670E-002
   9.0000000000000000        6.6666666666666661        8.3531726944280574E-003
   9.0000000000000000        7.0000000000000000        4.1133962923610963E-003
   9.0000000000000000        7.3333333333333330        5.2255169183116571E-003
   9.0000000000000000        7.6666666666666661        5.2975490662659306E-003
   9.0000000000000000        8.0000000000000000        4.0810134840576859E-003
   9.0000000000000000        8.3333333333333321        4.1685894367395832E-003
   9.0000000000000000        8.6666666666666661        3.0454355359486639E-003
   9.0000000000000000        9.0000000000000000        1.3389862593577143E-003
   9.0000000000000000        9.3333333333333321        7.5751042422839696E-004
   9.0000000000000000        9.6666666666666661        5.7679408620359860E-005
   9.0000000000000000        10.000000000000000        0.0000000000000000     
 
   9.3333333333333321        0.0000000000000000        0.0000000000000000     
   9.3333333333333321       0.33333333333333331        1.0761308639014816E-003
   9.3333333333333321       0.66666666666666663        2.2818173300074044E-003
   9.3333333333333321        1.0000000000000000        3.4867428061737581E-003
   9.3333333333333321        1.3333333333333333        3.9767557252178192E-003
   9.3333333333333321        1.6666666666666665        6.5441367614121494E-003
   9.3333333333333321        2.0000000000000000        7.0547323938982890E-004
   9.3333333333333321        2.3333333333333330        3.8247476073591122E-004
   9.3333333333333321        2.6666666666666665        4.6043472425203336E-004
   9.3333333333333321        3.0000000000000000        8.1845345947865143E-004
   9.3333333333333321        3.3333333333333330        1.7486683249755899E-003
   9.3333333333333321        3.6666666666666665        2.4690126951842457E-003
   9.3333333333333321        4.0000000000000000        0.0000000000000000     
   9.3333333333333321        4.3333333333333330        5.0639873857410544E-004
   9.3333333333333321        4.6666666666666661        6.6338397391459277E-004
   9.3333333333333321        5.0000000000000000        6.3763879974885898E-003
   9.3333333333333321        5.3333333333333330        1.0431326503550940E-002
   9.3333333333333321        5.6666666666666661        7.6973566516798471E-003
   9.3333333333333321        6.0000000000000000        6.3205307128166932E-003
   9.3333333333333321        6.3333333333333330        6.5493416813062425E-003
   9.3333333333333321        6.6666666666666661        5.0594765152425312E-003
   9.3333333333333321        7.0000000000000000        3.4575289122963562E-003
   9.3333333333333321        7.3333333333333330        3.2319279119927191E-003
   9.3333333333333321        7.6666666666666661        3.0475458002274637E-003
   9.3333333333333321        8.0000000000000000        2.6288784140557336E-003
   9.3333333333333321        8.3333333333333321        3.5474225101446839E-004
   9.3333333333333321        8.6666666666666661        3.7728006066105069E-004
   9.3333333333333321        9.0000000000000000        5.6501044696048188E-004
   9.3333333333333321        9.3333333333333321        3.8911533845729305E-004
   9.3333333333333321        9.6666666666666661        1.2449102489045993E-004
   9.3333333333333321        10.000000000000000        0.0000000000000000     
 
   9.6666666666666661        0.0000000000000000        0.0000000000000000     
   9.6666666666666661       0.33333333333333331        5.1566880188929731E-004
   9.6666666666666661       0.66666666666666663        1.0545567240120277E-003
   9.6666666666666661        1.0000000000000000        1.5574403517353548E-003
   9.6666666666666661        1.3333333333333333        1.8858031985122476E-003
   9.6666666666666661        1.6666666666666665        2.2414526268026429E-003
   9.6666666666666661        2.0000000000000000        8.0156425073314068E-004
   9.6666666666666661        2.3333333333333330        3.6103870545369746E-004
   9.6666666666666661        2.6666666666666665        3.0999835489029415E-004
   9.6666666666666661        3.0000000000000000        4.6302930405287695E-004
   9.6666666666666661        3.3333333333333330        7.8754714455553799E-004
   9.6666666666666661        3.6666666666666665        1.0414394294196261E-003
   9.6666666666666661        4.0000000000000000        1.9186547228062210E-004
   9.6666666666666661        4.3333333333333330        4.0377938362249423E-004
   9.6666666666666661        4.6666666666666661        9.5733048364859161E-004
   9.6666666666666661        5.0000000000000000        2.8502246702081261E-003
   9.6666666666666661        5.3333333333333330        4.3097935012492549E-003
   9.6666666666666661        5.6666666666666661        1.2025786940677153E-003
   9.6666666666666661        6.0000000000000000        2.5207086493637385E-003
   9.6666666666666661        6.3333333333333330        2.7920037321711531E-003
   9.6666666666666661        6.6666666666666661        2.3537967412281527E-003
   9.6666666666666661        7.0000000000000000        1.7938849496370011E-003
   9.6666666666666661        7.3333333333333330        1.5567801308985095E-003
   9.6666666666666661        7.6666666666666661        1.3782213215910511E-003
   9.6666666666666661        8.0000000000000000        1.0703088443997381E-003
   9.6666666666666661        8.3333333333333321        4.0439158025391711E-004
   9.6666666666666661        8.6666666666666661        2.4554558905307624E-004
   9.6666666666666661        9.0000000000000000        2.3580817586282769E-004
   9.6666666666666661        9.3333333333333321        1.6745058187593603E-004
   9.6666666666666661        9.6666666666666661        7.0264581436930290E-005
   9.6666666666666661        10.000000000000000        0.0000000000000000     
 
   10.000000000000000        0.0000000000000000        0.0000000000000000     
   10.000000000000000       0.33333333333333331        0.0000000000000000     
   10.000000000000000       0.66666666666666663        0.0000000000000000     
   10.000000000000000        1.0000000000000000        0.0000000000000000     
   10.000000000000000        1.3333333333333333        0.0000000000000000     
   10.000000000000000        1.6666666666666665        0.0000000000000000     
   10.000000000000000        2.0000000000000000        0.0000000000000000     
   10.000000000000000        2.3333333333333330        0.0000000000000000     
   10.000000000000000        2.6666666666666665        0.0000000000000000     
   10.000000000000000        3.0000000000000000        0.0000000000000000     
   10.000000000000000        3.3333333333333330        0.0000000000000000     
   10.000000000000000        3.6666666666666665        0.0000000000000000     
   10.000000000000000        4.0000000000000000        0.0000000000000000     
   10.000000000000000        4.3333333333333330        0.0000000000000000     
   10.000000000000000        4.6666666666666661        0.0000000000000000     
   10.000000000000000        5.0000000000000000        0.0000000000000000     
   10.000000000000000        5.3333333333333330        0.0000000000000000     
   10.000000000000000        5.6666666666666661        0.0000000000000000     
   10.000000000000000        6.0000000000000000        0.0000000000000000     
   10.000000000000000        6.3333333333333330        0.0000000000000000     
   10.000000000000000        6.6666666666666661        0.0000000000000000     
   10.000000000000000        7.0000000000000000        0.0000000000000000     
   10.000000000000000        7.3333333333333330        0.0000000000000000     
   10.000000000000000        7.6666666666666661        0.0000000000000000     
   10.000000000000000        8.0000000000000000        0.0000000000000000     
   10.000000000000000        8.3333333333333321        0.0000000000000000     
   10.000000000000000        8.6666666666666661        0.0000000000000000     
   10.000000000000000        9.0000000000000000        0.0000000000000000     
   10.000000000000000        9.3333333333333321        0.0000000000000000     
   10.000000000000000        9.6666666666666661        0.0000000000000000     
   10.000000000000000        10.000000000000000        0.0000000000000000     
 
