   0.0000000000000000        0.0000000000000000        0.0000000000000000     
   0.0000000000000000       0.33333333333333331        0.0000000000000000     
   0.0000000000000000       0.66666666666666663        0.0000000000000000     
   0.0000000000000000        1.0000000000000000        0.0000000000000000     
   0.0000000000000000        1.3333333333333333        0.0000000000000000     
   0.0000000000000000        1.6666666666666665        0.0000000000000000     
   0.0000000000000000        2.0000000000000000        0.0000000000000000     
   0.0000000000000000        2.3333333333333330        0.0000000000000000     
   0.0000000000000000        2.6666666666666665        0.0000000000000000     
   0.0000000000000000        3.0000000000000000        0.0000000000000000     
   0.0000000000000000        3.3333333333333330        0.0000000000000000     
   0.0000000000000000        3.6666666666666665        0.0000000000000000     
   0.0000000000000000        4.0000000000000000        0.0000000000000000     
   0.0000000000000000        4.3333333333333330        0.0000000000000000     
   0.0000000000000000        4.6666666666666661        0.0000000000000000     
   0.0000000000000000        5.0000000000000000        0.0000000000000000     
   0.0000000000000000        5.3333333333333330        0.0000000000000000     
   0.0000000000000000        5.6666666666666661        0.0000000000000000     
   0.0000000000000000        6.0000000000000000        0.0000000000000000     
   0.0000000000000000        6.3333333333333330        0.0000000000000000     
   0.0000000000000000        6.6666666666666661        0.0000000000000000     
   0.0000000000000000        7.0000000000000000        0.0000000000000000     
   0.0000000000000000        7.3333333333333330        0.0000000000000000     
   0.0000000000000000        7.6666666666666661        0.0000000000000000     
   0.0000000000000000        8.0000000000000000        0.0000000000000000     
   0.0000000000000000        8.3333333333333321        0.0000000000000000     
   0.0000000000000000        8.6666666666666661        0.0000000000000000     
   0.0000000000000000        9.0000000000000000        0.0000000000000000     
   0.0000000000000000        9.3333333333333321        0.0000000000000000     
   0.0000000000000000        9.6666666666666661        0.0000000000000000     
   0.0000000000000000        10.000000000000000        0.0000000000000000     
 
  0.33333333333333331        0.0000000000000000        0.0000000000000000     
  0.33333333333333331       0.33333333333333331        3.3095240444465374E-004
  0.33333333333333331       0.66666666666666663        5.7012837960307265E-004
  0.33333333333333331        1.0000000000000000        6.3963545274742402E-004
  0.33333333333333331        1.3333333333333333        1.3700042924695722E-003
  0.33333333333333331        1.6666666666666665        2.0026686530176504E-003
  0.33333333333333331        2.0000000000000000        2.9781386757626914E-003
  0.33333333333333331        2.3333333333333330        3.5873889071399985E-003
  0.33333333333333331        2.6666666666666665        3.1073075003479628E-003
  0.33333333333333331        3.0000000000000000        5.8204453073038356E-003
  0.33333333333333331        3.3333333333333330        6.3546370816357717E-003
  0.33333333333333331        3.6666666666666665        6.2361045290912536E-003
  0.33333333333333331        4.0000000000000000        6.2996565933373452E-003
  0.33333333333333331        4.3333333333333330        6.1842521999576896E-003
  0.33333333333333331        4.6666666666666661        3.7911896663032972E-003
  0.33333333333333331        5.0000000000000000        5.2650990231880761E-003
  0.33333333333333331        5.3333333333333330        1.2084226405472491E-002
  0.33333333333333331        5.6666666666666661        1.4137895509855013E-002
  0.33333333333333331        6.0000000000000000        1.5044496815737963E-002
  0.33333333333333331        6.3333333333333330        1.5104085095993402E-002
  0.33333333333333331        6.6666666666666661        1.0381913193933813E-002
  0.33333333333333331        7.0000000000000000        1.6104954503635621E-002
  0.33333333333333331        7.3333333333333330        7.9823285319202651E-003
  0.33333333333333331        7.6666666666666661        7.8990887639211558E-003
  0.33333333333333331        8.0000000000000000        6.5233771573438171E-003
  0.33333333333333331        8.3333333333333321        4.8017614780965830E-003
  0.33333333333333331        8.6666666666666661        3.9887765441002938E-003
  0.33333333333333331        9.0000000000000000        3.0506948508964844E-003
  0.33333333333333331        9.3333333333333321        1.7464997535546953E-003
  0.33333333333333331        9.6666666666666661        7.7730768692255918E-004
  0.33333333333333331        10.000000000000000        0.0000000000000000     
 
  0.66666666666666663        0.0000000000000000        0.0000000000000000     
  0.66666666666666663       0.33333333333333331        7.6367865423361688E-004
  0.66666666666666663       0.66666666666666663        1.3275307367153033E-003
  0.66666666666666663        1.0000000000000000        3.2640772211692264E-003
  0.66666666666666663        1.3333333333333333        2.8829451485574351E-003
  0.66666666666666663        1.6666666666666665        3.7270248278891693E-003
  0.66666666666666663        2.0000000000000000        6.4140207431728847E-003
  0.66666666666666663        2.3333333333333330        8.3688903140124431E-003
  0.66666666666666663        2.6666666666666665        1.6470009142433659E-002
  0.66666666666666663        3.0000000000000000        1.3968536230073608E-002
  0.66666666666666663        3.3333333333333330        1.3519661047362123E-002
  0.66666666666666663        3.6666666666666665        1.2444389838236987E-002
  0.66666666666666663        4.0000000000000000        1.2930427409734714E-002
  0.66666666666666663        4.3333333333333330        1.4787662946611803E-002
  0.66666666666666663        4.6666666666666661        0.0000000000000000     
  0.66666666666666663        5.0000000000000000        3.2777096554261066E-002
  0.66666666666666663        5.3333333333333330        2.9090545891168065E-002
  0.66666666666666663        5.6666666666666661        2.9576103793390224E-002
  0.66666666666666663        6.0000000000000000        3.1065328347727045E-002
  0.66666666666666663        6.3333333333333330        3.5091001916624599E-002
  0.66666666666666663        6.6666666666666661        5.6694732352181941E-002
  0.66666666666666663        7.0000000000000000        4.6130991477419322E-002
  0.66666666666666663        7.3333333333333330        1.6965528406733425E-002
  0.66666666666666663        7.6666666666666661        1.7175702763925903E-002
  0.66666666666666663        8.0000000000000000        1.3480071075564551E-002
  0.66666666666666663        8.3333333333333321        8.7729565208591164E-003
  0.66666666666666663        8.6666666666666661        8.1784783080458626E-003
  0.66666666666666663        9.0000000000000000        6.5304114522612873E-003
  0.66666666666666663        9.3333333333333321        3.1960762834255967E-003
  0.66666666666666663        9.6666666666666661        1.3802698371317174E-003
  0.66666666666666663        10.000000000000000        0.0000000000000000     
 
   1.0000000000000000        0.0000000000000000        0.0000000000000000     
   1.0000000000000000       0.33333333333333331        1.4181765160148358E-003
   1.0000000000000000       0.66666666666666663        2.6872227206802737E-003
   1.0000000000000000        1.0000000000000000        3.7482180990325176E-003
   1.0000000000000000        1.3333333333333333        3.2640772211692264E-003
   1.0000000000000000        1.6666666666666665        1.0884317167194990E-002
   1.0000000000000000        2.0000000000000000        1.0774867486909204E-002
   1.0000000000000000        2.3333333333333330        1.5342115626080273E-002
   1.0000000000000000        2.6666666666666665        1.9390922793772605E-002
   1.0000000000000000        3.0000000000000000        2.0407241912296047E-002
   1.0000000000000000        3.3333333333333330        2.1629910800806708E-002
   1.0000000000000000        3.6666666666666665        1.7389687027210780E-002
   1.0000000000000000        4.0000000000000000        1.8493646334588800E-002
   1.0000000000000000        4.3333333333333330        2.5577211549572283E-002
   1.0000000000000000        4.6666666666666661        3.6340596493801072E-002
   1.0000000000000000        5.0000000000000000        3.6954209679651913E-002
   1.0000000000000000        5.3333333333333330        4.2300083407729241E-002
   1.0000000000000000        5.6666666666666661        4.4317659357373529E-002
   1.0000000000000000        6.0000000000000000        4.4792412752068016E-002
   1.0000000000000000        6.3333333333333330        5.9295866970554549E-002
   1.0000000000000000        6.6666666666666661        6.7454900955433550E-002
   1.0000000000000000        7.0000000000000000        6.5754607026179829E-002
   1.0000000000000000        7.3333333333333330        5.3067020324967407E-002
   1.0000000000000000        7.6666666666666661        3.0542391885472968E-002
   1.0000000000000000        8.0000000000000000        2.1624899194437077E-002
   1.0000000000000000        8.3333333333333321        1.6745185485768060E-002
   1.0000000000000000        8.6666666666666661        1.3577642851423355E-002
   1.0000000000000000        9.0000000000000000        1.1829099942915276E-002
   1.0000000000000000        9.3333333333333321        1.5415722015281175E-003
   1.0000000000000000        9.6666666666666661        1.5784554752841316E-003
   1.0000000000000000        10.000000000000000        0.0000000000000000     
 
   1.3333333333333333        0.0000000000000000        0.0000000000000000     
   1.3333333333333333       0.33333333333333331        2.2601275180724584E-003
   1.3333333333333333       0.66666666666666663        4.3289598322030949E-003
   1.3333333333333333        1.0000000000000000        5.8858091985677478E-003
   1.3333333333333333        1.3333333333333333        1.2127539516989016E-002
   1.3333333333333333        1.6666666666666665        1.1332403506970182E-002
   1.3333333333333333        2.0000000000000000        2.4587962689395868E-002
   1.3333333333333333        2.3333333333333330        2.3235498708326786E-002
   1.3333333333333333        2.6666666666666665        2.5817613146281514E-002
   1.3333333333333333        3.0000000000000000        2.7106457536983125E-002
   1.3333333333333333        3.3333333333333330        3.5660616259854956E-002
   1.3333333333333333        3.6666666666666665        6.3638975019358210E-002
   1.3333333333333333        4.0000000000000000        5.0015320719404205E-002
   1.3333333333333333        4.3333333333333330        4.3970222364998750E-002
   1.3333333333333333        4.6666666666666661        7.0281355534347487E-002
   1.3333333333333333        5.0000000000000000        6.4795292272007907E-002
   1.3333333333333333        5.3333333333333330        5.9342253450618117E-002
   1.3333333333333333        5.6666666666666661        6.1017785124196623E-002
   1.3333333333333333        6.0000000000000000        9.9577416555472684E-002
   1.3333333333333333        6.3333333333333330        9.0035470783637800E-002
   1.3333333333333333        6.6666666666666661        8.8239326465793966E-002
   1.3333333333333333        7.0000000000000000        8.3835618762920797E-002
   1.3333333333333333        7.3333333333333330        7.5814966489367017E-002
   1.3333333333333333        7.6666666666666661        2.0721338845625770E-002
   1.3333333333333333        8.0000000000000000        2.1125631087644869E-002
   1.3333333333333333        8.3333333333333321        2.0230865167922125E-002
   1.3333333333333333        8.6666666666666661        1.7818203939840953E-002
   1.3333333333333333        9.0000000000000000        1.5611691667213962E-002
   1.3333333333333333        9.3333333333333321        7.3064211341726864E-003
   1.3333333333333333        9.6666666666666661        3.4262090893605484E-003
   1.3333333333333333        10.000000000000000        0.0000000000000000     
 
   1.6666666666666665        0.0000000000000000        0.0000000000000000     
   1.6666666666666665       0.33333333333333331        3.3488342079106503E-003
   1.6666666666666665       0.66666666666666663        6.5900107470735969E-003
   1.6666666666666665        1.0000000000000000        9.7285354005141531E-003
   1.6666666666666665        1.3333333333333333        1.3263255363091756E-002
   1.6666666666666665        1.6666666666666665        2.7214399129099648E-002
   1.6666666666666665        2.0000000000000000        2.6540885699808763E-002
   1.6666666666666665        2.3333333333333330        2.7754643516578904E-002
   1.6666666666666665        2.6666666666666665        3.4116726030608814E-002
   1.6666666666666665        3.0000000000000000        6.2249893760498831E-002
   1.6666666666666665        3.3333333333333330        5.8862377939612763E-002
   1.6666666666666665        3.6666666666666665        6.4582079445912113E-002
   1.6666666666666665        4.0000000000000000        5.6932197976350206E-002
   1.6666666666666665        4.3333333333333330        5.7095626534161045E-002
   1.6666666666666665        4.6666666666666661        7.1263328665461589E-002
   1.6666666666666665        5.0000000000000000        7.0996796334559617E-002
   1.6666666666666665        5.3333333333333330        6.9867079550171574E-002
   1.6666666666666665        5.6666666666666661        7.9884562536877479E-002
   1.6666666666666665        6.0000000000000000       0.10913941414021373     
   1.6666666666666665        6.3333333333333330       0.11306620938456841     
   1.6666666666666665        6.6666666666666661       0.11167270845777773     
   1.6666666666666665        7.0000000000000000       0.10560772755619970     
   1.6666666666666665        7.3333333333333330        9.0685586687354755E-002
   1.6666666666666665        7.6666666666666661        2.0610555819001702E-002
   1.6666666666666665        8.0000000000000000        2.2297338929332940E-002
   1.6666666666666665        8.3333333333333321        2.5584196621596229E-002
   1.6666666666666665        8.6666666666666661        2.2166310616971222E-002
   1.6666666666666665        9.0000000000000000        1.7473102476775946E-002
   1.6666666666666665        9.3333333333333321        1.1323444770965120E-002
   1.6666666666666665        9.6666666666666661        4.8865860834678924E-003
   1.6666666666666665        10.000000000000000        0.0000000000000000     
 
   2.0000000000000000        0.0000000000000000        0.0000000000000000     
   2.0000000000000000       0.33333333333333331        4.6183825645447433E-003
   2.0000000000000000       0.66666666666666663        9.0995604123657158E-003
   2.0000000000000000        1.0000000000000000        1.3396513396679317E-002
   2.0000000000000000        1.3333333333333333        1.8251919293289304E-002
   2.0000000000000000        1.6666666666666665        2.8471416179762166E-002
   2.0000000000000000        2.0000000000000000        2.7214399129099648E-002
   2.0000000000000000        2.3333333333333330        4.8602859747183154E-002
   2.0000000000000000        2.6666666666666665        4.9460852102468568E-002
   2.0000000000000000        3.0000000000000000        6.6459812915162203E-002
   2.0000000000000000        3.3333333333333330        7.3739157417850143E-002
   2.0000000000000000        3.6666666666666665        7.9757468015622682E-002
   2.0000000000000000        4.0000000000000000       0.11957869743418310     
   2.0000000000000000        4.3333333333333330       0.11335561820635491     
   2.0000000000000000        4.6666666666666661        8.7564182509877200E-002
   2.0000000000000000        5.0000000000000000        7.8859330760303409E-002
   2.0000000000000000        5.3333333333333330        0.0000000000000000     
   2.0000000000000000        5.6666666666666661       0.18081392996188694     
   2.0000000000000000        6.0000000000000000       0.14394164319583314     
   2.0000000000000000        6.3333333333333330       0.14122847318206402     
   2.0000000000000000        6.6666666666666661       0.13958196406609946     
   2.0000000000000000        7.0000000000000000       0.13610705587659375     
   2.0000000000000000        7.3333333333333330        1.8839683617023793E-002
   2.0000000000000000        7.6666666666666661        1.9439197904408168E-002
   2.0000000000000000        8.0000000000000000        5.4301966700467684E-002
   2.0000000000000000        8.3333333333333321        3.8007189887533023E-002
   2.0000000000000000        8.6666666666666661        2.8121820370363732E-002
   2.0000000000000000        9.0000000000000000        2.1076465371420494E-002
   2.0000000000000000        9.3333333333333321        1.5822925862716327E-002
   2.0000000000000000        9.6666666666666661        3.2415898922856347E-003
   2.0000000000000000        10.000000000000000        0.0000000000000000     
 
   2.3333333333333330        0.0000000000000000        0.0000000000000000     
   2.3333333333333330       0.33333333333333331        6.1121608251610091E-003
   2.3333333333333330       0.66666666666666663        1.1966128080898480E-002
   2.3333333333333330        1.0000000000000000        1.6766782820442253E-002
   2.3333333333333330        1.3333333333333333        4.0942906952822482E-002
   2.3333333333333330        1.6666666666666665        4.1729019536987266E-002
   2.3333333333333330        2.0000000000000000        7.4196766888188631E-002
   2.3333333333333330        2.3333333333333330        8.6950859056021124E-002
   2.3333333333333330        2.6666666666666665        8.7148341835154061E-002
   2.3333333333333330        3.0000000000000000        8.1178749152914315E-002
   2.3333333333333330        3.3333333333333330        9.0634362832986079E-002
   2.3333333333333330        3.6666666666666665       0.10170185364389504     
   2.3333333333333330        4.0000000000000000       0.12016277652608663     
   2.3333333333333330        4.3333333333333330       0.13967294658788912     
   2.3333333333333330        4.6666666666666661       0.21386318856543521     
   2.3333333333333330        5.0000000000000000       0.23452745752620027     
   2.3333333333333330        5.3333333333333330       0.23020929967901121     
   2.3333333333333330        5.6666666666666661       0.21635900940687985     
   2.3333333333333330        6.0000000000000000       0.19216574110940490     
   2.3333333333333330        6.3333333333333330       0.16772495714639232     
   2.3333333333333330        6.6666666666666661       0.16872357962692372     
   2.3333333333333330        7.0000000000000000       0.16259072688391199     
   2.3333333333333330        7.3333333333333330       0.17914945927452458     
   2.3333333333333330        7.6666666666666661       0.11388522937846980     
   2.3333333333333330        8.0000000000000000        7.0817222641194236E-002
   2.3333333333333330        8.3333333333333321        4.4334623527268233E-002
   2.3333333333333330        8.6666666666666661        3.1569393632913709E-002
   2.3333333333333330        9.0000000000000000        2.3190893082628412E-002
   2.3333333333333330        9.3333333333333321        1.5320005285644735E-002
   2.3333333333333330        9.6666666666666661        6.5367527043367468E-003
   2.3333333333333330        10.000000000000000        0.0000000000000000     
 
   2.6666666666666665        0.0000000000000000        0.0000000000000000     
   2.6666666666666665       0.33333333333333331        7.9602896533358912E-003
   2.6666666666666665       0.66666666666666663        1.6071882072172028E-002
   2.6666666666666665        1.0000000000000000        2.5193923378252818E-002
   2.6666666666666665        1.3333333333333333        4.0661471814706023E-002
   2.6666666666666665        1.6666666666666665        5.6291355561745089E-002
   2.6666666666666665        2.0000000000000000        7.4759669147713606E-002
   2.6666666666666665        2.3333333333333330        8.7496673030569821E-002
   2.6666666666666665        2.6666666666666665        9.3736896911977521E-002
   2.6666666666666665        3.0000000000000000       0.11261278349032633     
   2.6666666666666665        3.3333333333333330       0.10654501897363493     
   2.6666666666666665        3.6666666666666665       0.11679953955636072     
   2.6666666666666665        4.0000000000000000       0.18617639237402497     
   2.6666666666666665        4.3333333333333330       0.18565346912076292     
   2.6666666666666665        4.6666666666666661       0.21264684036365958     
   2.6666666666666665        5.0000000000000000       0.23253972852981786     
   2.6666666666666665        5.3333333333333330       0.24172294622085236     
   2.6666666666666665        5.6666666666666661       0.23597504061614208     
   2.6666666666666665        6.0000000000000000       0.21509121605488085     
   2.6666666666666665        6.3333333333333330       0.22644269422491475     
   2.6666666666666665        6.6666666666666661       0.20385902483640689     
   2.6666666666666665        7.0000000000000000       0.18195435660408529     
   2.6666666666666665        7.3333333333333330       0.17804650116212209     
   2.6666666666666665        7.6666666666666661       0.15658721000235157     
   2.6666666666666665        8.0000000000000000        3.6793731894534831E-002
   2.6666666666666665        8.3333333333333321        3.7236454270767279E-002
   2.6666666666666665        8.6666666666666661        3.0971410741704886E-002
   2.6666666666666665        9.0000000000000000        2.5109488845699555E-002
   2.6666666666666665        9.3333333333333321        1.5960428857347681E-002
   2.6666666666666665        9.6666666666666661        7.6873457145008005E-003
   2.6666666666666665        10.000000000000000        0.0000000000000000     
 
   3.0000000000000000        0.0000000000000000        0.0000000000000000     
   3.0000000000000000       0.33333333333333331        9.7611712648408358E-003
   3.0000000000000000       0.66666666666666663        1.9370638096247089E-002
   3.0000000000000000        1.0000000000000000        2.7577007233548875E-002
   3.0000000000000000        1.3333333333333333        6.3458042034672771E-002
   3.0000000000000000        1.6666666666666665        6.8495245384106937E-002
   3.0000000000000000        2.0000000000000000        8.1541744852833511E-002
   3.0000000000000000        2.3333333333333330        9.5002317435039618E-002
   3.0000000000000000        2.6666666666666665       0.10701338146047054     
   3.0000000000000000        3.0000000000000000       0.11895044498951718     
   3.0000000000000000        3.3333333333333330       0.14897291924178216     
   3.0000000000000000        3.6666666666666665       0.14240140118200048     
   3.0000000000000000        4.0000000000000000       0.20436136655784307     
   3.0000000000000000        4.3333333333333330       0.20347064405283266     
   3.0000000000000000        4.6666666666666661       0.21721010855860845     
   3.0000000000000000        5.0000000000000000       0.23920781124569529     
   3.0000000000000000        5.3333333333333330       0.26553928005977351     
   3.0000000000000000        5.6666666666666661       0.26811298984107318     
   3.0000000000000000        6.0000000000000000       0.27335788139963740     
   3.0000000000000000        6.3333333333333330       0.24644221004261835     
   3.0000000000000000        6.6666666666666661       0.23632882747624989     
   3.0000000000000000        7.0000000000000000       0.21010918267950862     
   3.0000000000000000        7.3333333333333330       0.19329446718623713     
   3.0000000000000000        7.6666666666666661       0.17694821613298226     
   3.0000000000000000        8.0000000000000000       0.15514826491776354     
   3.0000000000000000        8.3333333333333321        2.9876929671872245E-002
   3.0000000000000000        8.6666666666666661        3.0356762770698410E-002
   3.0000000000000000        9.0000000000000000        3.0653286296908937E-002
   3.0000000000000000        9.3333333333333321        1.5210290497367640E-002
   3.0000000000000000        9.6666666666666661        8.3650881695855814E-003
   3.0000000000000000        10.000000000000000        0.0000000000000000     
 
   3.3333333333333330        0.0000000000000000        0.0000000000000000     
   3.3333333333333330       0.33333333333333331        1.1820714958651510E-002
   3.3333333333333330       0.66666666666666663        2.4275738438421648E-002
   3.3333333333333330        1.0000000000000000        3.8439594761023162E-002
   3.3333333333333330        1.3333333333333333        5.8828262799135340E-002
   3.3333333333333330        1.6666666666666665        7.3101859283939752E-002
   3.3333333333333330        2.0000000000000000        8.8283887282963408E-002
   3.3333333333333330        2.3333333333333330       0.10424980207546652     
   3.3333333333333330        2.6666666666666665       0.12054406272262319     
   3.3333333333333330        3.0000000000000000       0.13726864750614623     
   3.3333333333333330        3.3333333333333330       0.15508797586840842     
   3.3333333333333330        3.6666666666666665       0.16113507599383992     
   3.3333333333333330        4.0000000000000000       0.20295845102734980     
   3.3333333333333330        4.3333333333333330       0.20564805252764778     
   3.3333333333333330        4.6666666666666661       0.21205661230810455     
   3.3333333333333330        5.0000000000000000       0.33171393248552700     
   3.3333333333333330        5.3333333333333330       0.30958538984508632     
   3.3333333333333330        5.6666666666666661       0.29910178341632038     
   3.3333333333333330        6.0000000000000000       0.29618467889339217     
   3.3333333333333330        6.3333333333333330       0.27813719088366357     
   3.3333333333333330        6.6666666666666661       0.25578457432691581     
   3.3333333333333330        7.0000000000000000       0.22495946898475666     
   3.3333333333333330        7.3333333333333330       0.20653790794550747     
   3.3333333333333330        7.6666666666666661       0.17979747004583943     
   3.3333333333333330        8.0000000000000000       0.15474158443676184     
   3.3333333333333330        8.3333333333333321        9.5564275249869018E-002
   3.3333333333333330        8.6666666666666661        5.0012061262298964E-002
   3.3333333333333330        9.0000000000000000        3.6874305673064239E-002
   3.3333333333333330        9.3333333333333321        2.2226118870274866E-002
   3.3333333333333330        9.6666666666666661        1.0664693032429265E-002
   3.3333333333333330        10.000000000000000        0.0000000000000000     
 
   3.6666666666666665        0.0000000000000000        0.0000000000000000     
   3.6666666666666665       0.33333333333333331        1.3355039960472726E-002
   3.6666666666666665       0.66666666666666663        2.7679195175424210E-002
   3.6666666666666665        1.0000000000000000        4.3361184820492484E-002
   3.6666666666666665        1.3333333333333333        6.0654473782467175E-002
   3.6666666666666665        1.6666666666666665        7.7122165226170103E-002
   3.6666666666666665        2.0000000000000000        9.4475767122556439E-002
   3.6666666666666665        2.3333333333333330       0.11324609129848172     
   3.6666666666666665        2.6666666666666665       0.13350566886053389     
   3.6666666666666665        3.0000000000000000       0.15409602906309897     
   3.6666666666666665        3.3333333333333330       0.17228902677715582     
   3.6666666666666665        3.6666666666666665       0.18515808498350336     
   3.6666666666666665        4.0000000000000000       0.19905716806010057     
   3.6666666666666665        4.3333333333333330       0.20295845102734980     
   3.6666666666666665        4.6666666666666661       0.36721861616471518     
   3.6666666666666665        5.0000000000000000       0.34752174315875267     
   3.6666666666666665        5.3333333333333330       0.33659717468048111     
   3.6666666666666665        5.6666666666666661       0.31754702561021303     
   3.6666666666666665        6.0000000000000000       0.31118458462131166     
   3.6666666666666665        6.3333333333333330       0.29619890575795438     
   3.6666666666666665        6.6666666666666661       0.28019742570953332     
   3.6666666666666665        7.0000000000000000       0.24343597875215686     
   3.6666666666666665        7.3333333333333330       0.22621374269486993     
   3.6666666666666665        7.6666666666666661       0.12875616164598611     
   3.6666666666666665        8.0000000000000000       0.12874931848649573     
   3.6666666666666665        8.3333333333333321        9.5872611974514146E-002
   3.6666666666666665        8.6666666666666661        6.3501972151267808E-002
   3.6666666666666665        9.0000000000000000        4.4932339298934303E-002
   3.6666666666666665        9.3333333333333321        2.6371317983237247E-002
   3.6666666666666665        9.6666666666666661        1.2179053023146693E-002
   3.6666666666666665        10.000000000000000        0.0000000000000000     
 
   4.0000000000000000        0.0000000000000000        0.0000000000000000     
   4.0000000000000000       0.33333333333333331        1.4029117354369621E-002
   4.0000000000000000       0.66666666666666663        2.9930852545199026E-002
   4.0000000000000000        1.0000000000000000        4.6945663957423854E-002
   4.0000000000000000        1.3333333333333333        6.3600405874707014E-002
   4.0000000000000000        1.6666666666666665        8.0494532188443421E-002
   4.0000000000000000        2.0000000000000000        9.9343500599856069E-002
   4.0000000000000000        2.3333333333333330       0.12060496564745685     
   4.0000000000000000        2.6666666666666665       0.14565280469496986     
   4.0000000000000000        3.0000000000000000       0.17245434900933021     
   4.0000000000000000        3.3333333333333330       0.19361960958098801     
   4.0000000000000000        3.6666666666666665       0.20679979206693117     
   4.0000000000000000        4.0000000000000000       0.20379350999099327     
   4.0000000000000000        4.3333333333333330       0.38219140512158145     
   4.0000000000000000        4.6666666666666661       0.37896990849013024     
   4.0000000000000000        5.0000000000000000       0.37799177019429769     
   4.0000000000000000        5.3333333333333330       0.36515908974028261     
   4.0000000000000000        5.6666666666666661       0.34773920949212861     
   4.0000000000000000        6.0000000000000000       0.32926772277688632     
   4.0000000000000000        6.3333333333333330       0.31029496423246883     
   4.0000000000000000        6.6666666666666661       0.28422357622888589     
   4.0000000000000000        7.0000000000000000       0.25761204174902708     
   4.0000000000000000        7.3333333333333330       0.19327479418943355     
   4.0000000000000000        7.6666666666666661       0.14598926703624426     
   4.0000000000000000        8.0000000000000000       0.13549811279498089     
   4.0000000000000000        8.3333333333333321       0.10235011723102955     
   4.0000000000000000        8.6666666666666661        6.3029872562114064E-002
   4.0000000000000000        9.0000000000000000        5.3287485391335050E-002
   4.0000000000000000        9.3333333333333321        2.0784841791861245E-002
   4.0000000000000000        9.6666666666666661        1.1792195579527914E-002
   4.0000000000000000        10.000000000000000        0.0000000000000000     
 
   4.3333333333333330        0.0000000000000000        0.0000000000000000     
   4.3333333333333330       0.33333333333333331        1.2936173640026116E-002
   4.3333333333333330       0.66666666666666663        3.1273789460457016E-002
   4.3333333333333330        1.0000000000000000        5.1159350473230274E-002
   4.3333333333333330        1.3333333333333333        6.6574390405815378E-002
   4.3333333333333330        1.6666666666666665        8.2091913592848190E-002
   4.3333333333333330        2.0000000000000000       0.10177999842127333     
   4.3333333333333330        2.3333333333333330       0.12383562570816906     
   4.3333333333333330        2.6666666666666665       0.15520909150281370     
   4.3333333333333330        3.0000000000000000       0.19501142431802551     
   4.3333333333333330        3.3333333333333330       0.22102219455299119     
   4.3333333333333330        3.6666666666666665       0.24249243575312504     
   4.3333333333333330        4.0000000000000000       0.36725879764172364     
   4.3333333333333330        4.3333333333333330       0.37666517521127274     
   4.3333333333333330        4.6666666666666661       0.38683498387160808     
   4.3333333333333330        5.0000000000000000       0.38234598786637081     
   4.3333333333333330        5.3333333333333330       0.37300481253836626     
   4.3333333333333330        5.6666666666666661       0.35907204200260390     
   4.3333333333333330        6.0000000000000000       0.34150733390596877     
   4.3333333333333330        6.3333333333333330       0.32591040439194535     
   4.3333333333333330        6.6666666666666661       0.27220018147956287     
   4.3333333333333330        7.0000000000000000       0.24154904136620850     
   4.3333333333333330        7.3333333333333330       0.19161675145034093     
   4.3333333333333330        7.6666666666666661       0.15598192544581160     
   4.3333333333333330        8.0000000000000000       0.13146768602806311     
   4.3333333333333330        8.3333333333333321       0.10245463702412504     
   4.3333333333333330        8.6666666666666661        7.3062095503193245E-002
   4.3333333333333330        9.0000000000000000        5.2203148825041075E-002
   4.3333333333333330        9.3333333333333321        2.9930562525728833E-002
   4.3333333333333330        9.6666666666666661        1.4300420499671014E-002
   4.3333333333333330        10.000000000000000        0.0000000000000000     
 
   4.6666666666666661        0.0000000000000000        0.0000000000000000     
   4.6666666666666661       0.33333333333333331        6.5356029846355100E-003
   4.6666666666666661       0.66666666666666663        5.9720743737925956E-002
   4.6666666666666661        1.0000000000000000        6.0127297732804903E-002
   4.6666666666666661        1.3333333333333333        6.9714806599933871E-002
   4.6666666666666661        1.6666666666666665        7.9688088590586986E-002
   4.6666666666666661        2.0000000000000000       0.11187717446859803     
   4.6666666666666661        2.3333333333333330       0.11732794464601840     
   4.6666666666666661        2.6666666666666665       0.23241029445845879     
   4.6666666666666661        3.0000000000000000       0.22920569984511882     
   4.6666666666666661        3.3333333333333330       0.25007600891715076     
   4.6666666666666661        3.6666666666666665       0.29610612139898895     
   4.6666666666666661        4.0000000000000000       0.34961130408040919     
   4.6666666666666661        4.3333333333333330       0.37196244454593674     
   4.6666666666666661        4.6666666666666661       0.38238944953748510     
   4.6666666666666661        5.0000000000000000       0.38284897387627564     
   4.6666666666666661        5.3333333333333330       0.37717361557918400     
   4.6666666666666661        5.6666666666666661       0.36638245322806801     
   4.6666666666666661        6.0000000000000000       0.34488133363516454     
   4.6666666666666661        6.3333333333333330       0.31967701244528884     
   4.6666666666666661        6.6666666666666661       0.29856501493579257     
   4.6666666666666661        7.0000000000000000       0.17505623199846440     
   4.6666666666666661        7.3333333333333330       0.17395893519355157     
   4.6666666666666661        7.6666666666666661       0.15405171924155101     
   4.6666666666666661        8.0000000000000000       0.13159775196773046     
   4.6666666666666661        8.3333333333333321       0.10294718974211128     
   4.6666666666666661        8.6666666666666661        7.4764618399593780E-002
   4.6666666666666661        9.0000000000000000        5.2780245270481245E-002
   4.6666666666666661        9.3333333333333321        3.2617145090453915E-002
   4.6666666666666661        9.6666666666666661        1.5579963063234906E-002
   4.6666666666666661        10.000000000000000        0.0000000000000000     
 
   5.0000000000000000        0.0000000000000000        0.0000000000000000     
   5.0000000000000000       0.33333333333333331        6.7211198317394284E-003
   5.0000000000000000       0.66666666666666663        5.0287955237088948E-002
   5.0000000000000000        1.0000000000000000        6.0254534653973478E-002
   5.0000000000000000        1.3333333333333333        7.2763410987949098E-002
   5.0000000000000000        1.6666666666666665        8.7489844333358616E-002
   5.0000000000000000        2.0000000000000000       0.10635063939280008     
   5.0000000000000000        2.3333333333333330       0.11607137085152347     
   5.0000000000000000        2.6666666666666665       0.23952175921097607     
   5.0000000000000000        3.0000000000000000       0.23617396234927049     
   5.0000000000000000        3.3333333333333330       0.34397687136606070     
   5.0000000000000000        3.6666666666666665       0.33670160889334194     
   5.0000000000000000        4.0000000000000000       0.35557152211188747     
   5.0000000000000000        4.3333333333333330       0.37079789511208427     
   5.0000000000000000        4.6666666666666661       0.37914629209962003     
   5.0000000000000000        5.0000000000000000       0.38073995749547523     
   5.0000000000000000        5.3333333333333330       0.37798113377931192     
   5.0000000000000000        5.6666666666666661       0.37640464849056954     
   5.0000000000000000        6.0000000000000000       0.30503995930610645     
   5.0000000000000000        6.3333333333333330       0.30329282241947775     
   5.0000000000000000        6.6666666666666661       0.24917656057161069     
   5.0000000000000000        7.0000000000000000       0.19020563726383674     
   5.0000000000000000        7.3333333333333330       0.17394238832699144     
   5.0000000000000000        7.6666666666666661       0.15392161699064361     
   5.0000000000000000        8.0000000000000000       0.13756268118498968     
   5.0000000000000000        8.3333333333333321        8.1598397177542317E-002
   5.0000000000000000        8.6666666666666661        7.0462742065460257E-002
   5.0000000000000000        9.0000000000000000        5.1776766953592582E-002
   5.0000000000000000        9.3333333333333321        3.2372135116038418E-002
   5.0000000000000000        9.6666666666666661        1.5509148805817538E-002
   5.0000000000000000        10.000000000000000        0.0000000000000000     
 
   5.3333333333333330        0.0000000000000000        0.0000000000000000     
   5.3333333333333330       0.33333333333333331        1.3677955151432381E-002
   5.3333333333333330       0.66666666666666663        4.0626221142486880E-002
   5.3333333333333330        1.0000000000000000        5.8153756702849793E-002
   5.3333333333333330        1.3333333333333333        7.3862602618958592E-002
   5.3333333333333330        1.6666666666666665        9.1321464850317211E-002
   5.3333333333333330        2.0000000000000000       0.10993807194004789     
   5.3333333333333330        2.3333333333333330       0.12436388172518452     
   5.3333333333333330        2.6666666666666665       0.21827806869364427     
   5.3333333333333330        3.0000000000000000       0.23649715328733309     
   5.3333333333333330        3.3333333333333330       0.33416746424744448     
   5.3333333333333330        3.6666666666666665       0.34416011757279535     
   5.3333333333333330        4.0000000000000000       0.35746912617504184     
   5.3333333333333330        4.3333333333333330       0.36822258072039465     
   5.3333333333333330        4.6666666666666661       0.37405169851625636     
   5.3333333333333330        5.0000000000000000       0.37432839763199349     
   5.3333333333333330        5.3333333333333330       0.36908130393134037     
   5.3333333333333330        5.6666666666666661       0.31373635540192912     
   5.3333333333333330        6.0000000000000000       0.30129071010173797     
   5.3333333333333330        6.3333333333333330       0.27972093827173133     
   5.3333333333333330        6.6666666666666661       0.24571420159257767     
   5.3333333333333330        7.0000000000000000       0.20483927929178344     
   5.3333333333333330        7.3333333333333330       0.17649180028590172     
   5.3333333333333330        7.6666666666666661       0.14939827817937193     
   5.3333333333333330        8.0000000000000000       0.12674484503474998     
   5.3333333333333330        8.3333333333333321        9.3010599976083574E-002
   5.3333333333333330        8.6666666666666661        7.3991058768391779E-002
   5.3333333333333330        9.0000000000000000        5.1759237657592182E-002
   5.3333333333333330        9.3333333333333321        2.9792367172886011E-002
   5.3333333333333330        9.6666666666666661        1.4196865859630469E-002
   5.3333333333333330        10.000000000000000        0.0000000000000000     
 
   5.6666666666666661        0.0000000000000000        0.0000000000000000     
   5.6666666666666661       0.33333333333333331        7.4568554742988511E-003
   5.6666666666666661       0.66666666666666663        1.8885310874257620E-002
   5.6666666666666661        1.0000000000000000        5.2564904848424097E-002
   5.6666666666666661        1.3333333333333333        7.3444044334499997E-002
   5.6666666666666661        1.6666666666666665        9.4105938466460162E-002
   5.6666666666666661        2.0000000000000000       0.11762131432718513     
   5.6666666666666661        2.3333333333333330       0.14672182474196149     
   5.6666666666666661        2.6666666666666665       0.19730062026676506     
   5.6666666666666661        3.0000000000000000       0.25169940565628551     
   5.6666666666666661        3.3333333333333330       0.31739150156777185     
   5.6666666666666661        3.6666666666666665       0.34112673959399853     
   5.6666666666666661        4.0000000000000000       0.35423586694279280     
   5.6666666666666661        4.3333333333333330       0.36246417163602368     
   5.6666666666666661        4.6666666666666661       0.36616588343597273     
   5.6666666666666661        5.0000000000000000       0.36507661898035143     
   5.6666666666666661        5.3333333333333330       0.34678384531444290     
   5.6666666666666661        5.6666666666666661       0.32031664463284354     
   5.6666666666666661        6.0000000000000000       0.26588258180801816     
   5.6666666666666661        6.3333333333333330       0.26399382395037202     
   5.6666666666666661        6.6666666666666661       0.20898447537664291     
   5.6666666666666661        7.0000000000000000       0.17367984917487508     
   5.6666666666666661        7.3333333333333330       0.14273902941021543     
   5.6666666666666661        7.6666666666666661       0.13979540934438789     
   5.6666666666666661        8.0000000000000000        9.6423855623827687E-002
   5.6666666666666661        8.3333333333333321        8.9898519332060015E-002
   5.6666666666666661        8.6666666666666661        8.1038533476549920E-002
   5.6666666666666661        9.0000000000000000        2.0811219550259427E-002
   5.6666666666666661        9.3333333333333321        2.1055348963791132E-002
   5.6666666666666661        9.6666666666666661        1.1602001200801104E-002
   5.6666666666666661        10.000000000000000        0.0000000000000000     
 
   6.0000000000000000        0.0000000000000000        0.0000000000000000     
   6.0000000000000000       0.33333333333333331        8.7555860633906617E-003
   6.0000000000000000       0.66666666666666663        1.9089034388921740E-002
   6.0000000000000000        1.0000000000000000        3.1923616623098894E-002
   6.0000000000000000        1.3333333333333333        0.0000000000000000     
   6.0000000000000000        1.6666666666666665       0.11931475880877077     
   6.0000000000000000        2.0000000000000000       0.11954321792814830     
   6.0000000000000000        2.3333333333333330       0.15658317756264550     
   6.0000000000000000        2.6666666666666665       0.17035428519572077     
   6.0000000000000000        3.0000000000000000       0.34339074396434344     
   6.0000000000000000        3.3333333333333330       0.33642154038306687     
   6.0000000000000000        3.6666666666666665       0.34174627809430091     
   6.0000000000000000        4.0000000000000000       0.34842782623147756     
   6.0000000000000000        4.3333333333333330       0.35345160520128971     
   6.0000000000000000        4.6666666666666661       0.35512325530581967     
   6.0000000000000000        5.0000000000000000       0.32893720258149417     
   6.0000000000000000        5.3333333333333330       0.32544254318388538     
   6.0000000000000000        5.6666666666666661       0.29427418295752311     
   6.0000000000000000        6.0000000000000000       0.26369589802631005     
   6.0000000000000000        6.3333333333333330       0.24235613765668698     
   6.0000000000000000        6.6666666666666661       0.20683279579911276     
   6.0000000000000000        7.0000000000000000       0.17257925467595711     
   6.0000000000000000        7.3333333333333330       0.14531735016896818     
   6.0000000000000000        7.6666666666666661       0.12690595527328796     
   6.0000000000000000        8.0000000000000000       0.10330301274071366     
   6.0000000000000000        8.3333333333333321        8.9477286795723907E-002
   6.0000000000000000        8.6666666666666661        7.9623178175261905E-002
   6.0000000000000000        9.0000000000000000        3.1809189029423673E-002
   6.0000000000000000        9.3333333333333321        2.2229931075317916E-002
   6.0000000000000000        9.6666666666666661        1.1275147959997546E-002
   6.0000000000000000        10.000000000000000        0.0000000000000000     
 
   6.3333333333333330        0.0000000000000000        0.0000000000000000     
   6.3333333333333330       0.33333333333333331        8.5640415687871473E-003
   6.3333333333333330       0.66666666666666663        1.6970636151507353E-002
   6.3333333333333330        1.0000000000000000        2.4339485355642607E-002
   6.3333333333333330        1.3333333333333333        7.5517337046663358E-002
   6.3333333333333330        1.6666666666666665       0.10973908541849856     
   6.3333333333333330        2.0000000000000000       0.12182234709838403     
   6.3333333333333330        2.3333333333333330       0.14225175195020498     
   6.3333333333333330        2.6666666666666665       0.15613327759136286     
   6.3333333333333330        3.0000000000000000       0.17576553736486053     
   6.3333333333333330        3.3333333333333330       0.34075526039858067     
   6.3333333333333330        3.6666666666666665       0.33414560591415393     
   6.3333333333333330        4.0000000000000000       0.33717327598723174     
   6.3333333333333330        4.3333333333333330       0.34048019472985591     
   6.3333333333333330        4.6666666666666661       0.33835397253546384     
   6.3333333333333330        5.0000000000000000       0.32604263059668359     
   6.3333333333333330        5.3333333333333330       0.26182841397353857     
   6.3333333333333330        5.6666666666666661       0.26247751622166987     
   6.3333333333333330        6.0000000000000000       0.24823967503066702     
   6.3333333333333330        6.3333333333333330       0.23159959341543859     
   6.3333333333333330        6.6666666666666661       0.20125829660411862     
   6.3333333333333330        7.0000000000000000       0.16333672097977592     
   6.3333333333333330        7.3333333333333330       0.13857668896435996     
   6.3333333333333330        7.6666666666666661       0.11910153794169465     
   6.3333333333333330        8.0000000000000000       0.10066327341015992     
   6.3333333333333330        8.3333333333333321        8.5477979415921057E-002
   6.3333333333333330        8.6666666666666661        6.8795981978101869E-002
   6.3333333333333330        9.0000000000000000        4.1737369944827289E-002
   6.3333333333333330        9.3333333333333321        2.5030314175688757E-002
   6.3333333333333330        9.6666666666666661        1.1400063965355138E-002
   6.3333333333333330        10.000000000000000        0.0000000000000000     
 
   6.6666666666666661        0.0000000000000000        0.0000000000000000     
   6.6666666666666661       0.33333333333333331        8.6272298260577536E-003
   6.6666666666666661       0.66666666666666663        1.6068592748550332E-002
   6.6666666666666661        1.0000000000000000        6.1235407026897275E-002
   6.6666666666666661        1.3333333333333333        7.6335982012044071E-002
   6.6666666666666661        1.6666666666666665        9.8137700403738079E-002
   6.6666666666666661        2.0000000000000000       0.11599690655691498     
   6.6666666666666661        2.3333333333333330       0.13431754509862429     
   6.6666666666666661        2.6666666666666665       0.15531210230732970     
   6.6666666666666661        3.0000000000000000       0.17515544749725218     
   6.6666666666666661        3.3333333333333330       0.27282336997249895     
   6.6666666666666661        3.6666666666666665       0.31049866290404293     
   6.6666666666666661        4.0000000000000000       0.31909972614748050     
   6.6666666666666661        4.3333333333333330       0.32624478584740813     
   6.6666666666666661        4.6666666666666661       0.32510628401706765     
   6.6666666666666661        5.0000000000000000       0.30461099709496220     
   6.6666666666666661        5.3333333333333330       0.25726392063822684     
   6.6666666666666661        5.6666666666666661       0.24159131770622080     
   6.6666666666666661        6.0000000000000000       0.23170124080697649     
   6.6666666666666661        6.3333333333333330       0.16239552463145038     
   6.6666666666666661        6.6666666666666661       0.14065108583349559     
   6.6666666666666661        7.0000000000000000       0.14000940546369756     
   6.6666666666666661        7.3333333333333330       0.12622688599162518     
   6.6666666666666661        7.6666666666666661       0.11030308240844111     
   6.6666666666666661        8.0000000000000000        9.5072628205118997E-002
   6.6666666666666661        8.3333333333333321        8.3403427130683647E-002
   6.6666666666666661        8.6666666666666661        4.5870725653312620E-002
   6.6666666666666661        9.0000000000000000        4.1719453493010865E-002
   6.6666666666666661        9.3333333333333321        1.7043214138202534E-002
   6.6666666666666661        9.6666666666666661        9.4351455443278699E-003
   6.6666666666666661        10.000000000000000        0.0000000000000000     
 
   7.0000000000000000        0.0000000000000000        0.0000000000000000     
   7.0000000000000000       0.33333333333333331        9.9879857702175091E-003
   7.0000000000000000       0.66666666666666663        2.2809091126056204E-002
   7.0000000000000000        1.0000000000000000        4.6803062153156133E-002
   7.0000000000000000        1.3333333333333333        7.1178186856525771E-002
   7.0000000000000000        1.6666666666666665        9.1098321635571675E-002
   7.0000000000000000        2.0000000000000000       0.11011747736846220     
   7.0000000000000000        2.3333333333333330       0.12381639526516511     
   7.0000000000000000        2.6666666666666665       0.17528971673893468     
   7.0000000000000000        3.0000000000000000       0.19368115573944900     
   7.0000000000000000        3.3333333333333330       0.23115625454979344     
   7.0000000000000000        3.6666666666666665       0.27441565672535390     
   7.0000000000000000        4.0000000000000000       0.29674005568540357     
   7.0000000000000000        4.3333333333333330       0.31423849185029307     
   7.0000000000000000        4.6666666666666661       0.15599500867489038     
   7.0000000000000000        5.0000000000000000       0.20199995551958705     
   7.0000000000000000        5.3333333333333330       0.21725913552678280     
   7.0000000000000000        5.6666666666666661       0.21167510007554222     
   7.0000000000000000        6.0000000000000000       0.20235583978691671     
   7.0000000000000000        6.3333333333333330       0.16171287816382773     
   7.0000000000000000        6.6666666666666661       0.14109815845265777     
   7.0000000000000000        7.0000000000000000       0.12955915885044436     
   7.0000000000000000        7.3333333333333330       0.11599558036388766     
   7.0000000000000000        7.6666666666666661       0.10102606761759526     
   7.0000000000000000        8.0000000000000000        8.6310983515950401E-002
   7.0000000000000000        8.3333333333333321        7.0139663103994984E-002
   7.0000000000000000        8.6666666666666661        5.0569122823822664E-002
   7.0000000000000000        9.0000000000000000        3.8044110980370631E-002
   7.0000000000000000        9.3333333333333321        2.4910980679590300E-002
   7.0000000000000000        9.6666666666666661        3.6995965724302107E-003
   7.0000000000000000        10.000000000000000        0.0000000000000000     
 
   7.3333333333333330        0.0000000000000000        0.0000000000000000     
   7.3333333333333330       0.33333333333333331        8.6522370854373015E-003
   7.3333333333333330       0.66666666666666663        1.8668432667583591E-002
   7.3333333333333330        1.0000000000000000        3.2525257254778471E-002
   7.3333333333333330        1.3333333333333333        8.1378640606428451E-002
   7.3333333333333330        1.6666666666666665        8.5723802891547699E-002
   7.3333333333333330        2.0000000000000000       0.11412284356189775     
   7.3333333333333330        2.3333333333333330       0.12741558993633939     
   7.3333333333333330        2.6666666666666665       0.15618446842143649     
   7.3333333333333330        3.0000000000000000       0.19185383210650198     
   7.3333333333333330        3.3333333333333330       0.22447126874590992     
   7.3333333333333330        3.6666666666666665       0.24817690870946377     
   7.3333333333333330        4.0000000000000000       0.27441565672535390     
   7.3333333333333330        4.3333333333333330       0.15599500867489038     
   7.3333333333333330        4.6666666666666661       0.15574203302050976     
   7.3333333333333330        5.0000000000000000       0.18490639065957304     
   7.3333333333333330        5.3333333333333330       0.19569789810297189     
   7.3333333333333330        5.6666666666666661       0.18321991979776603     
   7.3333333333333330        6.0000000000000000       0.13482015013365120     
   7.3333333333333330        6.3333333333333330       0.14025466043793841     
   7.3333333333333330        6.6666666666666661       0.13226202799411116     
   7.3333333333333330        7.0000000000000000       0.12114174811677836     
   7.3333333333333330        7.3333333333333330       0.10736872474950969     
   7.3333333333333330        7.6666666666666661        9.1855833104256476E-002
   7.3333333333333330        8.0000000000000000        7.9481966518430119E-002
   7.3333333333333330        8.3333333333333321        6.0811882840493492E-002
   7.3333333333333330        8.6666666666666661        4.8762948401755560E-002
   7.3333333333333330        9.0000000000000000        3.5451345720150663E-002
   7.3333333333333330        9.3333333333333321        2.0002961397687861E-002
   7.3333333333333330        9.6666666666666661        7.4651889594705128E-003
   7.3333333333333330        10.000000000000000        0.0000000000000000     
 
   7.6666666666666661        0.0000000000000000        0.0000000000000000     
   7.6666666666666661       0.33333333333333331        6.0819250150563843E-003
   7.6666666666666661       0.66666666666666663        1.0950244180399518E-002
   7.6666666666666661        1.0000000000000000        7.6887195881001055E-002
   7.6666666666666661        1.3333333333333333        7.8253766522288576E-002
   7.6666666666666661        1.6666666666666665        8.5768701880657758E-002
   7.6666666666666661        2.0000000000000000       0.10157157938634727     
   7.6666666666666661        2.3333333333333330       0.11597089435335660     
   7.6666666666666661        2.6666666666666665       0.12994013376477451     
   7.6666666666666661        3.0000000000000000       0.12759849559950809     
   7.6666666666666661        3.3333333333333330       0.18278628478698380     
   7.6666666666666661        3.6666666666666665       0.21641966038736182     
   7.6666666666666661        4.0000000000000000        7.1661518819244735E-002
   7.6666666666666661        4.3333333333333330       0.11150099760373323     
   7.6666666666666661        4.6666666666666661       0.12574384517790421     
   7.6666666666666661        5.0000000000000000       0.10718193597586691     
   7.6666666666666661        5.3333333333333330       0.14117999935490191     
   7.6666666666666661        5.6666666666666661       0.14082621143316043     
   7.6666666666666661        6.0000000000000000       0.12930516682059554     
   7.6666666666666661        6.3333333333333330       0.13204391335430088     
   7.6666666666666661        6.6666666666666661       0.12657676479898256     
   7.6666666666666661        7.0000000000000000       0.11559637806048614     
   7.6666666666666661        7.3333333333333330       0.10084026085330530     
   7.6666666666666661        7.6666666666666661        8.0013559295577172E-002
   7.6666666666666661        8.0000000000000000        4.2022607311753467E-002
   7.6666666666666661        8.3333333333333321        4.5436554588156576E-002
   7.6666666666666661        8.6666666666666661        2.3471840696956126E-002
   7.6666666666666661        9.0000000000000000        1.3547939058140257E-002
   7.6666666666666661        9.3333333333333321        1.2488045846731901E-002
   7.6666666666666661        9.6666666666666661        6.2848757014279033E-003
   7.6666666666666661        10.000000000000000        0.0000000000000000     
 
   8.0000000000000000        0.0000000000000000        0.0000000000000000     
   8.0000000000000000       0.33333333333333331        4.8309650297602121E-003
   8.0000000000000000       0.66666666666666663        8.2851273070317696E-003
   8.0000000000000000        1.0000000000000000        6.8927388439613518E-002
   8.0000000000000000        1.3333333333333333        7.0240651246774352E-002
   8.0000000000000000        1.6666666666666665        7.8659113709256406E-002
   8.0000000000000000        2.0000000000000000        9.1363862395094961E-002
   8.0000000000000000        2.3333333333333330       0.10567482052055564     
   8.0000000000000000        2.6666666666666665       0.11812606390035796     
   8.0000000000000000        3.0000000000000000       0.12842042147901850     
   8.0000000000000000        3.3333333333333330       0.14834943016195717     
   8.0000000000000000        3.6666666666666665        7.1661518819244735E-002
   8.0000000000000000        4.0000000000000000        7.2760022328621027E-002
   8.0000000000000000        4.3333333333333330        9.7932906076227344E-002
   8.0000000000000000        4.6666666666666661       0.11039387168092342     
   8.0000000000000000        5.0000000000000000       0.10828906189867672     
   8.0000000000000000        5.3333333333333330        9.6659358143558374E-002
   8.0000000000000000        5.6666666666666661       0.10917669410782849     
   8.0000000000000000        6.0000000000000000       0.10946559850985457     
   8.0000000000000000        6.3333333333333330        0.0000000000000000     
   8.0000000000000000        6.6666666666666661       0.11347295531215888     
   8.0000000000000000        7.0000000000000000       0.11422084621755332     
   8.0000000000000000        7.3333333333333330        3.8941672878711656E-002
   8.0000000000000000        7.6666666666666661        4.7873741223379097E-002
   8.0000000000000000        8.0000000000000000        3.9243881538195170E-002
   8.0000000000000000        8.3333333333333321        3.4087283829396499E-002
   8.0000000000000000        8.6666666666666661        2.3993931026184721E-002
   8.0000000000000000        9.0000000000000000        1.4911580056734104E-002
   8.0000000000000000        9.3333333333333321        1.0363866400263448E-002
   8.0000000000000000        9.6666666666666661        5.3127568302873494E-003
   8.0000000000000000        10.000000000000000        0.0000000000000000     
 
   8.3333333333333321        0.0000000000000000        0.0000000000000000     
   8.3333333333333321       0.33333333333333331        5.0568023038486849E-003
   8.3333333333333321       0.66666666666666663        9.2438293074283192E-003
   8.3333333333333321        1.0000000000000000        4.3159920916506271E-002
   8.3333333333333321        1.3333333333333333        5.6338408679166049E-002
   8.3333333333333321        1.6666666666666665        6.8417064283176635E-002
   8.3333333333333321        2.0000000000000000        8.0606869446072885E-002
   8.3333333333333321        2.3333333333333330        9.8168969405184117E-002
   8.3333333333333321        2.6666666666666665       0.10926416378726252     
   8.3333333333333321        3.0000000000000000       0.12030372376559083     
   8.3333333333333321        3.3333333333333330       0.13403532806245247     
   8.3333333333333321        3.6666666666666665        4.9786505465956518E-002
   8.3333333333333321        4.0000000000000000        5.0807667834835119E-002
   8.3333333333333321        4.3333333333333330        2.5074081083160574E-002
   8.3333333333333321        4.6666666666666661        2.3262138770167584E-002
   8.3333333333333321        5.0000000000000000        8.3939597277444725E-002
   8.3333333333333321        5.3333333333333330        8.4464368768722695E-002
   8.3333333333333321        5.6666666666666661        8.9878880645575948E-002
   8.3333333333333321        6.0000000000000000        9.0074643473213506E-002
   8.3333333333333321        6.3333333333333330        4.7373415515168188E-002
   8.3333333333333321        6.6666666666666661        0.0000000000000000     
   8.3333333333333321        7.0000000000000000        2.6886023117550256E-002
   8.3333333333333321        7.3333333333333330        3.0598902595432485E-002
   8.3333333333333321        7.6666666666666661        3.3879275591442173E-002
   8.3333333333333321        8.0000000000000000        3.3596579078010294E-002
   8.3333333333333321        8.3333333333333321        2.8245947386170728E-002
   8.3333333333333321        8.6666666666666661        1.2659946616607062E-002
   8.3333333333333321        9.0000000000000000        1.2080999790002834E-002
   8.3333333333333321        9.3333333333333321        8.9811288767687944E-003
   8.3333333333333321        9.6666666666666661        4.7250461631532801E-003
   8.3333333333333321        10.000000000000000        0.0000000000000000     
 
   8.6666666666666661        0.0000000000000000        0.0000000000000000     
   8.6666666666666661       0.33333333333333331        6.2697140072042242E-003
   8.6666666666666661       0.66666666666666663        1.4601364331455511E-002
   8.6666666666666661        1.0000000000000000        3.0862966456972209E-002
   8.6666666666666661        1.3333333333333333        4.4577627896769528E-002
   8.6666666666666661        1.6666666666666665        5.9172490936021609E-002
   8.6666666666666661        2.0000000000000000        6.5574524130973838E-002
   8.6666666666666661        2.3333333333333330        8.5798931554989744E-002
   8.6666666666666661        2.6666666666666665       0.10143577491164037     
   8.6666666666666661        3.0000000000000000       0.11034937476333886     
   8.6666666666666661        3.3333333333333330        0.0000000000000000     
   8.6666666666666661        3.6666666666666665        2.3570776648757980E-002
   8.6666666666666661        4.0000000000000000        3.0844727118416071E-002
   8.6666666666666661        4.3333333333333330        2.5936931431156243E-002
   8.6666666666666661        4.6666666666666661        2.4159884890355185E-002
   8.6666666666666661        5.0000000000000000        6.7265144575694297E-002
   8.6666666666666661        5.3333333333333330        6.7821203521968840E-002
   8.6666666666666661        5.6666666666666661        7.6157667986340633E-002
   8.6666666666666661        6.0000000000000000        7.1220850012024342E-002
   8.6666666666666661        6.3333333333333330        4.7860411418261084E-002
   8.6666666666666661        6.6666666666666661        2.1491857459530962E-002
   8.6666666666666661        7.0000000000000000        2.3708608836735690E-002
   8.6666666666666661        7.3333333333333330        2.3235615131241682E-002
   8.6666666666666661        7.6666666666666661        2.4003029742379577E-002
   8.6666666666666661        8.0000000000000000        1.5186477116765042E-002
   8.6666666666666661        8.3333333333333321        1.7588638290593483E-002
   8.6666666666666661        8.6666666666666661        1.3583430458302397E-002
   8.6666666666666661        9.0000000000000000        5.3694394962210115E-003
   8.6666666666666661        9.3333333333333321        3.4615357087460861E-003
   8.6666666666666661        9.6666666666666661        0.0000000000000000     
   8.6666666666666661        10.000000000000000        0.0000000000000000     
 
   9.0000000000000000        0.0000000000000000        0.0000000000000000     
   9.0000000000000000       0.33333333333333331        5.5703673267717049E-003
   9.0000000000000000       0.66666666666666663        1.2363384019616527E-002
   9.0000000000000000        1.0000000000000000        2.1772405452935521E-002
   9.0000000000000000        1.3333333333333333        3.2818788719480421E-002
   9.0000000000000000        1.6666666666666665        3.8181401003283967E-002
   9.0000000000000000        2.0000000000000000        5.8027667584371022E-002
   9.0000000000000000        2.3333333333333330        7.1341127383303227E-002
   9.0000000000000000        2.6666666666666665        2.1643851521583996E-003
   9.0000000000000000        3.0000000000000000        3.5133172043314907E-003
   9.0000000000000000        3.3333333333333330        1.1749091429239704E-002
   9.0000000000000000        3.6666666666666665        1.6974388661929352E-002
   9.0000000000000000        4.0000000000000000        2.3871376303198549E-002
   9.0000000000000000        4.3333333333333330        2.4509665276034584E-002
   9.0000000000000000        4.6666666666666661        1.7291976710204558E-003
   9.0000000000000000        5.0000000000000000        4.3412529024133312E-002
   9.0000000000000000        5.3333333333333330        4.3880318377241732E-002
   9.0000000000000000        5.6666666666666661        1.7051457434171882E-002
   9.0000000000000000        6.0000000000000000        1.9756696396096205E-002
   9.0000000000000000        6.3333333333333330        2.5419815252229833E-002
   9.0000000000000000        6.6666666666666661        1.9702135247984236E-002
   9.0000000000000000        7.0000000000000000        1.2359348393912232E-002
   9.0000000000000000        7.3333333333333330        1.5100081393300912E-002
   9.0000000000000000        7.6666666666666661        1.5362134017135237E-002
   9.0000000000000000        8.0000000000000000        1.3169841802413726E-002
   9.0000000000000000        8.3333333333333321        1.3754561384431322E-002
   9.0000000000000000        8.6666666666666661        1.0862957954849073E-002
   9.0000000000000000        9.0000000000000000        5.5551219661987786E-003
   9.0000000000000000        9.3333333333333321        3.5938745802294998E-003
   9.0000000000000000        9.6666666666666661        3.1226453573890580E-004
   9.0000000000000000        10.000000000000000        0.0000000000000000     
 
   9.3333333333333321        0.0000000000000000        0.0000000000000000     
   9.3333333333333321       0.33333333333333331        3.7858223316044170E-003
   9.3333333333333321       0.66666666666666663        7.8043686610430067E-003
   9.3333333333333321        1.0000000000000000        1.1539194181867539E-002
   9.3333333333333321        1.3333333333333333        1.2469147594872566E-002
   9.3333333333333321        1.6666666666666665        1.9069615780155515E-002
   9.3333333333333321        2.0000000000000000        2.6961500882456270E-003
   9.3333333333333321        2.3333333333333330        1.8431679767763507E-003
   9.3333333333333321        2.6666666666666665        2.2534137810401832E-003
   9.3333333333333321        3.0000000000000000        3.6515230566730376E-003
   9.3333333333333321        3.3333333333333330        6.9095305799679804E-003
   9.3333333333333321        3.6666666666666665        9.2306357507076879E-003
   9.3333333333333321        4.0000000000000000        0.0000000000000000     
   9.3333333333333321        4.3333333333333330        1.3797158351098269E-003
   9.3333333333333321        4.6666666666666661        1.7643372544709735E-003
   9.3333333333333321        5.0000000000000000        1.3382449731803855E-002
   9.3333333333333321        5.3333333333333330        2.0822747443554168E-002
   9.3333333333333321        5.6666666666666661        1.7332940058130374E-002
   9.3333333333333321        6.0000000000000000        1.4382567270691832E-002
   9.3333333333333321        6.3333333333333330        1.4689576986867604E-002
   9.3333333333333321        6.6666666666666661        1.2531947607243490E-002
   9.3333333333333321        7.0000000000000000        9.9060314790097772E-003
   9.3333333333333321        7.3333333333333330        9.7819878581648558E-003
   9.3333333333333321        7.6666666666666661        9.5241881637647373E-003
   9.3333333333333321        8.0000000000000000        8.7101437110041618E-003
   9.3333333333333321        8.3333333333333321        1.5111740464451202E-003
   9.3333333333333321        8.6666666666666661        1.8107507671318262E-003
   9.3333333333333321        9.0000000000000000        2.5727463151901816E-003
   9.3333333333333321        9.3333333333333321        1.8929547879315558E-003
   9.3333333333333321        9.6666666666666661        6.3660592506408137E-004
   9.3333333333333321        10.000000000000000        0.0000000000000000     
 
   9.6666666666666661        0.0000000000000000        0.0000000000000000     
   9.6666666666666661       0.33333333333333331        1.8652004595084966E-003
   9.6666666666666661       0.66666666666666663        3.7236799489972407E-003
   9.6666666666666661        1.0000000000000000        5.3204172285475663E-003
   9.6666666666666661        1.3333333333333333        6.1508147450967899E-003
   9.6666666666666661        1.6666666666666665        6.9587593698761888E-003
   9.6666666666666661        2.0000000000000000        2.7713863656074725E-003
   9.6666666666666661        2.3333333333333330        1.5018617106658198E-003
   9.6666666666666661        2.6666666666666665        1.4417335137761852E-003
   9.6666666666666661        3.0000000000000000        2.0650327613785302E-003
   9.6666666666666661        3.3333333333333330        3.2429544193663421E-003
   9.6666666666666661        3.6666666666666665        4.1111082851826410E-003
   9.6666666666666661        4.0000000000000000        5.0600148380557813E-004
   9.6666666666666661        4.3333333333333330        1.0211789322647192E-003
   9.6666666666666661        4.6666666666666661        2.2166118428186103E-003
   9.6666666666666661        5.0000000000000000        6.1146717204842204E-003
   9.6666666666666661        5.3333333333333330        8.9414417744205499E-003
   9.6666666666666661        5.6666666666666661        2.9614396348111600E-003
   9.6666666666666661        6.0000000000000000        5.9743918942567996E-003
   9.6666666666666661        6.3333333333333330        6.6525585955504452E-003
   9.6666666666666661        6.6666666666666661        6.0594470003279338E-003
   9.6666666666666661        7.0000000000000000        5.1696291437842296E-003
   9.6666666666666661        7.3333333333333330        4.8276525098090526E-003
   9.6666666666666661        7.6666666666666661        4.4751388011095225E-003
   9.6666666666666661        8.0000000000000000        3.6618974312483663E-003
   9.6666666666666661        8.3333333333333321        1.5599368462984287E-003
   9.6666666666666661        8.6666666666666661        1.1133486485149704E-003
   9.6666666666666661        9.0000000000000000        1.1208348804374246E-003
   9.6666666666666661        9.3333333333333321        8.3700180738046346E-004
   9.6666666666666661        9.6666666666666661        3.6496591886604036E-004
   9.6666666666666661        10.000000000000000        0.0000000000000000     
 
   10.000000000000000        0.0000000000000000        0.0000000000000000     
   10.000000000000000       0.33333333333333331        0.0000000000000000     
   10.000000000000000       0.66666666666666663        0.0000000000000000     
   10.000000000000000        1.0000000000000000        0.0000000000000000     
   10.000000000000000        1.3333333333333333        0.0000000000000000     
   10.000000000000000        1.6666666666666665        0.0000000000000000     
   10.000000000000000        2.0000000000000000        0.0000000000000000     
   10.000000000000000        2.3333333333333330        0.0000000000000000     
   10.000000000000000        2.6666666666666665        0.0000000000000000     
   10.000000000000000        3.0000000000000000        0.0000000000000000     
   10.000000000000000        3.3333333333333330        0.0000000000000000     
   10.000000000000000        3.6666666666666665        0.0000000000000000     
   10.000000000000000        4.0000000000000000        0.0000000000000000     
   10.000000000000000        4.3333333333333330        0.0000000000000000     
   10.000000000000000        4.6666666666666661        0.0000000000000000     
   10.000000000000000        5.0000000000000000        0.0000000000000000     
   10.000000000000000        5.3333333333333330        0.0000000000000000     
   10.000000000000000        5.6666666666666661        0.0000000000000000     
   10.000000000000000        6.0000000000000000        0.0000000000000000     
   10.000000000000000        6.3333333333333330        0.0000000000000000     
   10.000000000000000        6.6666666666666661        0.0000000000000000     
   10.000000000000000        7.0000000000000000        0.0000000000000000     
   10.000000000000000        7.3333333333333330        0.0000000000000000     
   10.000000000000000        7.6666666666666661        0.0000000000000000     
   10.000000000000000        8.0000000000000000        0.0000000000000000     
   10.000000000000000        8.3333333333333321        0.0000000000000000     
   10.000000000000000        8.6666666666666661        0.0000000000000000     
   10.000000000000000        9.0000000000000000        0.0000000000000000     
   10.000000000000000        9.3333333333333321        0.0000000000000000     
   10.000000000000000        9.6666666666666661        0.0000000000000000     
   10.000000000000000        10.000000000000000        0.0000000000000000     
 
