   0.0000000000000000        0.0000000000000000        0.0000000000000000     
   0.0000000000000000       0.33333333333333331        0.0000000000000000     
   0.0000000000000000       0.66666666666666663        0.0000000000000000     
   0.0000000000000000        1.0000000000000000        0.0000000000000000     
   0.0000000000000000        1.3333333333333333        0.0000000000000000     
   0.0000000000000000        1.6666666666666665        0.0000000000000000     
   0.0000000000000000        2.0000000000000000        0.0000000000000000     
   0.0000000000000000        2.3333333333333330        0.0000000000000000     
   0.0000000000000000        2.6666666666666665        0.0000000000000000     
   0.0000000000000000        3.0000000000000000        0.0000000000000000     
   0.0000000000000000        3.3333333333333330        0.0000000000000000     
   0.0000000000000000        3.6666666666666665        0.0000000000000000     
   0.0000000000000000        4.0000000000000000        0.0000000000000000     
   0.0000000000000000        4.3333333333333330        0.0000000000000000     
   0.0000000000000000        4.6666666666666661        0.0000000000000000     
   0.0000000000000000        5.0000000000000000        0.0000000000000000     
   0.0000000000000000        5.3333333333333330        0.0000000000000000     
   0.0000000000000000        5.6666666666666661        0.0000000000000000     
   0.0000000000000000        6.0000000000000000        0.0000000000000000     
   0.0000000000000000        6.3333333333333330        0.0000000000000000     
   0.0000000000000000        6.6666666666666661        0.0000000000000000     
   0.0000000000000000        7.0000000000000000        0.0000000000000000     
   0.0000000000000000        7.3333333333333330        0.0000000000000000     
   0.0000000000000000        7.6666666666666661        0.0000000000000000     
   0.0000000000000000        8.0000000000000000        0.0000000000000000     
   0.0000000000000000        8.3333333333333321        0.0000000000000000     
   0.0000000000000000        8.6666666666666661        0.0000000000000000     
   0.0000000000000000        9.0000000000000000        0.0000000000000000     
   0.0000000000000000        9.3333333333333321        0.0000000000000000     
   0.0000000000000000        9.6666666666666661        0.0000000000000000     
   0.0000000000000000        10.000000000000000        0.0000000000000000     
 
  0.33333333333333331        0.0000000000000000        0.0000000000000000     
  0.33333333333333331       0.33333333333333331        1.7842842508360911E-004
  0.33333333333333331       0.66666666666666663        3.0357574486395447E-004
  0.33333333333333331        1.0000000000000000        3.2557126416543251E-004
  0.33333333333333331        1.3333333333333333        6.9987400363180825E-004
  0.33333333333333331        1.6666666666666665        1.0395796658159968E-003
  0.33333333333333331        2.0000000000000000        1.5910632800733330E-003
  0.33333333333333331        2.3333333333333330        1.9728289463757870E-003
  0.33333333333333331        2.6666666666666665        1.7566902189020605E-003
  0.33333333333333331        3.0000000000000000        3.4206212489685055E-003
  0.33333333333333331        3.3333333333333330        3.7776474011762904E-003
  0.33333333333333331        3.6666666666666665        3.6942685075783705E-003
  0.33333333333333331        4.0000000000000000        3.7553783348500901E-003
  0.33333333333333331        4.3333333333333330        3.7631426033918505E-003
  0.33333333333333331        4.6666666666666661        2.4166656975512712E-003
  0.33333333333333331        5.0000000000000000        3.6300044462045039E-003
  0.33333333333333331        5.3333333333333330        8.6599889823994244E-003
  0.33333333333333331        5.6666666666666661        1.0528089649289304E-002
  0.33333333333333331        6.0000000000000000        1.1654228363381005E-002
  0.33333333333333331        6.3333333333333330        1.2093289119517951E-002
  0.33333333333333331        6.6666666666666661        8.3631932257954705E-003
  0.33333333333333331        7.0000000000000000        1.3291321084818664E-002
  0.33333333333333331        7.3333333333333330        6.3017395576698979E-003
  0.33333333333333331        7.6666666666666661        5.8515438907012036E-003
  0.33333333333333331        8.0000000000000000        4.6141775208818530E-003
  0.33333333333333331        8.3333333333333321        3.2250997330479608E-003
  0.33333333333333331        8.6666666666666661        2.5492875567307209E-003
  0.33333333333333331        9.0000000000000000        1.8917171167723054E-003
  0.33333333333333331        9.3333333333333321        1.0575959567235692E-003
  0.33333333333333331        9.6666666666666661        4.6339123807528823E-004
  0.33333333333333331        10.000000000000000        0.0000000000000000     
 
  0.66666666666666663        0.0000000000000000        0.0000000000000000     
  0.66666666666666663       0.33333333333333331        4.2364871752666855E-004
  0.66666666666666663       0.66666666666666663        7.3369143354409382E-004
  0.66666666666666663        1.0000000000000000        1.7176408816228599E-003
  0.66666666666666663        1.3333333333333333        1.4914750201053487E-003
  0.66666666666666663        1.6666666666666665        1.9502785707404921E-003
  0.66666666666666663        2.0000000000000000        3.4734347832265510E-003
  0.66666666666666663        2.3333333333333330        4.6879061618075339E-003
  0.66666666666666663        2.6666666666666665        9.7134380783046367E-003
  0.66666666666666663        3.0000000000000000        8.3737306830365312E-003
  0.66666666666666663        3.3333333333333330        8.2408274235257466E-003
  0.66666666666666663        3.6666666666666665        7.4871588094968574E-003
  0.66666666666666663        4.0000000000000000        7.8105194939346624E-003
  0.66666666666666663        4.3333333333333330        9.1200876145573432E-003
  0.66666666666666663        4.6666666666666661        0.0000000000000000     
  0.66666666666666663        5.0000000000000000        2.2601651849985673E-002
  0.66666666666666663        5.3333333333333330        2.0891629770999974E-002
  0.66666666666666663        5.6666666666666661        2.2251887288124068E-002
  0.66666666666666663        6.0000000000000000        2.4448529913601594E-002
  0.66666666666666663        6.3333333333333330        2.8783308881078107E-002
  0.66666666666666663        6.6666666666666661        4.7902200651505522E-002
  0.66666666666666663        7.0000000000000000        3.8935193859108222E-002
  0.66666666666666663        7.3333333333333330        1.2158927677735036E-002
  0.66666666666666663        7.6666666666666661        1.2751306726399488E-002
  0.66666666666666663        8.0000000000000000        9.6088249109143025E-003
  0.66666666666666663        8.3333333333333321        5.9151589198078239E-003
  0.66666666666666663        8.6666666666666661        5.2348927884417074E-003
  0.66666666666666663        9.0000000000000000        4.0810694394851077E-003
  0.66666666666666663        9.3333333333333321        1.9459622544094144E-003
  0.66666666666666663        9.6666666666666661        8.2782053344704202E-004
  0.66666666666666663        10.000000000000000        0.0000000000000000     
 
   1.0000000000000000        0.0000000000000000        0.0000000000000000     
   1.0000000000000000       0.33333333333333331        8.1317965025719133E-004
   1.0000000000000000       0.66666666666666663        1.5272860637029269E-003
   1.0000000000000000        1.0000000000000000        2.0780661987813325E-003
   1.0000000000000000        1.3333333333333333        1.7176408816228599E-003
   1.0000000000000000        1.6666666666666665        5.7818640162873077E-003
   1.0000000000000000        2.0000000000000000        5.9243270343875181E-003
   1.0000000000000000        2.3333333333333330        8.9501647971206109E-003
   1.0000000000000000        2.6666666666666665        1.1688174686873850E-002
   1.0000000000000000        3.0000000000000000        1.2652280141486434E-002
   1.0000000000000000        3.3333333333333330        1.3834421631440155E-002
   1.0000000000000000        3.6666666666666665        1.0681692291826335E-002
   1.0000000000000000        4.0000000000000000        1.1379784766078848E-002
   1.0000000000000000        4.3333333333333330        1.6351843081061610E-002
   1.0000000000000000        4.6666666666666661        2.4124071145001320E-002
   1.0000000000000000        5.0000000000000000        2.5481289980682043E-002
   1.0000000000000000        5.3333333333333330        3.1033162843502778E-002
   1.0000000000000000        5.6666666666666661        3.4067199438987790E-002
   1.0000000000000000        6.0000000000000000        3.6006567591287994E-002
   1.0000000000000000        6.3333333333333330        5.0739183032370481E-002
   1.0000000000000000        6.6666666666666661        5.8299675098276216E-002
   1.0000000000000000        7.0000000000000000        5.6781860952443176E-002
   1.0000000000000000        7.3333333333333330        4.4379638382656648E-002
   1.0000000000000000        7.6666666666666661        2.3949253535903655E-002
   1.0000000000000000        8.0000000000000000        1.5620080695048532E-002
   1.0000000000000000        8.3333333333333321        1.0799935859970015E-002
   1.0000000000000000        8.6666666666666661        8.7089872718418160E-003
   1.0000000000000000        9.0000000000000000        7.5082813717441089E-003
   1.0000000000000000        9.3333333333333321        8.9385077921714259E-004
   1.0000000000000000        9.6666666666666661        9.5817545084303892E-004
   1.0000000000000000        10.000000000000000        0.0000000000000000     
 
   1.3333333333333333        0.0000000000000000        0.0000000000000000     
   1.3333333333333333       0.33333333333333331        1.3576497516752065E-003
   1.3333333333333333       0.66666666666666663        2.5904511913576729E-003
   1.3333333333333333        1.0000000000000000        3.4996907048137431E-003
   1.3333333333333333        1.3333333333333333        6.8464352698271429E-003
   1.3333333333333333        1.6666666666666665        6.0841488701542613E-003
   1.3333333333333333        2.0000000000000000        1.4820842533893994E-002
   1.3333333333333333        2.3333333333333330        1.4094133014847016E-002
   1.3333333333333333        2.6666666666666665        1.6169941889819114E-002
   1.3333333333333333        3.0000000000000000        1.7466435089897776E-002
   1.3333333333333333        3.3333333333333330        2.4539351625734351E-002
   1.3333333333333333        3.6666666666666665        4.5473849138024776E-002
   1.3333333333333333        4.0000000000000000        3.3763376697439416E-002
   1.3333333333333333        4.3333333333333330        2.9502436842781560E-002
   1.3333333333333333        4.6666666666666661        5.0141551873347984E-002
   1.3333333333333333        5.0000000000000000        4.8117359662876870E-002
   1.3333333333333333        5.3333333333333330        4.5061824564482801E-002
   1.3333333333333333        5.6666666666666661        4.8301882462384468E-002
   1.3333333333333333        6.0000000000000000        9.0395536416924951E-002
   1.3333333333333333        6.3333333333333330        8.1257502659831685E-002
   1.3333333333333333        6.6666666666666661        7.9334928491988241E-002
   1.3333333333333333        7.0000000000000000        7.4647295937404698E-002
   1.3333333333333333        7.3333333333333330        6.6170517944862589E-002
   1.3333333333333333        7.6666666666666661        1.3236590664195972E-002
   1.3333333333333333        8.0000000000000000        1.4026962972846431E-002
   1.3333333333333333        8.3333333333333321        1.3522963784162014E-002
   1.3333333333333333        8.6666666666666661        1.1810041110191887E-002
   1.3333333333333333        9.0000000000000000        1.0190938912018390E-002
   1.3333333333333333        9.3333333333333321        4.7053577953914969E-003
   1.3333333333333333        9.6666666666666661        2.1746909749539947E-003
   1.3333333333333333        10.000000000000000        0.0000000000000000     
 
   1.6666666666666665        0.0000000000000000        0.0000000000000000     
   1.6666666666666665       0.33333333333333331        2.1132232273042089E-003
   1.6666666666666665       0.66666666666666663        4.1425248833456395E-003
   1.6666666666666665        1.0000000000000000        6.0558729821414041E-003
   1.6666666666666665        1.3333333333333333        8.0864805298887354E-003
   1.6666666666666665        1.6666666666666665        1.7381569063410564E-002
   1.6666666666666665        2.0000000000000000        1.6478731030027841E-002
   1.6666666666666665        2.3333333333333330        1.7309456678947580E-002
   1.6666666666666665        2.6666666666666665        2.2373587279796391E-002
   1.6666666666666665        3.0000000000000000        4.6062201448473887E-002
   1.6666666666666665        3.3333333333333330        4.3489301625699611E-002
   1.6666666666666665        3.6666666666666665        4.7494129508037490E-002
   1.6666666666666665        4.0000000000000000        3.9770152998130241E-002
   1.6666666666666665        4.3333333333333330        3.9942248960266845E-002
   1.6666666666666665        4.6666666666666661        5.2466747596750074E-002
   1.6666666666666665        5.0000000000000000        5.3206701425628264E-002
   1.6666666666666665        5.3333333333333330        5.4586081503909839E-002
   1.6666666666666665        5.6666666666666661        6.7465258262906017E-002
   1.6666666666666665        6.0000000000000000       0.10135040807598958     
   1.6666666666666665        6.3333333333333330       0.10626743665063479     
   1.6666666666666665        6.6666666666666661       0.10486244688799433     
   1.6666666666666665        7.0000000000000000        9.8030359199083969E-002
   1.6666666666666665        7.3333333333333330        8.1183629391858164E-002
   1.6666666666666665        7.6666666666666661        1.2100793168193701E-002
   1.6666666666666665        8.0000000000000000        1.4499383276622067E-002
   1.6666666666666665        8.3333333333333321        1.8185837055549686E-002
   1.6666666666666665        8.6666666666666661        1.5470053227585491E-002
   1.6666666666666665        9.0000000000000000        1.1838468966365050E-002
   1.6666666666666665        9.3333333333333321        7.5155284472826368E-003
   1.6666666666666665        9.6666666666666661        3.1682143545817033E-003
   1.6666666666666665        10.000000000000000        0.0000000000000000     
 
   2.0000000000000000        0.0000000000000000        0.0000000000000000     
   2.0000000000000000       0.33333333333333331        3.0755537038722022E-003
   2.0000000000000000       0.66666666666666663        6.0523963046760906E-003
   2.0000000000000000        1.0000000000000000        8.8533433029545829E-003
   2.0000000000000000        1.3333333333333333        1.1852168543946533E-002
   2.0000000000000000        1.6666666666666665        1.9259613233924840E-002
   2.0000000000000000        2.0000000000000000        1.7381569063410564E-002
   2.0000000000000000        2.3333333333333330        3.3207176913364417E-002
   2.0000000000000000        2.6666666666666665        3.4827892958470032E-002
   2.0000000000000000        3.0000000000000000        5.0475803084897283E-002
   2.0000000000000000        3.3333333333333330        5.7604795730833588E-002
   2.0000000000000000        3.6666666666666665        6.3186891724254304E-002
   2.0000000000000000        4.0000000000000000       0.10136227165612650     
   2.0000000000000000        4.3333333333333330        9.6517800682940691E-002
   2.0000000000000000        4.6666666666666661        6.8805386741648641E-002
   2.0000000000000000        5.0000000000000000        5.9831280061674090E-002
   2.0000000000000000        5.3333333333333330        0.0000000000000000     
   2.0000000000000000        5.6666666666666661       0.18960229512456461     
   2.0000000000000000        6.0000000000000000       0.14298855713583838     
   2.0000000000000000        6.3333333333333330       0.13929812298890246     
   2.0000000000000000        6.6666666666666661       0.13753407653776395     
   2.0000000000000000        7.0000000000000000       0.13318833502560251     
   2.0000000000000000        7.3333333333333330        9.7219469425118884E-003
   2.0000000000000000        7.6666666666666661        1.0512167921468481E-002
   2.0000000000000000        8.0000000000000000        4.6298467193455525E-002
   2.0000000000000000        8.3333333333333321        3.0096327751026972E-002
   2.0000000000000000        8.6666666666666661        2.0805616835859547E-002
   2.0000000000000000        9.0000000000000000        1.4804271293206927E-002
   2.0000000000000000        9.3333333333333321        1.0768761905814864E-002
   2.0000000000000000        9.6666666666666661        2.1619543642637500E-003
   2.0000000000000000        10.000000000000000        0.0000000000000000     
 
   2.3333333333333330        0.0000000000000000        0.0000000000000000     
   2.3333333333333330       0.33333333333333331        4.2975283778500873E-003
   2.3333333333333330       0.66666666666666663        8.4545078522138342E-003
   2.3333333333333330        1.0000000000000000        1.1919314293404140E-002
   2.3333333333333330        1.3333333333333333        3.0749178273817856E-002
   2.3333333333333330        1.6666666666666665        3.1376871462155377E-002
   2.3333333333333330        2.0000000000000000        6.0566497499877421E-002
   2.3333333333333330        2.3333333333333330        7.2766616125383182E-002
   2.3333333333333330        2.6666666666666665        7.2106471902249725E-002
   2.3333333333333330        3.0000000000000000        6.5267129730598727E-002
   2.3333333333333330        3.3333333333333330        7.5210022430702100E-002
   2.3333333333333330        3.6666666666666665        8.6501882121731960E-002
   2.3333333333333330        4.0000000000000000       0.10403904762934590     
   2.3333333333333330        4.3333333333333330       0.12670806456603498     
   2.3333333333333330        4.6666666666666661       0.21730932461664568     
   2.3333333333333330        5.0000000000000000       0.25102000097276156     
   2.3333333333333330        5.3333333333333330       0.25434850741794846     
   2.3333333333333330        5.6666666666666661       0.23667383855419558     
   2.3333333333333330        6.0000000000000000       0.20292268447416764     
   2.3333333333333330        6.3333333333333330       0.17182307114784709     
   2.3333333333333330        6.6666666666666661       0.17423026264336341     
   2.3333333333333330        7.0000000000000000       0.16553004322627182     
   2.3333333333333330        7.3333333333333330       0.18165300490897357     
   2.3333333333333330        7.6666666666666661       0.11007305170030114     
   2.3333333333333330        8.0000000000000000        6.3731952788723248E-002
   2.3333333333333330        8.3333333333333321        3.6137003121838859E-002
   2.3333333333333330        8.6666666666666661        2.3737007526363107E-002
   2.3333333333333330        9.0000000000000000        1.6528447603627278E-002
   2.3333333333333330        9.3333333333333321        1.0556344362995620E-002
   2.3333333333333330        9.6666666666666661        4.4452549211352679E-003
   2.3333333333333330        10.000000000000000        0.0000000000000000     
 
   2.6666666666666665        0.0000000000000000        0.0000000000000000     
   2.6666666666666665       0.33333333333333331        5.8601465636388111E-003
   2.6666666666666665       0.66666666666666663        1.1936483692108001E-002
   2.6666666666666665        1.0000000000000000        1.8986084134442742E-002
   2.6666666666666665        1.3333333333333333        3.1309756999950637E-002
   2.6666666666666665        1.6666666666666665        4.5317655190184929E-002
   2.6666666666666665        2.0000000000000000        6.2353710857920422E-002
   2.6666666666666665        2.3333333333333330        7.4695681940371489E-002
   2.6666666666666665        2.6666666666666665        8.0914567656287434E-002
   2.6666666666666665        3.0000000000000000       0.10149345951397187     
   2.6666666666666665        3.3333333333333330        9.3492596437511857E-002
   2.6666666666666665        3.6666666666666665       0.10569073734998644     
   2.6666666666666665        4.0000000000000000       0.17968212681885415     
   2.6666666666666665        4.3333333333333330       0.18192136155680091     
   2.6666666666666665        4.6666666666666661       0.21871215564906563     
   2.6666666666666665        5.0000000000000000       0.25104516060978843     
   2.6666666666666665        5.3333333333333330       0.27103214228080358     
   2.6666666666666665        5.6666666666666661       0.26542896837233171     
   2.6666666666666665        6.0000000000000000       0.23442007883318630     
   2.6666666666666665        6.3333333333333330       0.25535690766236857     
   2.6666666666666665        6.6666666666666661       0.22286140246616803     
   2.6666666666666665        7.0000000000000000       0.19027798747168573     
   2.6666666666666665        7.3333333333333330       0.18309984582983313     
   2.6666666666666665        7.6666666666666661       0.15783665048675924     
   2.6666666666666665        8.0000000000000000        2.6918456621648532E-002
   2.6666666666666665        8.3333333333333321        2.8120415940810339E-002
   2.6666666666666665        8.6666666666666661        2.2448661035482778E-002
   2.6666666666666665        9.0000000000000000        1.7802007433338620E-002
   2.6666666666666665        9.3333333333333321        1.1029492362748642E-002
   2.6666666666666665        9.6666666666666661        5.3013619302920397E-003
   2.6666666666666665        10.000000000000000        0.0000000000000000     
 
   3.0000000000000000        0.0000000000000000        0.0000000000000000     
   3.0000000000000000       0.33333333333333331        7.4508095220854982E-003
   3.0000000000000000       0.66666666666666663        1.4928818411327972E-002
   3.0000000000000000        1.0000000000000000        2.1512106899187474E-002
   3.0000000000000000        1.3333333333333333        5.2857662559274703E-002
   3.0000000000000000        1.6666666666666665        5.7619976453954350E-002
   3.0000000000000000        2.0000000000000000        7.0501622441625306E-002
   3.0000000000000000        2.3333333333333330        8.4535638770418947E-002
   3.0000000000000000        2.6666666666666665        9.7756140633510041E-002
   3.0000000000000000        3.0000000000000000       0.11126280893881310     
   3.0000000000000000        3.3333333333333330       0.14774282195357971     
   3.0000000000000000        3.6666666666666665       0.13887276210270097     
   3.0000000000000000        4.0000000000000000       0.20252481863022878     
   3.0000000000000000        4.3333333333333330       0.20445594809893047     
   3.0000000000000000        4.6666666666666661       0.22559431133287552     
   3.0000000000000000        5.0000000000000000       0.26310973362275025     
   3.0000000000000000        5.3333333333333330       0.31171583898632910     
   3.0000000000000000        5.6666666666666661       0.31794514169389820     
   3.0000000000000000        6.0000000000000000       0.32967600408731723     
   3.0000000000000000        6.3333333333333330       0.28630249458017659     
   3.0000000000000000        6.6666666666666661       0.27106690024728958     
   3.0000000000000000        7.0000000000000000       0.22755695580977528     
   3.0000000000000000        7.3333333333333330       0.20369692682067658     
   3.0000000000000000        7.6666666666666661       0.18162820918177547     
   3.0000000000000000        8.0000000000000000       0.14737485758551996     
   3.0000000000000000        8.3333333333333321        2.0046159604797657E-002
   3.0000000000000000        8.6666666666666661        2.1161903388453408E-002
   3.0000000000000000        9.0000000000000000        2.2068249594198789E-002
   3.0000000000000000        9.3333333333333321        1.1112020424584703E-002
   3.0000000000000000        9.6666666666666661        6.0086549670887706E-003
   3.0000000000000000        10.000000000000000        0.0000000000000000     
 
   3.3333333333333330        0.0000000000000000        0.0000000000000000     
   3.3333333333333330       0.33333333333333331        9.2960846802253999E-003
   3.3333333333333330       0.66666666666666663        1.9361974383410165E-002
   3.3333333333333330        1.0000000000000000        3.1374911014835125E-002
   3.3333333333333330        1.3333333333333333        4.9535486107393625E-002
   3.3333333333333330        1.6666666666666665        6.3289674929447703E-002
   3.3333333333333330        2.0000000000000000        7.9080399529073905E-002
   3.3333333333333330        2.3333333333333330        9.6792628307404316E-002
   3.3333333333333330        2.6666666666666665       0.11585615229849783     
   3.3333333333333330        3.0000000000000000       0.13599345782071628     
   3.3333333333333330        3.3333333333333330       0.15759640826893787     
   3.3333333333333330        3.6666666666666665       0.16436382878872502     
   3.3333333333333330        4.0000000000000000       0.20858784193796168     
   3.3333333333333330        4.3333333333333330       0.20932157195882584     
   3.3333333333333330        4.6666666666666661       0.21687205464397033     
   3.3333333333333330        5.0000000000000000       0.43093369045884367     
   3.3333333333333330        5.3333333333333330       0.39114801033351171     
   3.3333333333333330        5.6666666666666661       0.37263093858364910     
   3.3333333333333330        6.0000000000000000       0.36827818962295117     
   3.3333333333333330        6.3333333333333330       0.33860355880932397     
   3.3333333333333330        6.6666666666666661       0.30178898065204246     
   3.3333333333333330        7.0000000000000000       0.25120498033199662     
   3.3333333333333330        7.3333333333333330       0.22302486406366545     
   3.3333333333333330        7.6666666666666661       0.18442048717513884     
   3.3333333333333330        8.0000000000000000       0.14966929111987340     
   3.3333333333333330        8.3333333333333321        8.1242772256465812E-002
   3.3333333333333330        8.6666666666666661        3.9649170635789252E-002
   3.3333333333333330        9.0000000000000000        2.8286665982893068E-002
   3.3333333333333330        9.3333333333333321        1.6733266948545593E-002
   3.3333333333333330        9.6666666666666661        7.9121821839678082E-003
   3.3333333333333330        10.000000000000000        0.0000000000000000     
 
   3.6666666666666665        0.0000000000000000        0.0000000000000000     
   3.6666666666666665       0.33333333333333331        1.0693093586957829E-002
   3.6666666666666665       0.66666666666666663        2.2482977813557237E-002
   3.6666666666666665        1.0000000000000000        3.6027520807116263E-002
   3.6666666666666665        1.3333333333333333        5.1908994266129230E-002
   3.6666666666666665        1.6666666666666665        6.8347430005377616E-002
   3.6666666666666665        2.0000000000000000        8.7186533794329807E-002
   3.6666666666666665        2.3333333333333330       0.10905381352423510     
   3.6666666666666665        2.6666666666666665       0.13403458766802706     
   3.6666666666666665        3.0000000000000000       0.16014512069597292     
   3.6666666666666665        3.3333333333333330       0.18288755327434353     
   3.6666666666666665        3.6666666666666665       0.19719759509466275     
   3.6666666666666665        4.0000000000000000       0.20876393433828708     
   3.6666666666666665        4.3333333333333330       0.20858784193796168     
   3.6666666666666665        4.6666666666666661       0.49778696862335758     
   3.6666666666666665        5.0000000000000000       0.46063321617313713     
   3.6666666666666665        5.3333333333333330       0.44135636019968832     
   3.6666666666666665        5.6666666666666661       0.40620678520321901     
   3.6666666666666665        6.0000000000000000       0.39578189597688557     
   3.6666666666666665        6.3333333333333330       0.37007898896098634     
   3.6666666666666665        6.6666666666666661       0.34268685512795755     
   3.6666666666666665        7.0000000000000000       0.28094739173085892     
   3.6666666666666665        7.3333333333333330       0.25261795595462327     
   3.6666666666666665        7.6666666666666661       0.11671107209700764     
   3.6666666666666665        8.0000000000000000       0.11915833974242994     
   3.6666666666666665        8.3333333333333321        8.3581552454989008E-002
   3.6666666666666665        8.6666666666666661        5.2467912756829438E-002
   3.6666666666666665        9.0000000000000000        3.5839821281798842E-002
   3.6666666666666665        9.3333333333333321        2.0339965518084899E-002
   3.6666666666666665        9.6666666666666661        9.2606124937430444E-003
   3.6666666666666665        10.000000000000000        0.0000000000000000     
 
   4.0000000000000000        0.0000000000000000        0.0000000000000000     
   4.0000000000000000       0.33333333333333331        1.1343014371255884E-002
   4.0000000000000000       0.66666666666666663        2.4543283892967567E-002
   4.0000000000000000        1.0000000000000000        3.9351324915808866E-002
   4.0000000000000000        1.3333333333333333        5.4983610197907512E-002
   4.0000000000000000        1.6666666666666665        7.2361525421246922E-002
   4.0000000000000000        2.0000000000000000        9.3562828027509301E-002
   4.0000000000000000        2.3333333333333330       0.11927157062956330     
   4.0000000000000000        2.6666666666666665       0.15174932511698996     
   4.0000000000000000        3.0000000000000000       0.18783958051108268     
   4.0000000000000000        3.3333333333333330       0.21640082755711651     
   4.0000000000000000        3.6666666666666665       0.23253936177593171     
   4.0000000000000000        4.0000000000000000       0.22097712734658609     
   4.0000000000000000        4.3333333333333330       0.52882223873563317     
   4.0000000000000000        4.6666666666666661       0.52099879876513533     
   4.0000000000000000        5.0000000000000000       0.52143607343742515     
   4.0000000000000000        5.3333333333333330       0.49652800330442326     
   4.0000000000000000        5.6666666666666661       0.46454789177509814     
   4.0000000000000000        6.0000000000000000       0.43019307876406843     
   4.0000000000000000        6.3333333333333330       0.39620873063024492     
   4.0000000000000000        6.6666666666666661       0.35057373864123759     
   4.0000000000000000        7.0000000000000000       0.30667582014971723     
   4.0000000000000000        7.3333333333333330       0.20861244077256477     
   4.0000000000000000        7.6666666666666661       0.14260956319922924     
   4.0000000000000000        8.0000000000000000       0.12882836700942271     
   4.0000000000000000        8.3333333333333321        9.1746714946317115E-002
   4.0000000000000000        8.6666666666666661        5.2686948887973907E-002
   4.0000000000000000        9.0000000000000000        4.3549771111572037E-002
   4.0000000000000000        9.3333333333333321        1.6426110296897931E-002
   4.0000000000000000        9.6666666666666661        9.1772465839548446E-003
   4.0000000000000000        10.000000000000000        0.0000000000000000     
 
   4.3333333333333330        0.0000000000000000        0.0000000000000000     
   4.3333333333333330       0.33333333333333331        1.0495882271510576E-002
   4.3333333333333330       0.66666666666666663        2.5731226120941097E-002
   4.3333333333333330        1.0000000000000000        4.2920031027728886E-002
   4.3333333333333330        1.3333333333333333        5.7589726974863351E-002
   4.3333333333333330        1.6666666666666665        7.3877414696601279E-002
   4.3333333333333330        2.0000000000000000        9.6611000555259979E-002
   4.3333333333333330        2.3333333333333330       0.12353286498818032     
   4.3333333333333330        2.6666666666666665       0.16596940099245838     
   4.3333333333333330        3.0000000000000000       0.22227340498414350     
   4.3333333333333330        3.3333333333333330       0.26080814992995116     
   4.3333333333333330        3.6666666666666665       0.29381106228886605     
   4.3333333333333330        4.0000000000000000       0.50480262998431602     
   4.3333333333333330        4.3333333333333330       0.52060150117266313     
   4.3333333333333330        4.6666666666666661       0.53912874064588046     
   4.3333333333333330        5.0000000000000000       0.53021435702111219     
   4.3333333333333330        5.3333333333333330       0.51228788535011571     
   4.3333333333333330        5.6666666666666661       0.48625581403632367     
   4.3333333333333330        6.0000000000000000       0.45368180758152410     
   4.3333333333333330        6.3333333333333330       0.42536939254889644     
   4.3333333333333330        6.6666666666666661       0.33484967441374419     
   4.3333333333333330        7.0000000000000000       0.28442714661482221     
   4.3333333333333330        7.3333333333333330       0.20825150714428572     
   4.3333333333333330        7.6666666666666661       0.15791012931323939     
   4.3333333333333330        8.0000000000000000       0.12655076702320464     
   4.3333333333333330        8.3333333333333321        9.3703141208720572E-002
   4.3333333333333330        8.6666666666666661        6.3395384088233225E-002
   4.3333333333333330        9.0000000000000000        4.3546809553213099E-002
   4.3333333333333330        9.3333333333333321        2.4281549618373224E-002
   4.3333333333333330        9.6666666666666661        1.1378962403185694E-002
   4.3333333333333330        10.000000000000000        0.0000000000000000     
 
   4.6666666666666661        0.0000000000000000        0.0000000000000000     
   4.6666666666666661       0.33333333333333331        5.2401300032102801E-003
   4.6666666666666661       0.66666666666666663        4.8648506250032364E-002
   4.6666666666666661        1.0000000000000000        5.0182002983687364E-002
   4.6666666666666661        1.3333333333333333        5.9926923850276537E-002
   4.6666666666666661        1.6666666666666665        7.0307462874836815E-002
   4.6666666666666661        2.0000000000000000       0.10554852767871739     
   4.6666666666666661        2.3333333333333330       0.11301615306055726     
   4.6666666666666661        2.6666666666666665       0.27601845642059608     
   4.6666666666666661        3.0000000000000000       0.27244393101734682     
   4.6666666666666661        3.3333333333333330       0.30732049961303148     
   4.6666666666666661        3.6666666666666665       0.38333526642326526     
   4.6666666666666661        4.0000000000000000       0.47394435259009010     
   4.6666666666666661        4.3333333333333330       0.51235204187133088     
   4.6666666666666661        4.6666666666666661       0.53078922573351361     
   4.6666666666666661        5.0000000000000000       0.53129937100599811     
   4.6666666666666661        5.3333333333333330       0.52056283574540518     
   4.6666666666666661        5.6666666666666661       0.50048275710615697     
   4.6666666666666661        6.0000000000000000       0.46085368665754839     
   4.6666666666666661        6.3333333333333330       0.41581652925754869     
   4.6666666666666661        6.6666666666666661       0.37938945413984426     
   4.6666666666666661        7.0000000000000000       0.18077344953222615     
   4.6666666666666661        7.3333333333333330       0.18148081918146564     
   4.6666666666666661        7.6666666666666661       0.15517141556142144     
   4.6666666666666661        8.0000000000000000       0.12732015997551913     
   4.6666666666666661        8.3333333333333321        9.4863054937185970E-002
   4.6666666666666661        8.6666666666666661        6.5232586309154489E-002
   4.6666666666666661        9.0000000000000000        4.4267284567625458E-002
   4.6666666666666661        9.3333333333333321        2.6588627983930802E-002
   4.6666666666666661        9.6666666666666661        1.2466792090303689E-002
   4.6666666666666661        10.000000000000000        0.0000000000000000     
 
   5.0000000000000000        0.0000000000000000        0.0000000000000000     
   5.0000000000000000       0.33333333333333331        5.3988393259268800E-003
   5.0000000000000000       0.66666666666666663        4.1515957634070816E-002
   5.0000000000000000        1.0000000000000000        5.0653955368132657E-002
   5.0000000000000000        1.3333333333333333        6.3098293412628140E-002
   5.0000000000000000        1.6666666666666665        7.8611008638042310E-002
   5.0000000000000000        2.0000000000000000        9.9484258640972573E-002
   5.0000000000000000        2.3333333333333330       0.11116406752877066     
   5.0000000000000000        2.6666666666666665       0.28394519212868985     
   5.0000000000000000        3.0000000000000000       0.28054079021228595     
   5.0000000000000000        3.3333333333333330       0.46174501685028563     
   5.0000000000000000        3.6666666666666665       0.44932114161369907     
   5.0000000000000000        4.0000000000000000       0.48184669965897309     
   5.0000000000000000        4.3333333333333330       0.50859579344633654     
   5.0000000000000000        4.6666666666666661       0.52372574235077707     
   5.0000000000000000        5.0000000000000000       0.52689063989450458     
   5.0000000000000000        5.3333333333333330       0.52205280774754870     
   5.0000000000000000        5.6666666666666661       0.51931499697395345     
   5.0000000000000000        6.0000000000000000       0.39023098546633928     
   5.0000000000000000        6.3333333333333330       0.38763374089266789     
   5.0000000000000000        6.6666666666666661       0.29644449973584891     
   5.0000000000000000        7.0000000000000000       0.20569075938285727     
   5.0000000000000000        7.3333333333333330       0.18216140659131080     
   5.0000000000000000        7.6666666666666661       0.15500347366008163     
   5.0000000000000000        8.0000000000000000       0.13416996135970047     
   5.0000000000000000        8.3333333333333321        7.0385087228126295E-002
   5.0000000000000000        8.6666666666666661        5.9985787817179136E-002
   5.0000000000000000        9.0000000000000000        4.2994141834115804E-002
   5.0000000000000000        9.3333333333333321        2.6211732611444691E-002
   5.0000000000000000        9.6666666666666661        1.2338456636228984E-002
   5.0000000000000000        10.000000000000000        0.0000000000000000     
 
   5.3333333333333330        0.0000000000000000        0.0000000000000000     
   5.3333333333333330       0.33333333333333331        1.1136526471610370E-002
   5.3333333333333330       0.66666666666666663        3.3623627483422056E-002
   5.3333333333333330        1.0000000000000000        4.9216797503680028E-002
   5.3333333333333330        1.3333333333333333        6.4691660338935100E-002
   5.3333333333333330        1.6666666666666665        8.3063990917969371E-002
   5.3333333333333330        2.0000000000000000       0.10404121971485339     
   5.3333333333333330        2.3333333333333330       0.12226743944766695     
   5.3333333333333330        2.6666666666666665       0.25373332327087939     
   5.3333333333333330        3.0000000000000000       0.28170306571828818     
   5.3333333333333330        3.3333333333333330       0.44055054361825352     
   5.3333333333333330        3.6666666666666665       0.45853645991500563     
   5.3333333333333330        4.0000000000000000       0.48197559186122985     
   5.3333333333333330        4.3333333333333330       0.50138298110797630     
   5.3333333333333330        4.6666666666666661       0.51256378299570371     
   5.3333333333333330        5.0000000000000000       0.51410966567511918     
   5.3333333333333330        5.3333333333333330       0.50525951372746092     
   5.3333333333333330        5.6666666666666661       0.40588954668039173     
   5.3333333333333330        6.0000000000000000       0.38425798533147726     
   5.3333333333333330        6.3333333333333330       0.34834943716629480     
   5.3333333333333330        6.6666666666666661       0.29251875506045905     
   5.3333333333333330        7.0000000000000000       0.22880003960655693     
   5.3333333333333330        7.3333333333333330       0.18680555320595871     
   5.3333333333333330        7.6666666666666661       0.14952805863457111     
   5.3333333333333330        8.0000000000000000       0.12159288254965218     
   5.3333333333333330        8.3333333333333321        8.2566738953663024E-002
   5.3333333333333330        8.6666666666666661        6.2956824060079158E-002
   5.3333333333333330        9.0000000000000000        4.2814930297421949E-002
   5.3333333333333330        9.3333333333333321        2.3804150008424792E-002
   5.3333333333333330        9.6666666666666661        1.1116542178438505E-002
   5.3333333333333330        10.000000000000000        0.0000000000000000     
 
   5.6666666666666661        0.0000000000000000        0.0000000000000000     
   5.6666666666666661       0.33333333333333331        5.8770483904154779E-003
   5.6666666666666661       0.66666666666666663        1.4224623128199242E-002
   5.6666666666666661        1.0000000000000000        4.4829217159836406E-002
   5.6666666666666661        1.3333333333333333        6.4839625964977540E-002
   5.6666666666666661        1.6666666666666665        8.6387583677485558E-002
   5.6666666666666661        2.0000000000000000       0.11269515499446549     
   5.6666666666666661        2.3333333333333330       0.15261758226925137     
   5.6666666666666661        2.6666666666666665       0.22315004137356798     
   5.6666666666666661        3.0000000000000000       0.30718837383039171     
   5.6666666666666661        3.3333333333333330       0.41184707684368976     
   5.6666666666666661        3.6666666666666665       0.45049562323407488     
   5.6666666666666661        4.0000000000000000       0.47299103429707362     
   5.6666666666666661        4.3333333333333330       0.48805554833539394     
   5.6666666666666661        4.6666666666666661       0.49588003437860290     
   5.6666666666666661        5.0000000000000000       0.49626653447160329     
   5.6666666666666661        5.3333333333333330       0.46453729951710643     
   5.6666666666666661        5.6666666666666661       0.41807827757882160     
   5.6666666666666661        6.0000000000000000       0.32517719083994306     
   5.6666666666666661        6.3333333333333330       0.32240257375306841     
   5.6666666666666661        6.6666666666666661       0.23463800086596459     
   5.6666666666666661        7.0000000000000000       0.18188512441294466     
   5.6666666666666661        7.3333333333333330       0.13913355217315779     
   5.6666666666666661        7.6666666666666661       0.13576185346490252     
   5.6666666666666661        8.0000000000000000        8.3343737818736080E-002
   5.6666666666666661        8.3333333333333321        7.7108437121305870E-002
   5.6666666666666661        8.6666666666666661        6.8152629063680983E-002
   5.6666666666666661        9.0000000000000000        1.5208353982214162E-002
   5.6666666666666661        9.3333333333333321        1.5904415852998392E-002
   5.6666666666666661        9.6666666666666661        8.7400548284509282E-003
   5.6666666666666661        10.000000000000000        0.0000000000000000     
 
   6.0000000000000000        0.0000000000000000        0.0000000000000000     
   6.0000000000000000       0.33333333333333331        6.7037640106051150E-003
   6.0000000000000000       0.66666666666666663        1.4806403916116959E-002
   6.0000000000000000        1.0000000000000000        2.5967997258583113E-002
   6.0000000000000000        1.3333333333333333        0.0000000000000000     
   6.0000000000000000        1.6666666666666665       0.10688829571671546     
   6.0000000000000000        2.0000000000000000       0.10901738260373310     
   6.0000000000000000        2.3333333333333330       0.15563893271810086     
   6.0000000000000000        2.6666666666666665       0.17736946418227995     
   6.0000000000000000        3.0000000000000000       0.45024109640985688     
   6.0000000000000000        3.3333333333333330       0.43991687002753055     
   6.0000000000000000        3.6666666666666665       0.44758907373681728     
   6.0000000000000000        4.0000000000000000       0.45919470680501445     
   6.0000000000000000        4.3333333333333330       0.46875815855584302     
   6.0000000000000000        4.6666666666666661       0.47275696011003865     
   6.0000000000000000        5.0000000000000000       0.42906269240750700     
   6.0000000000000000        5.3333333333333330       0.42588543387571898     
   6.0000000000000000        5.6666666666666661       0.37363914283827454     
   6.0000000000000000        6.0000000000000000       0.32247783152898019     
   6.0000000000000000        6.3333333333333330       0.28829877429752426     
   6.0000000000000000        6.6666666666666661       0.23297619431190539     
   6.0000000000000000        7.0000000000000000       0.18205464077670105     
   6.0000000000000000        7.3333333333333330       0.14385083009882754     
   6.0000000000000000        7.6666666666666661       0.12001993518125355     
   6.0000000000000000        8.0000000000000000        9.1608585726707562E-002
   6.0000000000000000        8.3333333333333321        7.6336129821369128E-002
   6.0000000000000000        8.6666666666666661        6.6305089919861199E-002
   6.0000000000000000        9.0000000000000000        2.3853594216817469E-002
   6.0000000000000000        9.3333333333333321        1.6525215650252046E-002
   6.0000000000000000        9.6666666666666661        8.3053739302455416E-003
   6.0000000000000000        10.000000000000000        0.0000000000000000     
 
   6.3333333333333330        0.0000000000000000        0.0000000000000000     
   6.3333333333333330       0.33333333333333331        6.3920018558922681E-003
   6.3333333333333330       0.66666666666666663        1.2879325259684807E-002
   6.3333333333333330        1.0000000000000000        1.9081733175453322E-002
   6.3333333333333330        1.3333333333333333        5.7234163808915724E-002
   6.3333333333333330        1.6666666666666665        9.4228826819411707E-002
   6.3333333333333330        2.0000000000000000       0.10937802407353564     
   6.3333333333333330        2.3333333333333330       0.13505050012605535     
   6.3333333333333330        2.6666666666666665       0.15364952166591589     
   6.3333333333333330        3.0000000000000000       0.17260923888795171     
   6.3333333333333330        3.3333333333333330       0.43958124004617100     
   6.3333333333333330        3.6666666666666665       0.43036412299870214     
   6.3333333333333330        4.0000000000000000       0.43637175543206130     
   6.3333333333333330        4.3333333333333330       0.44328763246084796     
   6.3333333333333330        4.6666666666666661       0.44150011752713353     
   6.3333333333333330        5.0000000000000000       0.42205693174212627     
   6.3333333333333330        5.3333333333333330       0.31801143547465460     
   6.3333333333333330        5.6666666666666661       0.32019636846860311     
   6.3333333333333330        6.0000000000000000       0.29733648816575747     
   6.3333333333333330        6.3333333333333330       0.27135194498987281     
   6.3333333333333330        6.6666666666666661       0.22512623234203002     
   6.3333333333333330        7.0000000000000000       0.16947857647239861     
   6.3333333333333330        7.3333333333333330       0.13526490463764182     
   6.3333333333333330        7.6666666666666661       0.11042128625800317     
   6.3333333333333330        8.0000000000000000        8.8646786549866088E-002
   6.3333333333333330        8.3333333333333321        7.2293663816877324E-002
   6.3333333333333330        8.6666666666666661        5.6347704523356378E-002
   6.3333333333333330        9.0000000000000000        3.2172980788997010E-002
   6.3333333333333330        9.3333333333333321        1.8746712018553744E-002
   6.3333333333333330        9.6666666666666661        8.3230978365836771E-003
   6.3333333333333330        10.000000000000000        0.0000000000000000     
 
   6.6666666666666661        0.0000000000000000        0.0000000000000000     
   6.6666666666666661       0.33333333333333331        6.2522464703854558E-003
   6.6666666666666661       0.66666666666666663        1.1749158577429983E-002
   6.6666666666666661        1.0000000000000000        4.6379243034333162E-002
   6.6666666666666661        1.3333333333333333        5.9498466663696542E-002
   6.6666666666666661        1.6666666666666665        8.1388691110919495E-002
   6.6666666666666661        2.0000000000000000       0.10132213324870075     
   6.6666666666666661        2.3333333333333330       0.12325690924813812     
   6.6666666666666661        2.6666666666666665       0.14986017974083685     
   6.6666666666666661        3.0000000000000000       0.17437160332275778     
   6.6666666666666661        3.3333333333333330       0.32609042174627068     
   6.6666666666666661        3.6666666666666665       0.38884743300634794     
   6.6666666666666661        4.0000000000000000       0.40312136295372047     
   6.6666666666666661        4.3333333333333330       0.41645549141375898     
   6.6666666666666661        4.6666666666666661       0.41765121707037356     
   6.6666666666666661        5.0000000000000000       0.38608573647460603     
   6.6666666666666661        5.3333333333333330       0.31074886854326222     
   6.6666666666666661        5.6666666666666661       0.28647468071635185     
   6.6666666666666661        6.0000000000000000       0.27097876225135703     
   6.6666666666666661        6.3333333333333330       0.16424662396235190     
   6.6666666666666661        6.6666666666666661       0.13505498511689398     
   6.6666666666666661        7.0000000000000000       0.13573199827085852     
   6.6666666666666661        7.3333333333333330       0.11850340703739140     
   6.6666666666666661        7.6666666666666661        9.9421325413946424E-002
   6.6666666666666661        8.0000000000000000        8.2164751024223881E-002
   6.6666666666666661        8.3333333333333321        6.9763351552666164E-002
   6.6666666666666661        8.6666666666666661        3.4043849950814026E-002
   6.6666666666666661        9.0000000000000000        3.0963017310435506E-002
   6.6666666666666661        9.3333333333333321        1.1843095463582554E-002
   6.6666666666666661        9.6666666666666661        6.6134018304161929E-003
   6.6666666666666661        10.000000000000000        0.0000000000000000     
 
   7.0000000000000000        0.0000000000000000        0.0000000000000000     
   7.0000000000000000       0.33333333333333331        7.1507247705685992E-003
   7.0000000000000000       0.66666666666666663        1.6634261383774100E-002
   7.0000000000000000        1.0000000000000000        3.5094199811211889E-002
   7.0000000000000000        1.3333333333333333        5.5131718755012736E-002
   7.0000000000000000        1.6666666666666665        7.2820707086254169E-002
   7.0000000000000000        2.0000000000000000        9.3537494649033562E-002
   7.0000000000000000        2.3333333333333330       0.10886325435750339     
   7.0000000000000000        2.6666666666666665       0.17539722368463115     
   7.0000000000000000        3.0000000000000000       0.20206653726897955     
   7.0000000000000000        3.3333333333333330       0.25917790506884381     
   7.0000000000000000        3.6666666666666665       0.32536785108016297     
   7.0000000000000000        4.0000000000000000       0.36317457797155828     
   7.0000000000000000        4.3333333333333330       0.39331636710989804     
   7.0000000000000000        4.6666666666666661       0.15141870376855240     
   7.0000000000000000        5.0000000000000000       0.22288213331141588     
   7.0000000000000000        5.3333333333333330       0.24766751157822200     
   7.0000000000000000        5.6666666666666661       0.24012563939888587     
   7.0000000000000000        6.0000000000000000       0.22588414641012877     
   7.0000000000000000        6.3333333333333330       0.16499689817130331     
   7.0000000000000000        6.6666666666666661       0.13582431100092601     
   7.0000000000000000        7.0000000000000000       0.12117970208271449     
   7.0000000000000000        7.3333333333333330       0.10517886752520846     
   7.0000000000000000        7.6666666666666661        8.8416812206044290E-002
   7.0000000000000000        8.0000000000000000        7.2757343388175050E-002
   7.0000000000000000        8.3333333333333321        5.6753252907151823E-002
   7.0000000000000000        8.6666666666666661        3.8552206365275017E-002
   7.0000000000000000        9.0000000000000000        2.7976263192107376E-002
   7.0000000000000000        9.3333333333333321        1.7664265561427882E-002
   7.0000000000000000        9.6666666666666661        2.4625432729592522E-003
   7.0000000000000000        10.000000000000000        0.0000000000000000     
 
   7.3333333333333330        0.0000000000000000        0.0000000000000000     
   7.3333333333333330       0.33333333333333331        6.0490284470825573E-003
   7.3333333333333330       0.66666666666666663        1.3278064030912765E-002
   7.3333333333333330        1.0000000000000000        2.3660135309425123E-002
   7.3333333333333330        1.3333333333333333        5.7598603219257916E-002
   7.3333333333333330        1.6666666666666665        6.3593775128352931E-002
   7.3333333333333330        2.0000000000000000        9.4980174370189435E-002
   7.3333333333333330        2.3333333333333330       0.11214079409878784     
   7.3333333333333330        2.6666666666666665       0.14996036238205818     
   7.3333333333333330        3.0000000000000000       0.19981389306333242     
   7.3333333333333330        3.3333333333333330       0.24791565787549982     
   7.3333333333333330        3.6666666666666665       0.28379886146132083     
   7.3333333333333330        4.0000000000000000       0.32536785108016297     
   7.3333333333333330        4.3333333333333330       0.15141870376855240     
   7.3333333333333330        4.6666666666666661       0.15281368293483347     
   7.3333333333333330        5.0000000000000000       0.19688892478518924     
   7.3333333333333330        5.3333333333333330       0.21466777819707403     
   7.3333333333333330        5.6666666666666661       0.19841309407431837     
   7.3333333333333330        6.0000000000000000       0.12770815602413099     
   7.3333333333333330        6.3333333333333330       0.13458522992200028     
   7.3333333333333330        6.6666666666666661       0.12346417468932554     
   7.3333333333333330        7.0000000000000000       0.10964968284354455     
   7.3333333333333330        7.3333333333333330        9.4452822991577742E-002
   7.3333333333333330        7.6666666666666661        7.8230893859922906E-002
   7.3333333333333330        8.0000000000000000        6.5606157756785174E-002
   7.3333333333333330        8.3333333333333321        4.7709460489178485E-002
   7.3333333333333330        8.6666666666666661        3.6915012832731894E-002
   7.3333333333333330        9.0000000000000000        2.5925150699711887E-002
   7.3333333333333330        9.3333333333333321        1.4007459534184851E-002
   7.3333333333333330        9.6666666666666661        5.0585672548980999E-003
   7.3333333333333330        10.000000000000000        0.0000000000000000     
 
   7.6666666666666661        0.0000000000000000        0.0000000000000000     
   7.6666666666666661       0.33333333333333331        4.0650923189590399E-003
   7.6666666666666661       0.66666666666666663        7.3947749520927326E-003
   7.6666666666666661        1.0000000000000000        5.1552803505784901E-002
   7.6666666666666661        1.3333333333333333        5.4272538145293751E-002
   7.6666666666666661        1.6666666666666665        6.2959065435735859E-002
   7.6666666666666661        2.0000000000000000        8.0415732060045861E-002
   7.6666666666666661        2.3333333333333330        9.7114972959249146E-002
   7.6666666666666661        2.6666666666666665       0.11417656277460575     
   7.6666666666666661        3.0000000000000000       0.10591171780568182     
   7.6666666666666661        3.3333333333333330       0.18452313056856184     
   7.6666666666666661        3.6666666666666665       0.23437449486594264     
   7.6666666666666661        4.0000000000000000        5.1769712327589798E-002
   7.6666666666666661        4.3333333333333330        9.5065562951779578E-002
   7.6666666666666661        4.6666666666666661       0.11269552855172643     
   7.6666666666666661        5.0000000000000000        8.3706096785465131E-002
   7.6666666666666661        5.3333333333333330       0.13866590670734188     
   7.6666666666666661        5.6666666666666661       0.13975986890131409     
   7.6666666666666661        6.0000000000000000       0.12239781644535810     
   7.6666666666666661        6.3333333333333330       0.12360645467412112     
   7.6666666666666661        6.6666666666666661       0.11552617544566339     
   7.6666666666666661        7.0000000000000000       0.10144361908376252     
   7.6666666666666661        7.3333333333333330        8.6743045585709957E-002
   7.6666666666666661        7.6666666666666661        6.6393574981786579E-002
   7.6666666666666661        8.0000000000000000        2.9814755047586409E-002
   7.6666666666666661        8.3333333333333321        3.3210463481499801E-002
   7.6666666666666661        8.6666666666666661        1.4561491653172361E-002
   7.6666666666666661        9.0000000000000000        8.3396758703453543E-003
   7.6666666666666661        9.3333333333333321        8.0582651693763170E-003
   7.6666666666666661        9.6666666666666661        4.0272194287429000E-003
   7.6666666666666661        10.000000000000000        0.0000000000000000     
 
   8.0000000000000000        0.0000000000000000        0.0000000000000000     
   8.0000000000000000       0.33333333333333331        3.0371419181162065E-003
   8.0000000000000000       0.66666666666666663        5.2332084620230193E-003
   8.0000000000000000        1.0000000000000000        4.5113400145322183E-002
   8.0000000000000000        1.3333333333333333        4.7617347850730962E-002
   8.0000000000000000        1.6666666666666665        5.6185314596087554E-002
   8.0000000000000000        2.0000000000000000        6.9257097103682774E-002
   8.0000000000000000        2.3333333333333330        8.4305229177346730E-002
   8.0000000000000000        2.6666666666666665        9.7860019370967513E-002
   8.0000000000000000        3.0000000000000000       0.10890147475934231     
   8.0000000000000000        3.3333333333333330       0.13571574434074546     
   8.0000000000000000        3.6666666666666665        5.1769712327589798E-002
   8.0000000000000000        4.0000000000000000        5.3937245622358153E-002
   8.0000000000000000        4.3333333333333330        7.9639724139003484E-002
   8.0000000000000000        4.6666666666666661        9.2183269741244203E-002
   8.0000000000000000        5.0000000000000000        8.6588389996000464E-002
   8.0000000000000000        5.3333333333333330        8.5281288343955888E-002
   8.0000000000000000        5.6666666666666661       0.10046639934695135     
   8.0000000000000000        6.0000000000000000       0.10001228576921688     
   8.0000000000000000        6.3333333333333330        0.0000000000000000     
   8.0000000000000000        6.6666666666666661        9.3231818553500004E-002
   8.0000000000000000        7.0000000000000000        9.6038784583228315E-002
   8.0000000000000000        7.3333333333333330        2.7770479184126996E-002
   8.0000000000000000        7.6666666666666661        3.6044146835355013E-002
   8.0000000000000000        8.0000000000000000        2.7776247238883087E-002
   8.0000000000000000        8.3333333333333321        2.3508481988988219E-002
   8.0000000000000000        8.6666666666666661        1.5446285407710246E-002
   8.0000000000000000        9.0000000000000000        9.1392678952621955E-003
   8.0000000000000000        9.3333333333333321        6.3181293782225848E-003
   8.0000000000000000        9.6666666666666661        3.2254033374826234E-003
   8.0000000000000000        10.000000000000000        0.0000000000000000     
 
   8.3333333333333321        0.0000000000000000        0.0000000000000000     
   8.3333333333333321       0.33333333333333331        3.0357542508313226E-003
   8.3333333333333321       0.66666666666666663        5.5842180130465449E-003
   8.3333333333333321        1.0000000000000000        2.7517869570412336E-002
   8.3333333333333321        1.3333333333333333        3.7336463484361593E-002
   8.3333333333333321        1.6666666666666665        4.7432642137361258E-002
   8.3333333333333321        2.0000000000000000        5.8753022484402104E-002
   8.3333333333333321        2.3333333333333330        7.5702389199906767E-002
   8.3333333333333321        2.6666666666666665        8.6791405455988901E-002
   8.3333333333333321        3.0000000000000000        9.8882083206072877E-002
   8.3333333333333321        3.3333333333333330       0.11596392619529799     
   8.3333333333333321        3.6666666666666665        3.2976057934804355E-002
   8.3333333333333321        4.0000000000000000        3.4651344909075343E-002
   8.3333333333333321        4.3333333333333330        1.3063881400451024E-002
   8.3333333333333321        4.6666666666666661        1.1208969499485787E-002
   8.3333333333333321        5.0000000000000000        6.9903533577868382E-002
   8.3333333333333321        5.3333333333333330        7.1838079295737850E-002
   8.3333333333333321        5.6666666666666661        7.8350004981689869E-002
   8.3333333333333321        6.0000000000000000        7.8803397196473737E-002
   8.3333333333333321        6.3333333333333330        3.6661255605831854E-002
   8.3333333333333321        6.6666666666666661        0.0000000000000000     
   8.3333333333333321        7.0000000000000000        1.7496380260016119E-002
   8.3333333333333321        7.3333333333333330        2.0726847396505144E-002
   8.3333333333333321        7.6666666666666661        2.3611109319959300E-002
   8.3333333333333321        8.0000000000000000        2.2999257989319483E-002
   8.3333333333333321        8.3333333333333321        1.8740044583303517E-002
   8.3333333333333321        8.6666666666666661        7.1562256170519438E-003
   8.3333333333333321        9.0000000000000000        7.0216749767376433E-003
   8.3333333333333321        9.3333333333333321        5.2485335786223511E-003
   8.3333333333333321        9.6666666666666661        2.7620267958560277E-003
   8.3333333333333321        10.000000000000000        0.0000000000000000     
 
   8.6666666666666661        0.0000000000000000        0.0000000000000000     
   8.6666666666666661       0.33333333333333331        3.7225540535711652E-003
   8.6666666666666661       0.66666666666666663        8.8487212009189502E-003
   8.6666666666666661        1.0000000000000000        1.9308948644926490E-002
   8.6666666666666661        1.3333333333333333        2.8788693542892371E-002
   8.6666666666666661        1.6666666666666665        3.9755492210965700E-002
   8.6666666666666661        2.0000000000000000        4.5124356364121695E-002
   8.6666666666666661        2.3333333333333330        6.2118633593651752E-002
   8.6666666666666661        2.6666666666666665        7.7579866888902477E-002
   8.6666666666666661        3.0000000000000000        8.6740605514082358E-002
   8.6666666666666661        3.3333333333333330        0.0000000000000000     
   8.6666666666666661        3.6666666666666665        1.3608157334012034E-002
   8.6666666666666661        4.0000000000000000        1.8675768153941900E-002
   8.6666666666666661        4.3333333333333330        1.4048424602844530E-002
   8.6666666666666661        4.6666666666666661        1.2148700674662227E-002
   8.6666666666666661        5.0000000000000000        5.3859561216681506E-002
   8.6666666666666661        5.3333333333333330        5.5608284030852335E-002
   8.6666666666666661        5.6666666666666661        6.4003829382850375E-002
   8.6666666666666661        6.0000000000000000        5.9736916856703966E-002
   8.6666666666666661        6.3333333333333330        3.7982183375292036E-002
   8.6666666666666661        6.6666666666666661        1.3978216834238123E-002
   8.6666666666666661        7.0000000000000000        1.5227549679779861E-002
   8.6666666666666661        7.3333333333333330        1.5069330264011012E-002
   8.6666666666666661        7.6666666666666661        1.5780390322912154E-002
   8.6666666666666661        8.0000000000000000        8.9260626005255254E-003
   8.6666666666666661        8.3333333333333321        1.0698845516021278E-002
   8.6666666666666661        8.6666666666666661        7.7995629081541269E-003
   8.6666666666666661        9.0000000000000000        2.6572413784276112E-003
   8.6666666666666661        9.3333333333333321        1.5991702154533765E-003
   8.6666666666666661        9.6666666666666661        0.0000000000000000     
   8.6666666666666661        10.000000000000000        0.0000000000000000     
 
   9.0000000000000000        0.0000000000000000        0.0000000000000000     
   9.0000000000000000       0.33333333333333331        3.2559833582004732E-003
   9.0000000000000000       0.66666666666666663        7.3514143485719687E-003
   9.0000000000000000        1.0000000000000000        1.3253754776459544E-002
   9.0000000000000000        1.3333333333333333        2.0393364799785315E-002
   9.0000000000000000        1.6666666666666665        2.4833712706491970E-002
   9.0000000000000000        2.0000000000000000        3.9100537478870281E-002
   9.0000000000000000        2.3333333333333330        4.9391628090467495E-002
   9.0000000000000000        2.6666666666666665        9.7498340746312066E-004
   9.0000000000000000        3.0000000000000000        1.6507407620072162E-003
   9.0000000000000000        3.3333333333333330        6.2775437859099760E-003
   9.0000000000000000        3.6666666666666665        9.4170673351744710E-003
   9.0000000000000000        4.0000000000000000        1.3498743786833184E-002
   9.0000000000000000        4.3333333333333330        1.3301553787864101E-002
   9.0000000000000000        4.6666666666666661        1.0920615460001267E-003
   9.0000000000000000        5.0000000000000000        3.3094526071516035E-002
   9.0000000000000000        5.3333333333333330        3.4366241903449377E-002
   9.0000000000000000        5.6666666666666661        1.1664076688800590E-002
   9.0000000000000000        6.0000000000000000        1.4124688969127282E-002
   9.0000000000000000        6.3333333333333330        1.8794906449501440E-002
   9.0000000000000000        6.6666666666666661        1.3500665467587800E-002
   9.0000000000000000        7.0000000000000000        7.5436639323553161E-003
   9.0000000000000000        7.3333333333333330        9.3746444996308034E-003
   9.0000000000000000        7.6666666666666661        9.5049276675024698E-003
   9.0000000000000000        8.0000000000000000        7.7445438935907895E-003
   9.0000000000000000        8.3333333333333321        7.9951384564714810E-003
   9.0000000000000000        8.6666666666666661        6.0808474366049808E-003
   9.0000000000000000        9.0000000000000000        2.8831123539945127E-003
   9.0000000000000000        9.3333333333333321        1.7469412411662783E-003
   9.0000000000000000        9.6666666666666661        1.4280883181642031E-004
   9.0000000000000000        10.000000000000000        0.0000000000000000     
 
   9.3333333333333321        0.0000000000000000        0.0000000000000000     
   9.3333333333333321       0.33333333333333331        2.1747512458607488E-003
   9.3333333333333321       0.66666666666666663        4.5391841706684160E-003
   9.3333333333333321        1.0000000000000000        6.8102609450305749E-003
   9.3333333333333321        1.3333333333333333        7.5752434292516496E-003
   9.3333333333333321        1.6666666666666665        1.1974059017715812E-002
   9.3333333333333321        2.0000000000000000        1.4874414804885226E-003
   9.3333333333333321        2.3333333333333330        8.8489164969706032E-004
   9.3333333333333321        2.6666666666666665        1.0658125797454417E-003
   9.3333333333333321        3.0000000000000000        1.7956480951215657E-003
   9.3333333333333321        3.3333333333333330        3.5970075825886281E-003
   9.3333333333333321        3.6666666666666665        4.9318144992132789E-003
   9.3333333333333321        4.0000000000000000        0.0000000000000000     
   9.3333333333333321        4.3333333333333330        8.9674951806762652E-004
   9.3333333333333321        4.6666666666666661        1.1585108681900756E-003
   9.3333333333333321        5.0000000000000000        9.8065146287136199E-003
   9.3333333333333321        5.3333333333333330        1.5597462997754226E-002
   9.3333333333333321        5.6666666666666661        1.2258637636961283E-002
   9.3333333333333321        6.0000000000000000        1.0088209387575623E-002
   9.3333333333333321        6.3333333333333330        1.0336927368336087E-002
   9.3333333333333321        6.6666666666666661        8.3931546597687742E-003
   9.3333333333333321        7.0000000000000000        6.1830755481163888E-003
   9.3333333333333321        7.3333333333333330        5.9453407702236829E-003
   9.3333333333333321        7.6666666666666661        5.6944288508790127E-003
   9.3333333333333321        8.0000000000000000        5.0647352295329290E-003
   9.3333333333333321        8.3333333333333321        7.7864671097416119E-004
   9.3333333333333321        8.6666666666666661        8.7739818947537250E-004
   9.3333333333333321        9.0000000000000000        1.2769982575751902E-003
   9.3333333333333321        9.3333333333333321        9.1008034861800194E-004
   9.3333333333333321        9.6666666666666661        2.9900112788224377E-004
   9.3333333333333321        10.000000000000000        0.0000000000000000     
 
   9.6666666666666661        0.0000000000000000        0.0000000000000000     
   9.6666666666666661       0.33333333333333331        1.0585332068235153E-003
   9.6666666666666661       0.66666666666666663        2.1362633167692322E-003
   9.6666666666666661        1.0000000000000000        3.0997090835006499E-003
   9.6666666666666661        1.3333333333333333        3.6678388563216109E-003
   9.6666666666666661        1.6666666666666665        4.2421786499409484E-003
   9.6666666666666661        2.0000000000000000        1.5996380132167246E-003
   9.6666666666666661        2.3333333333333330        7.8091350335487031E-004
   9.6666666666666661        2.6666666666666665        7.0112302502519470E-004
   9.6666666666666661        3.0000000000000000        1.0173465453733779E-003
   9.6666666666666661        3.3333333333333330        1.6566391025030645E-003
   9.6666666666666661        3.6666666666666665        2.1418825788788146E-003
   9.6666666666666661        4.0000000000000000        3.3394219625638126E-004
   9.6666666666666661        4.3333333333333330        6.8644699579097296E-004
   9.6666666666666661        4.6666666666666661        1.5516740790669449E-003
   9.6666666666666661        5.0000000000000000        4.4368500040170645E-003
   9.6666666666666661        5.3333333333333330        6.5852073139291466E-003
   9.6666666666666661        5.6666666666666661        2.0032517733399396E-003
   9.6666666666666661        6.0000000000000000        4.1099420411384721E-003
   9.6666666666666661        6.3333333333333330        4.5519024777452488E-003
   9.6666666666666661        6.6666666666666661        3.9873979561502165E-003
   9.6666666666666661        7.0000000000000000        3.2198052691655935E-003
   9.6666666666666661        7.3333333333333330        2.9022701965058205E-003
   9.6666666666666661        7.6666666666666661        2.6298586202285800E-003
   9.6666666666666661        8.0000000000000000        2.0977219448659523E-003
   9.6666666666666661        8.3333333333333321        8.4176259747491191E-004
   9.6666666666666661        8.6666666666666661        5.5444987229352760E-004
   9.6666666666666661        9.0000000000000000        5.4540397935448777E-004
   9.6666666666666661        9.3333333333333321        3.9753510658273398E-004
   9.6666666666666661        9.6666666666666661        1.7023843311823417E-004
   9.6666666666666661        10.000000000000000        0.0000000000000000     
 
   10.000000000000000        0.0000000000000000        0.0000000000000000     
   10.000000000000000       0.33333333333333331        0.0000000000000000     
   10.000000000000000       0.66666666666666663        0.0000000000000000     
   10.000000000000000        1.0000000000000000        0.0000000000000000     
   10.000000000000000        1.3333333333333333        0.0000000000000000     
   10.000000000000000        1.6666666666666665        0.0000000000000000     
   10.000000000000000        2.0000000000000000        0.0000000000000000     
   10.000000000000000        2.3333333333333330        0.0000000000000000     
   10.000000000000000        2.6666666666666665        0.0000000000000000     
   10.000000000000000        3.0000000000000000        0.0000000000000000     
   10.000000000000000        3.3333333333333330        0.0000000000000000     
   10.000000000000000        3.6666666666666665        0.0000000000000000     
   10.000000000000000        4.0000000000000000        0.0000000000000000     
   10.000000000000000        4.3333333333333330        0.0000000000000000     
   10.000000000000000        4.6666666666666661        0.0000000000000000     
   10.000000000000000        5.0000000000000000        0.0000000000000000     
   10.000000000000000        5.3333333333333330        0.0000000000000000     
   10.000000000000000        5.6666666666666661        0.0000000000000000     
   10.000000000000000        6.0000000000000000        0.0000000000000000     
   10.000000000000000        6.3333333333333330        0.0000000000000000     
   10.000000000000000        6.6666666666666661        0.0000000000000000     
   10.000000000000000        7.0000000000000000        0.0000000000000000     
   10.000000000000000        7.3333333333333330        0.0000000000000000     
   10.000000000000000        7.6666666666666661        0.0000000000000000     
   10.000000000000000        8.0000000000000000        0.0000000000000000     
   10.000000000000000        8.3333333333333321        0.0000000000000000     
   10.000000000000000        8.6666666666666661        0.0000000000000000     
   10.000000000000000        9.0000000000000000        0.0000000000000000     
   10.000000000000000        9.3333333333333321        0.0000000000000000     
   10.000000000000000        9.6666666666666661        0.0000000000000000     
   10.000000000000000        10.000000000000000        0.0000000000000000     
 
