   0.0000000000000000        0.0000000000000000        0.0000000000000000     
   0.0000000000000000       0.33333333333333331        0.0000000000000000     
   0.0000000000000000       0.66666666666666663        0.0000000000000000     
   0.0000000000000000        1.0000000000000000        0.0000000000000000     
   0.0000000000000000        1.3333333333333333        0.0000000000000000     
   0.0000000000000000        1.6666666666666665        0.0000000000000000     
   0.0000000000000000        2.0000000000000000        0.0000000000000000     
   0.0000000000000000        2.3333333333333330        0.0000000000000000     
   0.0000000000000000        2.6666666666666665        0.0000000000000000     
   0.0000000000000000        3.0000000000000000        0.0000000000000000     
   0.0000000000000000        3.3333333333333330        0.0000000000000000     
   0.0000000000000000        3.6666666666666665        0.0000000000000000     
   0.0000000000000000        4.0000000000000000        0.0000000000000000     
   0.0000000000000000        4.3333333333333330        0.0000000000000000     
   0.0000000000000000        4.6666666666666661        0.0000000000000000     
   0.0000000000000000        5.0000000000000000        0.0000000000000000     
   0.0000000000000000        5.3333333333333330        0.0000000000000000     
   0.0000000000000000        5.6666666666666661        0.0000000000000000     
   0.0000000000000000        6.0000000000000000        0.0000000000000000     
   0.0000000000000000        6.3333333333333330        0.0000000000000000     
   0.0000000000000000        6.6666666666666661        0.0000000000000000     
   0.0000000000000000        7.0000000000000000        0.0000000000000000     
   0.0000000000000000        7.3333333333333330        0.0000000000000000     
   0.0000000000000000        7.6666666666666661        0.0000000000000000     
   0.0000000000000000        8.0000000000000000        0.0000000000000000     
   0.0000000000000000        8.3333333333333321        0.0000000000000000     
   0.0000000000000000        8.6666666666666661        0.0000000000000000     
   0.0000000000000000        9.0000000000000000        0.0000000000000000     
   0.0000000000000000        9.3333333333333321        0.0000000000000000     
   0.0000000000000000        9.6666666666666661        0.0000000000000000     
   0.0000000000000000        10.000000000000000        0.0000000000000000     
 
  0.33333333333333331        0.0000000000000000        0.0000000000000000     
  0.33333333333333331       0.33333333333333331        2.1508908751858443E-005
  0.33333333333333331       0.66666666666666663        3.5567267578962148E-005
  0.33333333333333331        1.0000000000000000        3.3443513504936819E-005
  0.33333333333333331        1.3333333333333333        7.3477075384842874E-005
  0.33333333333333331        1.6666666666666665        1.1597520832452828E-004
  0.33333333333333331        2.0000000000000000        1.9553328020334749E-004
  0.33333333333333331        2.3333333333333330        2.6520793384128961E-004
  0.33333333333333331        2.6666666666666665        2.5498459364432173E-004
  0.33333333333333331        3.0000000000000000        5.5707477301709539E-004
  0.33333333333333331        3.3333333333333330        6.3007992078900762E-004
  0.33333333333333331        3.6666666666666665        5.8864715132272939E-004
  0.33333333333333331        4.0000000000000000        5.8840079000059054E-004
  0.33333333333333331        4.3333333333333330        6.1278270053812943E-004
  0.33333333333333331        4.6666666666666661        4.2827758155142379E-004
  0.33333333333333331        5.0000000000000000        7.6292799128349880E-004
  0.33333333333333331        5.3333333333333330        2.0113511358010499E-003
  0.33333333333333331        5.6666666666666661        2.6936336823429941E-003
  0.33333333333333331        6.0000000000000000        3.2662056155541778E-003
  0.33333333333333331        6.3333333333333330        3.6591555326823187E-003
  0.33333333333333331        6.6666666666666661        2.4562464512298144E-003
  0.33333333333333331        7.0000000000000000        4.1304272317579539E-003
  0.33333333333333331        7.3333333333333330        1.7302090448052790E-003
  0.33333333333333331        7.6666666666666661        1.3691562367590339E-003
  0.33333333333333331        8.0000000000000000        9.6000645003895121E-004
  0.33333333333333331        8.3333333333333321        5.8370300155574390E-004
  0.33333333333333331        8.6666666666666661        4.0558387864673165E-004
  0.33333333333333331        9.0000000000000000        2.7603608100358157E-004
  0.33333333333333331        9.3333333333333321        1.4232489673545465E-004
  0.33333333333333331        9.6666666666666661        5.8985110297273165E-005
  0.33333333333333331        10.000000000000000        0.0000000000000000     
 
  0.66666666666666663        0.0000000000000000        0.0000000000000000     
  0.66666666666666663       0.33333333333333331        5.5784310589954363E-005
  0.66666666666666663       0.66666666666666663        9.6175476821882034E-005
  0.66666666666666663        1.0000000000000000        1.9880563595816331E-004
  0.66666666666666663        1.3333333333333333        1.6341715179938855E-004
  0.66666666666666663        1.6666666666666665        2.2399161885492289E-004
  0.66666666666666663        2.0000000000000000        4.4810201672775490E-004
  0.66666666666666663        2.3333333333333330        6.7193692849515211E-004
  0.66666666666666663        2.6666666666666665        1.6077982651228301E-003
  0.66666666666666663        3.0000000000000000        1.4620753229205006E-003
  0.66666666666666663        3.3333333333333330        1.5074960108074067E-003
  0.66666666666666663        3.6666666666666665        1.2639055876279635E-003
  0.66666666666666663        4.0000000000000000        1.2819580137184154E-003
  0.66666666666666663        4.3333333333333330        1.5679165913798630E-003
  0.66666666666666663        4.6666666666666661        0.0000000000000000     
  0.66666666666666663        5.0000000000000000        4.7198180063847883E-003
  0.66666666666666663        5.3333333333333330        4.9669164044847799E-003
  0.66666666666666663        5.6666666666666661        5.9805799653714891E-003
  0.66666666666666663        6.0000000000000000        7.2738463680794285E-003
  0.66666666666666663        6.3333333333333330        9.5187299998042221E-003
  0.66666666666666663        6.6666666666666661        1.6146278827550979E-002
  0.66666666666666663        7.0000000000000000        1.3021699388797147E-002
  0.66666666666666663        7.3333333333333330        2.5314238541181725E-003
  0.66666666666666663        7.6666666666666661        3.0507549499970209E-003
  0.66666666666666663        8.0000000000000000        2.0829388566257594E-003
  0.66666666666666663        8.3333333333333321        1.0958167147472522E-003
  0.66666666666666663        8.6666666666666661        8.5524543294419127E-004
  0.66666666666666663        9.0000000000000000        6.2151067394840406E-004
  0.66666666666666663        9.3333333333333321        2.6908563546897135E-004
  0.66666666666666663        9.6666666666666661        1.0837196548661851E-004
  0.66666666666666663        10.000000000000000        0.0000000000000000     
 
   1.0000000000000000        0.0000000000000000        0.0000000000000000     
   1.0000000000000000       0.33333333333333331        1.1877018869371617E-004
   1.0000000000000000       0.66666666666666663        2.2012316399806401E-004
   1.0000000000000000        1.0000000000000000        2.8353980770041704E-004
   1.0000000000000000        1.3333333333333333        1.9880563595816331E-004
   1.0000000000000000        1.6666666666666665        7.0364779696517870E-004
   1.0000000000000000        2.0000000000000000        8.0671112506475466E-004
   1.0000000000000000        2.3333333333333330        1.4541684941456979E-003
   1.0000000000000000        2.6666666666666665        2.0944758979189819E-003
   1.0000000000000000        3.0000000000000000        2.4770172938534079E-003
   1.0000000000000000        3.3333333333333330        2.9763779030776531E-003
   1.0000000000000000        3.6666666666666665        1.9436826531329062E-003
   1.0000000000000000        4.0000000000000000        1.9838074149479078E-003
   1.0000000000000000        4.3333333333333330        3.1405213793251835E-003
   1.0000000000000000        4.6666666666666661        4.4704652908583269E-003
   1.0000000000000000        5.0000000000000000        5.4035941991112208E-003
   1.0000000000000000        5.3333333333333330        8.0701727868681510E-003
   1.0000000000000000        5.6666666666666661        1.0023033553598694E-002
   1.0000000000000000        6.0000000000000000        1.1529509842813439E-002
   1.0000000000000000        6.3333333333333330        1.9096317817752794E-002
   1.0000000000000000        6.6666666666666661        2.1802896939713611E-002
   1.0000000000000000        7.0000000000000000        2.0845564517510191E-002
   1.0000000000000000        7.3333333333333330        1.4875716617142381E-002
   1.0000000000000000        7.6666666666666661        6.7981401153340698E-003
   1.0000000000000000        8.0000000000000000        3.6394527992169049E-003
   1.0000000000000000        8.3333333333333321        1.9090242946716875E-003
   1.0000000000000000        8.6666666666666661        1.4902563030208256E-003
   1.0000000000000000        9.0000000000000000        1.2294669506926696E-003
   1.0000000000000000        9.3333333333333321        1.0521283130701230E-004
   1.0000000000000000        9.6666666666666661        1.3217422532651121E-004
   1.0000000000000000        10.000000000000000        0.0000000000000000     
 
   1.3333333333333333        0.0000000000000000        0.0000000000000000     
   1.3333333333333333       0.33333333333333331        2.2632315859073140E-004
   1.3333333333333333       0.66666666666666663        4.3238245971888046E-004
   1.3333333333333333        1.0000000000000000        5.8232478679281152E-004
   1.3333333333333333        1.3333333333333333        1.0209311146603386E-003
   1.3333333333333333        1.6666666666666665        7.7073264567267721E-004
   1.3333333333333333        2.0000000000000000        2.5980108392217385E-003
   1.3333333333333333        2.3333333333333330        2.5537636994111446E-003
   1.3333333333333333        2.6666666666666665        3.2647930657571460E-003
   1.3333333333333333        3.0000000000000000        3.8550374363279017E-003
   1.3333333333333333        3.3333333333333330        6.5233032316796878E-003
   1.3333333333333333        3.6666666666666665        1.2680273778393814E-002
   1.3333333333333333        4.0000000000000000        7.6429844893083085E-003
   1.3333333333333333        4.3333333333333330        6.4979215127281848E-003
   1.3333333333333333        4.6666666666666661        1.2599201125536339E-002
   1.3333333333333333        5.0000000000000000        1.3225075387801028E-002
   1.3333333333333333        5.3333333333333330        1.3285015216682780E-002
   1.3333333333333333        5.6666666666666661        1.6134381174426778E-002
   1.3333333333333333        6.0000000000000000        4.1571366207749677E-002
   1.3333333333333333        6.3333333333333330        3.6221185108525490E-002
   1.3333333333333333        6.6666666666666661        3.4251304792691770E-002
   1.3333333333333333        7.0000000000000000        3.0765928230021913E-002
   1.3333333333333333        7.3333333333333330        2.5279783903811227E-002
   1.3333333333333333        7.6666666666666661        2.2377474749404984E-003
   1.3333333333333333        8.0000000000000000        2.7299246053386138E-003
   1.3333333333333333        8.3333333333333321        2.7366339534043780E-003
   1.3333333333333333        8.6666666666666661        2.2923109296266795E-003
   1.3333333333333333        9.0000000000000000        1.8509092510549611E-003
   1.3333333333333333        9.3333333333333321        7.8945232642742085E-004
   1.3333333333333333        9.6666666666666661        3.4693870513605006E-004
   1.3333333333333333        10.000000000000000        0.0000000000000000     
 
   1.6666666666666665        0.0000000000000000        0.0000000000000000     
   1.6666666666666665       0.33333333333333331        4.0309110104047368E-004
   1.6666666666666665       0.66666666666666663        7.9381124474560394E-004
   1.6666666666666665        1.0000000000000000        1.1558436386582102E-003
   1.6666666666666665        1.3333333333333333        1.4971139471679886E-003
   1.6666666666666665        1.6666666666666665        3.6711554796001848E-003
   1.6666666666666665        2.0000000000000000        3.1822189160973977E-003
   1.6666666666666665        2.3333333333333330        3.4172020449556592E-003
   1.6666666666666665        2.6666666666666665        5.1803634367835714E-003
   1.6666666666666665        3.0000000000000000        1.4506312215196417E-002
   1.6666666666666665        3.3333333333333330        1.3801342108315179E-002
   1.6666666666666665        3.6666666666666665        1.4722174827581497E-002
   1.6666666666666665        4.0000000000000000        1.0187928760564850E-002
   1.6666666666666665        4.3333333333333330        9.9215610943596995E-003
   1.6666666666666665        4.6666666666666661        1.4805628498184568E-002
   1.6666666666666665        5.0000000000000000        1.5380774255605882E-002
   1.6666666666666665        5.3333333333333330        1.7827907243518841E-002
   1.6666666666666665        5.6666666666666661        2.7451226215856092E-002
   1.6666666666666665        6.0000000000000000        5.1826383023932283E-002
   1.6666666666666665        6.3333333333333330        5.4386708001171256E-002
   1.6666666666666665        6.6666666666666661        5.2550845702620218E-002
   1.6666666666666665        7.0000000000000000        4.6767812659683196E-002
   1.6666666666666665        7.3333333333333330        3.3789910026406161E-002
   1.6666666666666665        7.6666666666666661        1.8756393708917638E-003
   1.6666666666666665        8.0000000000000000        2.8649712319387798E-003
   1.6666666666666665        8.3333333333333321        4.5610036886807549E-003
   1.6666666666666665        8.6666666666666661        3.5598737887914660E-003
   1.6666666666666665        9.0000000000000000        2.4233646884278658E-003
   1.6666666666666665        9.3333333333333321        1.4070115990743697E-003
   1.6666666666666665        9.6666666666666661        5.4485748248492565E-004
   1.6666666666666665        10.000000000000000        0.0000000000000000     
 
   2.0000000000000000        0.0000000000000000        0.0000000000000000     
   2.0000000000000000       0.33333333333333331        6.7434738442413516E-004
   2.0000000000000000       0.66666666666666663        1.3443668142838188E-003
   2.0000000000000000        1.0000000000000000        1.9820775358783032E-003
   2.0000000000000000        1.3333333333333333        2.6159751140504791E-003
   2.0000000000000000        1.6666666666666665        4.8507337122110404E-003
   2.0000000000000000        2.0000000000000000        3.6711554796001848E-003
   2.0000000000000000        2.3333333333333330        8.3408602769959889E-003
   2.0000000000000000        2.6666666666666665        9.7790426067447707E-003
   2.0000000000000000        3.0000000000000000        1.7369401834546043E-002
   2.0000000000000000        3.3333333333333330        2.1472642611754720E-002
   2.0000000000000000        3.6666666666666665        2.4398522139763817E-002
   2.0000000000000000        4.0000000000000000        4.1549544383542955E-002
   2.0000000000000000        4.3333333333333330        4.1518952146969226E-002
   2.0000000000000000        4.6666666666666661        2.3713000207254104E-002
   2.0000000000000000        5.0000000000000000        1.8138569910760734E-002
   2.0000000000000000        5.3333333333333330        0.0000000000000000     
   2.0000000000000000        5.6666666666666661       0.14049744064159164     
   2.0000000000000000        6.0000000000000000        8.9263539105936221E-002
   2.0000000000000000        6.3333333333333330        8.2710008076141567E-002
   2.0000000000000000        6.6666666666666661        8.0541068371572197E-002
   2.0000000000000000        7.0000000000000000        7.5367400982467816E-002
   2.0000000000000000        7.3333333333333330        1.0352867875096797E-003
   2.0000000000000000        7.6666666666666661        1.2992485397858226E-003
   2.0000000000000000        8.0000000000000000        1.8058818667226272E-002
   2.0000000000000000        8.3333333333333321        9.8901853311546498E-003
   2.0000000000000000        8.6666666666666661        5.6284930866127040E-003
   2.0000000000000000        9.0000000000000000        3.3598853459531788E-003
   2.0000000000000000        9.3333333333333321        2.1658233755232474E-003
   2.0000000000000000        9.6666666666666661        3.8528018026349868E-004
   2.0000000000000000        10.000000000000000        0.0000000000000000     
 
   2.3333333333333330        0.0000000000000000        0.0000000000000000     
   2.3333333333333330       0.33333333333333331        1.0786157849920542E-003
   2.3333333333333330       0.66666666666666663        2.1804425626804880E-003
   2.3333333333333330        1.0000000000000000        3.1801170047011935E-003
   2.3333333333333330        1.3333333333333333        9.7035134987982496E-003
   2.3333333333333330        1.6666666666666665        1.0267909138994894E-002
   2.3333333333333330        2.0000000000000000        2.3795102104589440E-002
   2.3333333333333330        2.3333333333333330        3.1098075979129537E-002
   2.3333333333333330        2.6666666666666665        3.1119002715068744E-002
   2.3333333333333330        3.0000000000000000        2.6122814573348883E-002
   2.3333333333333330        3.3333333333333330        3.3095144959259054E-002
   2.3333333333333330        3.6666666666666665        4.0049565154382696E-002
   2.3333333333333330        4.0000000000000000        4.6824778583379814E-002
   2.3333333333333330        4.3333333333333330        6.4222693030677763E-002
   2.3333333333333330        4.6666666666666661       0.14298658631072794     
   2.3333333333333330        5.0000000000000000       0.19554516636346450     
   2.3333333333333330        5.3333333333333330       0.22137558757836215     
   2.3333333333333330        5.6666666666666661       0.20025535251832410     
   2.3333333333333330        6.0000000000000000       0.14921696100728338     
   2.3333333333333330        6.3333333333333330       0.11402585999194025     
   2.3333333333333330        6.6666666666666661       0.11889622074901254     
   2.3333333333333330        7.0000000000000000       0.10605512281562722     
   2.3333333333333330        7.3333333333333330       0.10724975718481140     
   2.3333333333333330        7.6666666666666661        5.8819095350659212E-002
   2.3333333333333330        8.0000000000000000        2.8724526733404629E-002
   2.3333333333333330        8.3333333333333321        1.2826841328030527E-002
   2.3333333333333330        8.6666666666666661        6.6697876488730446E-003
   2.3333333333333330        9.0000000000000000        3.8590653411673592E-003
   2.3333333333333330        9.3333333333333321        2.1701967160734476E-003
   2.3333333333333330        9.6666666666666661        8.5440942644248472E-004
   2.3333333333333330        10.000000000000000        0.0000000000000000     
 
   2.6666666666666665        0.0000000000000000        0.0000000000000000     
   2.6666666666666665       0.33333333333333331        1.6519051270527938E-003
   2.6666666666666665       0.66666666666666663        3.4991089085246283E-003
   2.6666666666666665        1.0000000000000000        5.9179005776256038E-003
   2.6666666666666665        1.3333333333333333        1.0613229979998223E-002
   2.6666666666666665        1.6666666666666665        1.7744621529600747E-002
   2.6666666666666665        2.0000000000000000        2.6880511726053626E-002
   2.6666666666666665        2.3333333333333330        3.4820205894117731E-002
   2.6666666666666665        2.6666666666666665        3.9706973575098142E-002
   2.6666666666666665        3.0000000000000000        5.6590599262548426E-002
   2.6666666666666665        3.3333333333333330        4.8430340259553006E-002
   2.6666666666666665        3.6666666666666665        6.0137303389019431E-002
   2.6666666666666665        4.0000000000000000       0.10130754095481870     
   2.6666666666666665        4.3333333333333330       0.11082766461939790     
   2.6666666666666665        4.6666666666666661       0.15382905811414979     
   2.6666666666666665        5.0000000000000000       0.20639162035967992     
   2.6666666666666665        5.3333333333333330       0.25161865142736284     
   2.6666666666666665        5.6666666666666661       0.24777840547880048     
   2.6666666666666665        6.0000000000000000       0.19388902761264842     
   2.6666666666666665        6.3333333333333330       0.23017043301621420     
   2.6666666666666665        6.6666666666666661       0.18364499901266590     
   2.6666666666666665        7.0000000000000000       0.13260143652817788     
   2.6666666666666665        7.3333333333333330       0.11763188643871061     
   2.6666666666666665        7.6666666666666661        9.5142973739102576E-002
   2.6666666666666665        8.0000000000000000        6.6583219500743378E-003
   2.6666666666666665        8.3333333333333321        7.8794526494066434E-003
   2.6666666666666665        8.6666666666666661        5.4816107820911909E-003
   2.6666666666666665        9.0000000000000000        3.9580641742207436E-003
   2.6666666666666665        9.3333333333333321        2.2380243727723346E-003
   2.6666666666666665        9.6666666666666661        1.0408940624847401E-003
   2.6666666666666665        10.000000000000000        0.0000000000000000     
 
   3.0000000000000000        0.0000000000000000        0.0000000000000000     
   3.0000000000000000       0.33333333333333331        2.3055574172993988E-003
   3.0000000000000000       0.66666666666666663        4.8123029188034761E-003
   3.0000000000000000        1.0000000000000000        7.2906688740438834E-003
   3.0000000000000000        1.3333333333333333        2.2154679961333218E-002
   3.0000000000000000        1.6666666666666665        2.5470895693313299E-002
   3.0000000000000000        2.0000000000000000        3.4300884131540532E-002
   3.0000000000000000        2.3333333333333330        4.5330762376173957E-002
   3.0000000000000000        2.6666666666666665        5.7157240947404632E-002
   3.0000000000000000        3.0000000000000000        6.9611672025515964E-002
   3.0000000000000000        3.3333333333333330       0.10694594378283558     
   3.0000000000000000        3.6666666666666665        9.6842731499924964E-002
   3.0000000000000000        4.0000000000000000       0.12253958613992300     
   3.0000000000000000        4.3333333333333330       0.13308238292214736     
   3.0000000000000000        4.6666666666666661       0.16514798737834802     
   3.0000000000000000        5.0000000000000000       0.23408543838595974     
   3.0000000000000000        5.3333333333333330       0.33875344353463771     
   3.0000000000000000        5.6666666666666661       0.35298636858299487     
   3.0000000000000000        6.0000000000000000       0.37335132061968135     
   3.0000000000000000        6.3333333333333330       0.28599857832030345     
   3.0000000000000000        6.6666666666666661       0.26208047369734078     
   3.0000000000000000        7.0000000000000000       0.17969098752062806     
   3.0000000000000000        7.3333333333333330       0.14536540807816647     
   3.0000000000000000        7.6666666666666661       0.11769700507435281     
   3.0000000000000000        8.0000000000000000        7.3479628514938139E-002
   3.0000000000000000        8.3333333333333321        3.6394828031173182E-003
   3.0000000000000000        8.6666666666666661        4.4194969242941111E-003
   3.0000000000000000        9.0000000000000000        5.0180926440278866E-003
   3.0000000000000000        9.3333333333333321        2.4934023269247260E-003
   3.0000000000000000        9.6666666666666661        1.2874216458233908E-003
   3.0000000000000000        10.000000000000000        0.0000000000000000     
 
   3.3333333333333330        0.0000000000000000        0.0000000000000000     
   3.3333333333333330       0.33333333333333331        3.1208020810605365E-003
   3.3333333333333330       0.66666666666666663        6.8854289837820696E-003
   3.3333333333333330        1.0000000000000000        1.2203021214964362E-002
   3.3333333333333330        1.3333333333333333        2.1530847189721886E-002
   3.3333333333333330        1.6666666666666665        3.0579724365689665E-002
   3.3333333333333330        2.0000000000000000        4.3010693189295957E-002
   3.3333333333333330        2.3333333333333330        5.9113594525657016E-002
   3.3333333333333330        2.6666666666666665        7.8505889875695262E-002
   3.3333333333333330        3.0000000000000000       0.10006660264707028     
   3.3333333333333330        3.3333333333333330       0.12303399936672746     
   3.3333333333333330        3.6666666666666665       0.12917271598852312     
   3.3333333333333330        4.0000000000000000       0.15116138268956741     
   3.3333333333333330        4.3333333333333330       0.14377378407068694     
   3.3333333333333330        4.6666666666666661       0.14937964295244649     
   3.3333333333333330        5.0000000000000000       0.60226592989294148     
   3.3333333333333330        5.3333333333333330       0.51978592542554258     
   3.3333333333333330        5.6666666666666661       0.47547935407941244     
   3.3333333333333330        6.0000000000000000       0.46431069696663974     
   3.3333333333333330        6.3333333333333330       0.40163981847728636     
   3.3333333333333330        6.6666666666666661       0.32439465037963905     
   3.3333333333333330        7.0000000000000000       0.22396922573834441     
   3.3333333333333330        7.3333333333333330       0.17643524173600003     
   3.3333333333333330        7.6666666666666661       0.12217317841764742     
   3.3333333333333330        8.0000000000000000        8.1733886900224359E-002
   3.3333333333333330        8.3333333333333321        2.9130345619906576E-002
   3.3333333333333330        8.6666666666666661        1.1750413888770928E-002
   3.3333333333333330        9.0000000000000000        7.6359414627916516E-003
   3.3333333333333330        9.3333333333333321        4.1854276598504141E-003
   3.3333333333333330        9.6666666666666661        1.8725458788405953E-003
   3.3333333333333330        10.000000000000000        0.0000000000000000     
 
   3.6666666666666665        0.0000000000000000        0.0000000000000000     
   3.6666666666666665       0.33333333333333331        3.7557783181254721E-003
   3.6666666666666665       0.66666666666666663        8.3768859093102267E-003
   3.6666666666666665        1.0000000000000000        1.4688843737894279E-002
   3.6666666666666665        1.3333333333333333        2.3692702038307544E-002
   3.6666666666666665        1.6666666666666665        3.5452238671950069E-002
   3.6666666666666665        2.0000000000000000        5.1842794653191013E-002
   3.6666666666666665        2.3333333333333330        7.3993250884246492E-002
   3.6666666666666665        2.6666666666666665       0.10254017143674096     
   3.6666666666666665        3.0000000000000000       0.13434448828220139     
   3.6666666666666665        3.3333333333333330       0.16158233596575122     
   3.6666666666666665        3.6666666666666665       0.17341716027127341     
   3.6666666666666665        4.0000000000000000       0.16746965171153821     
   3.6666666666666665        4.3333333333333330       0.15116138268956741     
   3.6666666666666665        4.6666666666666661       0.75396893446292212     
   3.6666666666666665        5.0000000000000000       0.67543780757919447     
   3.6666666666666665        5.3333333333333330       0.65591248592995699     
   3.6666666666666665        5.6666666666666661       0.56108501182097259     
   3.6666666666666665        6.0000000000000000       0.54143062569216549     
   3.6666666666666665        6.3333333333333330       0.47971944744428469     
   3.6666666666666665        6.6666666666666661       0.41459247788897224     
   3.6666666666666665        7.0000000000000000       0.28048662782032635     
   3.6666666666666665        7.3333333333333330       0.22384563387861775     
   3.6666666666666665        7.6666666666666661        5.1256879027889675E-002
   3.6666666666666665        8.0000000000000000        5.7652472090809266E-002
   3.6666666666666665        8.3333333333333321        3.3387490800206442E-002
   3.6666666666666665        8.6666666666666661        1.7797700821009461E-002
   3.6666666666666665        9.0000000000000000        1.0918424940417436E-002
   3.6666666666666665        9.3333333333333321        5.5051460475724996E-003
   3.6666666666666665        9.6666666666666661        2.3717932349380804E-003
   3.6666666666666665        10.000000000000000        0.0000000000000000     
 
   4.0000000000000000        0.0000000000000000        0.0000000000000000     
   4.0000000000000000       0.33333333333333331        4.0652789904563899E-003
   4.0000000000000000       0.66666666666666663        9.3167045484762734E-003
   4.0000000000000000        1.0000000000000000        1.6309864123696671E-002
   4.0000000000000000        1.3333333333333333        2.5708509957881782E-002
   4.0000000000000000        1.6666666666666665        3.9030424181507123E-002
   4.0000000000000000        2.0000000000000000        5.8931975336523071E-002
   4.0000000000000000        2.3333333333333330        8.7045156682441532E-002
   4.0000000000000000        2.6666666666666665       0.12819369589709445     
   4.0000000000000000        3.0000000000000000       0.17810587597537736     
   4.0000000000000000        3.3333333333333330       0.22039377953387890     
   4.0000000000000000        3.6666666666666665       0.24071982547958090     
   4.0000000000000000        4.0000000000000000       0.20145512492139192     
   4.0000000000000000        4.3333333333333330       0.85709908704896787     
   4.0000000000000000        4.6666666666666661       0.81619116356162658     
   4.0000000000000000        5.0000000000000000       0.93554606844431210     
   4.0000000000000000        5.3333333333333330       0.84839957600873028     
   4.0000000000000000        5.6666666666666661       0.75690425524727145     
   4.0000000000000000        6.0000000000000000       0.65079930258931828     
   4.0000000000000000        6.3333333333333330       0.55609427614280782     
   4.0000000000000000        6.6666666666666661       0.43924575668361182     
   4.0000000000000000        7.0000000000000000       0.34425023018163653     
   4.0000000000000000        7.3333333333333330       0.17463971752627960     
   4.0000000000000000        7.6666666666666661        8.6953023692393036E-002
   4.0000000000000000        8.0000000000000000        7.0657242967346920E-002
   4.0000000000000000        8.3333333333333321        4.1317979862333612E-002
   4.0000000000000000        8.6666666666666661        1.9069928626086408E-002
   4.0000000000000000        9.0000000000000000        1.4495611620660445E-002
   4.0000000000000000        9.3333333333333321        4.8041512638873794E-003
   4.0000000000000000        9.6666666666666661        2.5390355858700528E-003
   4.0000000000000000        10.000000000000000        0.0000000000000000     
 
   4.3333333333333330        0.0000000000000000        0.0000000000000000     
   4.3333333333333330       0.33333333333333331        3.7647535901507213E-003
   4.3333333333333330       0.66666666666666663        9.7642669425117862E-003
   4.3333333333333330        1.0000000000000000        1.7525101957868695E-002
   4.3333333333333330        1.3333333333333333        2.6555247112422322E-002
   4.3333333333333330        1.6666666666666665        3.9512448669160490E-002
   4.3333333333333330        2.0000000000000000        6.1964555316611040E-002
   4.3333333333333330        2.3333333333333330        9.1682648240813000E-002
   4.3333333333333330        2.6666666666666665       0.14969444617782537     
   4.3333333333333330        3.0000000000000000       0.23347784603491067     
   4.3333333333333330        3.3333333333333330       0.30397755438281904     
   4.3333333333333330        3.6666666666666665       0.36993825030618449     
   4.3333333333333330        4.0000000000000000       0.83844666603155005     
   4.3333333333333330        4.3333333333333330       0.86929665711109771     
   4.3333333333333330        4.6666666666666661       0.99234459287150623     
   4.3333333333333330        5.0000000000000000       0.96645564054542066     
   4.3333333333333330        5.3333333333333330       0.90921663976320621     
   4.3333333333333330        5.6666666666666661       0.82874658473247220     
   4.3333333333333330        6.0000000000000000       0.72661829426033009     
   4.3333333333333330        6.3333333333333330       0.64191228376808351     
   4.3333333333333330        6.6666666666666661       0.42385603754058543     
   4.3333333333333330        7.0000000000000000       0.31601716713635186     
   4.3333333333333330        7.3333333333333330       0.18263901693669118     
   4.3333333333333330        7.6666666666666661       0.11033542306964705     
   4.3333333333333330        8.0000000000000000        7.4075225194728034E-002
   4.3333333333333330        8.3333333333333321        4.6239590659138304E-002
   4.3333333333333330        8.6666666666666661        2.6350616655603506E-002
   4.3333333333333330        9.0000000000000000        1.5697009650193251E-002
   4.3333333333333330        9.3333333333333321        7.8728043832467232E-003
   4.3333333333333330        9.6666666666666661        3.4206153956492878E-003
   4.3333333333333330        10.000000000000000        0.0000000000000000     
 
   4.6666666666666661        0.0000000000000000        0.0000000000000000     
   4.6666666666666661       0.33333333333333331        1.7638633726296058E-003
   4.6666666666666661       0.66666666666666663        1.7175306370720601E-002
   4.6666666666666661        1.0000000000000000        1.9661416164502475E-002
   4.6666666666666661        1.3333333333333333        2.6375998292111305E-002
   4.6666666666666661        1.6666666666666665        3.4072063322368187E-002
   4.6666666666666661        2.0000000000000000        6.2420947444057184E-002
   4.6666666666666661        2.3333333333333330        7.2717565249589527E-002
   4.6666666666666661        2.6666666666666665       0.30059602437262761     
   4.6666666666666661        3.0000000000000000       0.30486553536663241     
   4.6666666666666661        3.3333333333333330       0.39128203126172606     
   4.6666666666666661        3.6666666666666665       0.56022273295554759     
   4.6666666666666661        4.0000000000000000       0.77167097972099408     
   4.6666666666666661        4.3333333333333330       0.87556231268402285     
   4.6666666666666661        4.6666666666666661       0.95464418053729994     
   4.6666666666666661        5.0000000000000000       0.96802612941695776     
   4.6666666666666661        5.3333333333333330       0.93978504716735367     
   4.6666666666666661        5.6666666666666661       0.87868260987405233     
   4.6666666666666661        6.0000000000000000       0.75394798468860225     
   4.6666666666666661        6.3333333333333330       0.62165940960643196     
   4.6666666666666661        6.6666666666666661       0.52831060156429255     
   4.6666666666666661        7.0000000000000000       0.12743269082259542     
   4.6666666666666661        7.3333333333333330       0.13629184598094213     
   4.6666666666666661        7.6666666666666661       0.10473726985776698     
   4.6666666666666661        8.0000000000000000        7.5447429072742989E-002
   4.6666666666666661        8.3333333333333321        4.8134119430236447E-002
   4.6666666666666661        8.6666666666666661        2.7705950964393166E-002
   4.6666666666666661        9.0000000000000000        1.6303160381137397E-002
   4.6666666666666661        9.3333333333333321        8.7901589845872877E-003
   4.6666666666666661        9.6666666666666661        3.8322980384759646E-003
   4.6666666666666661        10.000000000000000        0.0000000000000000     
 
   5.0000000000000000        0.0000000000000000        0.0000000000000000     
   5.0000000000000000       0.33333333333333331        1.7925113126730514E-003
   5.0000000000000000       0.66666666666666663        1.5237210667014634E-002
   5.0000000000000000        1.0000000000000000        2.0147162773323544E-002
   5.0000000000000000        1.3333333333333333        2.8287116222089129E-002
   5.0000000000000000        1.6666666666666665        3.9890896565990187E-002
   5.0000000000000000        2.0000000000000000        5.7298667682564614E-002
   5.0000000000000000        2.3333333333333330        6.9212357129850938E-002
   5.0000000000000000        2.6666666666666665       0.28819138354117824     
   5.0000000000000000        3.0000000000000000       0.29654022563983634     
   5.0000000000000000        3.3333333333333330       0.71514094280474738     
   5.0000000000000000        3.6666666666666665       0.69130641770629453     
   5.0000000000000000        4.0000000000000000       0.77947778620009800     
   5.0000000000000000        4.3333333333333330       0.86280840258516422     
   5.0000000000000000        4.6666666666666661       0.92510944437121456     
   5.0000000000000000        5.0000000000000000       0.95011459001000098     
   5.0000000000000000        5.3333333333333330       0.94491949738778147     
   5.0000000000000000        5.6666666666666661       0.94156811435283849     
   5.0000000000000000        6.0000000000000000       0.54331758858465873     
   5.0000000000000000        6.3333333333333330       0.54268533775791239     
   5.0000000000000000        6.6666666666666661       0.32352443839773348     
   5.0000000000000000        7.0000000000000000       0.17235138791080734     
   5.0000000000000000        7.3333333333333330       0.13834733147306552     
   5.0000000000000000        7.6666666666666661       0.10431035357737599     
   5.0000000000000000        8.0000000000000000        8.1360335804268297E-002
   5.0000000000000000        8.3333333333333321        2.9005213841599837E-002
   5.0000000000000000        8.6666666666666661        2.3460803454505151E-002
   5.0000000000000000        9.0000000000000000        1.5307373699922872E-002
   5.0000000000000000        9.3333333333333321        8.4994150908913116E-003
   5.0000000000000000        9.6666666666666661        3.7394677784560971E-003
   5.0000000000000000        10.000000000000000        0.0000000000000000     
 
   5.3333333333333330        0.0000000000000000        0.0000000000000000     
   5.3333333333333330       0.33333333333333331        3.8878864468233059E-003
   5.3333333333333330       0.66666666666666663        1.2469943939586154E-002
   5.3333333333333330        1.0000000000000000        2.0019625164096493E-002
   5.3333333333333330        1.3333333333333333        2.9985258919060318E-002
   5.3333333333333330        1.6666666666666665        4.3899178071273817E-002
   5.3333333333333330        2.0000000000000000        6.2578745549315890E-002
   5.3333333333333330        2.3333333333333330        8.2888210271574975E-002
   5.3333333333333330        2.6666666666666665       0.25732543611644515     
   5.3333333333333330        3.0000000000000000       0.30258651792243946     
   5.3333333333333330        3.3333333333333330       0.62920244238153333     
   5.3333333333333330        3.6666666666666665       0.68668665688413111     
   5.3333333333333330        4.0000000000000000       0.75906347331067747     
   5.3333333333333330        4.3333333333333330       0.82741658748328439     
   5.3333333333333330        4.6666666666666661       0.87897171880970826     
   5.3333333333333330        5.0000000000000000       0.90317570048758211     
   5.3333333333333330        5.3333333333333330       0.88842194778408601     
   5.3333333333333330        5.6666666666666661       0.59412983355242810     
   5.3333333333333330        6.0000000000000000       0.53336106149240403     
   5.3333333333333330        6.3333333333333330       0.45164009807457856     
   5.3333333333333330        6.6666666666666661       0.32883835829711933     
   5.3333333333333330        7.0000000000000000       0.21432575496571049     
   5.3333333333333330        7.3333333333333330       0.14846190659228384     
   5.3333333333333330        7.6666666666666661       0.10035020365516902     
   5.3333333333333330        8.0000000000000000        7.1238031356134809E-002
   5.3333333333333330        8.3333333333333321        3.8259452732732589E-002
   5.3333333333333330        8.6666666666666661        2.4968017734241343E-002
   5.3333333333333330        9.0000000000000000        1.5185445891942064E-002
   5.3333333333333330        9.3333333333333321        7.4850379362453711E-003
   5.3333333333333330        9.6666666666666661        3.2387078222941177E-003
   5.3333333333333330        10.000000000000000        0.0000000000000000     
 
   5.6666666666666661        0.0000000000000000        0.0000000000000000     
   5.6666666666666661       0.33333333333333331        1.8587149954161031E-003
   5.6666666666666661       0.66666666666666663        3.9709789653902695E-003
   5.6666666666666661        1.0000000000000000        1.9164798322560069E-002
   5.6666666666666661        1.3333333333333333        3.1052342808262714E-002
   5.6666666666666661        1.6666666666666665        4.7301261055557452E-002
   5.6666666666666661        2.0000000000000000        7.1193286469693876E-002
   5.6666666666666661        2.3333333333333330       0.12227032197963646     
   5.6666666666666661        2.6666666666666665       0.21825185205591402     
   5.6666666666666661        3.0000000000000000       0.35914147921265144     
   5.6666666666666661        3.3333333333333330       0.55813680923133968     
   5.6666666666666661        3.6666666666666665       0.64673116532202957     
   5.6666666666666661        4.0000000000000000       0.71330462311935727     
   5.6666666666666661        4.3333333333333330       0.76974244921384583     
   5.6666666666666661        4.6666666666666661       0.81228424059753346     
   5.6666666666666661        5.0000000000000000       0.84171075836230769     
   5.6666666666666661        5.3333333333333330       0.76389521700391949     
   5.6666666666666661        5.6666666666666661       0.63662497686977759     
   5.6666666666666661        6.0000000000000000       0.40223575725785082     
   5.6666666666666661        6.3333333333333330       0.39672854855950390     
   5.6666666666666661        6.6666666666666661       0.22697843472100357     
   5.6666666666666661        7.0000000000000000       0.14522941003607459     
   5.6666666666666661        7.3333333333333330        8.8661764361631867E-002
   5.6666666666666661        7.6666666666666661        8.4589658929270686E-002
   5.6666666666666661        8.0000000000000000        3.6131751841066727E-002
   5.6666666666666661        8.3333333333333321        3.2152801509966224E-002
   5.6666666666666661        8.6666666666666661        2.6255384917472223E-002
   5.6666666666666661        9.0000000000000000        3.5280275478717688E-003
   5.6666666666666661        9.3333333333333321        4.2032539941746381E-003
   5.6666666666666661        9.6666666666666661        2.2727520067084154E-003
   5.6666666666666661        10.000000000000000        0.0000000000000000     
 
   6.0000000000000000        0.0000000000000000        0.0000000000000000     
   6.0000000000000000       0.33333333333333331        1.9796910450603730E-003
   6.0000000000000000       0.66666666666666663        4.6365301850661194E-003
   6.0000000000000000        1.0000000000000000        9.5646705555592019E-003
   6.0000000000000000        1.3333333333333333        0.0000000000000000     
   6.0000000000000000        1.6666666666666665        5.2210990992841433E-002
   6.0000000000000000        2.0000000000000000        5.7746564594824856E-002
   6.0000000000000000        2.3333333333333330       0.10652106964193407     
   6.0000000000000000        2.6666666666666665       0.13960629843196498     
   6.0000000000000000        3.0000000000000000       0.59178124980202418     
   6.0000000000000000        3.3333333333333330       0.58976447040070046     
   6.0000000000000000        3.6666666666666665       0.61387493182291686     
   6.0000000000000000        4.0000000000000000       0.65479013151716758     
   6.0000000000000000        4.3333333333333330       0.69474215546819351     
   6.0000000000000000        4.6666666666666661       0.71987272110979472     
   6.0000000000000000        5.0000000000000000       0.63365840311803978     
   6.0000000000000000        5.3333333333333330       0.65013499194235802     
   6.0000000000000000        5.6666666666666661       0.52704617908990992     
   6.0000000000000000        6.0000000000000000       0.40538559875966323     
   6.0000000000000000        6.3333333333333330       0.33452451140724093     
   6.0000000000000000        6.6666666666666661       0.23316627834294609     
   6.0000000000000000        7.0000000000000000       0.15245072903214635     
   6.0000000000000000        7.3333333333333330        9.9502679875056885E-002
   6.0000000000000000        7.6666666666666661        7.1508219189092059E-002
   6.0000000000000000        8.0000000000000000        4.4440778519297716E-002
   6.0000000000000000        8.3333333333333321        3.1988148139592242E-002
   6.0000000000000000        8.6666666666666661        2.5193036445516816E-002
   6.0000000000000000        9.0000000000000000        6.4861862837258628E-003
   6.0000000000000000        9.3333333333333321        4.2691099068881376E-003
   6.0000000000000000        9.6666666666666661        2.0558320094128898E-003
   6.0000000000000000        10.000000000000000        0.0000000000000000     
 
   6.3333333333333330        0.0000000000000000        0.0000000000000000     
   6.3333333333333330       0.33333333333333331        1.7437093713789673E-003
   6.3333333333333330       0.66666666666666663        3.7436620689309001E-003
   6.3333333333333330        1.0000000000000000        6.1894271463176602E-003
   6.3333333333333330        1.3333333333333333        1.6703295582585282E-002
   6.3333333333333330        1.6666666666666665        4.1509458666231798E-002
   6.3333333333333330        2.0000000000000000        5.5288187110051228E-002
   6.3333333333333330        2.3333333333333330        8.0393664487688213E-002
   6.3333333333333330        2.6666666666666665       0.10080536911477810     
   6.3333333333333330        3.0000000000000000       0.10054244894471528     
   6.3333333333333330        3.3333333333333330       0.55493456150890741     
   6.3333333333333330        3.6666666666666665       0.55493370907129913     
   6.3333333333333330        4.0000000000000000       0.58210515545252817     
   6.3333333333333330        4.3333333333333330       0.61324661402752267     
   6.3333333333333330        4.6666666666666661       0.62671476385149916     
   6.3333333333333330        5.0000000000000000       0.59611855714133610     
   6.3333333333333330        5.3333333333333330       0.38796022259466156     
   6.3333333333333330        5.6666666666666661       0.40097880750743109     
   6.3333333333333330        6.0000000000000000       0.35339622264572346     
   6.3333333333333330        6.3333333333333330       0.30319963373255421     
   6.3333333333333330        6.6666666666666661       0.22335119820286140     
   6.3333333333333330        7.0000000000000000       0.13813347358748154     
   6.3333333333333330        7.3333333333333330        9.1701627914664255E-002
   6.3333333333333330        7.6666666666666661        6.3340070209889701E-002
   6.3333333333333330        8.0000000000000000        4.2794690662546229E-002
   6.3333333333333330        8.3333333333333321        3.0102175162465755E-002
   6.3333333333333330        8.6666666666666661        2.0751433266854129E-002
   6.3333333333333330        9.0000000000000000        9.8123963393270622E-003
   6.3333333333333330        9.3333333333333321        5.0898028794278908E-003
   6.3333333333333330        9.6666666666666661        2.0579156822457265E-003
   6.3333333333333330        10.000000000000000        0.0000000000000000     
 
   6.6666666666666661        0.0000000000000000        0.0000000000000000     
   6.6666666666666661       0.33333333333333331        1.5481206499005037E-003
   6.6666666666666661       0.66666666666666663        3.0130377455675921E-003
   6.6666666666666661        1.0000000000000000        1.3608618375156539E-002
   6.6666666666666661        1.3333333333333333        1.9420903948431090E-002
   6.6666666666666661        1.6666666666666665        3.2558842507944441E-002
   6.6666666666666661        2.0000000000000000        4.7050128821069681E-002
   6.6666666666666661        2.3333333333333330        6.5542130120258030E-002
   6.6666666666666661        2.6666666666666665        8.9579836234973731E-002
   6.6666666666666661        3.0000000000000000       0.11002757965624817     
   6.6666666666666661        3.3333333333333330       0.34559032400622608     
   6.6666666666666661        3.6666666666666665       0.46563272067190731     
   6.6666666666666661        4.0000000000000000       0.49799934339720114     
   6.6666666666666661        4.3333333333333330       0.53730275839015318     
   6.6666666666666661        4.6666666666666661       0.56207633978547300     
   6.6666666666666661        5.0000000000000000       0.51302136104650242     
   6.6666666666666661        5.3333333333333330       0.37266990874666711     
   6.6666666666666661        5.6666666666666661       0.33111025056282989     
   6.6666666666666661        6.0000000000000000       0.30288820939974981     
   6.6666666666666661        6.3333333333333330       0.12326274339882179     
   6.6666666666666661        6.6666666666666661        8.6893908371041176E-002
   6.6666666666666661        7.0000000000000000        9.0842787321063170E-002
   6.6666666666666661        7.3333333333333330        7.1694443835273278E-002
   6.6666666666666661        7.6666666666666661        5.2683665711296727E-002
   6.6666666666666661        8.0000000000000000        3.7766923738129253E-002
   6.6666666666666661        8.3333333333333321        2.8563696798841572E-002
   6.6666666666666661        8.6666666666666661        9.4203336500102465E-003
   6.6666666666666661        9.0000000000000000        8.4655793774383870E-003
   6.6666666666666661        9.3333333333333321        2.6040885147042203E-003
   6.6666666666666661        9.6666666666666661        1.4599175801754810E-003
   6.6666666666666661        10.000000000000000        0.0000000000000000     
 
   7.0000000000000000        0.0000000000000000        0.0000000000000000     
   7.0000000000000000       0.33333333333333331        1.7160250641001589E-003
   7.0000000000000000       0.66666666666666663        4.2801992539612272E-003
   7.0000000000000000        1.0000000000000000        9.9963699385965093E-003
   7.0000000000000000        1.3333333333333333        1.7705848327829274E-002
   7.0000000000000000        1.6666666666666665        2.6374634793778599E-002
   7.0000000000000000        2.0000000000000000        4.0023294252944139E-002
   7.0000000000000000        2.3333333333333330        5.1467288793920055E-002
   7.0000000000000000        2.6666666666666665       0.11580428117223125     
   7.0000000000000000        3.0000000000000000       0.14896630904949718     
   7.0000000000000000        3.3333333333333330       0.23204800368341760     
   7.0000000000000000        3.6666666666666665       0.33012594818959201     
   7.0000000000000000        4.0000000000000000       0.40608077302229667     
   7.0000000000000000        4.3333333333333330       0.47106811779961966     
   7.0000000000000000        4.6666666666666661        9.7726760004086699E-002
   7.0000000000000000        5.0000000000000000       0.21086666347082428     
   7.0000000000000000        5.3333333333333330       0.25726422848679903     
   7.0000000000000000        5.6666666666666661       0.24804316362887252     
   7.0000000000000000        6.0000000000000000       0.22559069380875035     
   7.0000000000000000        6.3333333333333330       0.12986779404744661     
   7.0000000000000000        6.6666666666666661        8.9136238641472743E-002
   7.0000000000000000        7.0000000000000000        7.2576012501490525E-002
   7.0000000000000000        7.3333333333333330        5.7088636208764525E-002
   7.0000000000000000        7.6666666666666661        4.2835161062202504E-002
   7.0000000000000000        8.0000000000000000        3.1178562718418488E-002
   7.0000000000000000        8.3333333333333321        2.1362397817696322E-002
   7.0000000000000000        8.6666666666666661        1.1951654698645741E-002
   7.0000000000000000        9.0000000000000000        7.5962093669880316E-003
   7.0000000000000000        9.3333333333333321        4.2502317283520889E-003
   7.0000000000000000        9.6666666666666661        4.9611194493345075E-004
   7.0000000000000000        10.000000000000000        0.0000000000000000     
 
   7.3333333333333330        0.0000000000000000        0.0000000000000000     
   7.3333333333333330       0.33333333333333331        1.3519344363301486E-003
   7.3333333333333330       0.66666666666666663        3.1496215008968045E-003
   7.3333333333333330        1.0000000000000000        6.0377633940856068E-003
   7.3333333333333330        1.3333333333333333        1.4698601409671989E-002
   7.3333333333333330        1.6666666666666665        1.8827719545864263E-002
   7.3333333333333330        2.0000000000000000        3.9506954611857083E-002
   7.3333333333333330        2.3333333333333330        5.4500289579812164E-002
   7.3333333333333330        2.6666666666666665        9.1412514944329878E-002
   7.3333333333333330        3.0000000000000000       0.14727798042599394     
   7.3333333333333330        3.3333333333333330       0.21071885078336694     
   7.3333333333333330        3.6666666666666665       0.26276692673412866     
   7.3333333333333330        4.0000000000000000       0.33012594818959201     
   7.3333333333333330        4.3333333333333330        9.7726760004086699E-002
   7.3333333333333330        4.6666666666666661       0.10523616476228830     
   7.3333333333333330        5.0000000000000000       0.17028736126077895     
   7.3333333333333330        5.3333333333333330       0.20125722318901307     
   7.3333333333333330        5.6666666666666661       0.18184620680565963     
   7.3333333333333330        6.0000000000000000        7.8670175933702749E-002
   7.3333333333333330        6.3333333333333330        8.7332596108648131E-002
   7.3333333333333330        6.6666666666666661        7.3224260292862525E-002
   7.3333333333333330        7.0000000000000000        5.8943683609375394E-002
   7.3333333333333330        7.3333333333333330        4.6407749719009191E-002
   7.3333333333333330        7.6666666666666661        3.4833442047384075E-002
   7.3333333333333330        8.0000000000000000        2.6428162749438315E-002
   7.3333333333333330        8.3333333333333321        1.6583413892039833E-002
   7.3333333333333330        8.6666666666666661        1.1261456511074585E-002
   7.3333333333333330        9.0000000000000000        6.9993445523712427E-003
   7.3333333333333330        9.3333333333333321        3.3237557074719420E-003
   7.3333333333333330        9.6666666666666661        1.0913943801008376E-003
   7.3333333333333330        10.000000000000000        0.0000000000000000     
 
   7.6666666666666661        0.0000000000000000        0.0000000000000000     
   7.6666666666666661       0.33333333333333331        8.0107466645592965E-004
   7.6666666666666661       0.66666666666666663        1.5113874712318098E-003
   7.6666666666666661        1.0000000000000000        1.0999876426661290E-002
   7.6666666666666661        1.3333333333333333        1.3122392466154726E-002
   7.6666666666666661        1.6666666666666665        1.8377184980477149E-002
   7.6666666666666661        2.0000000000000000        2.9376722404215051E-002
   7.6666666666666661        2.3333333333333330        4.1395780660222613E-002
   7.6666666666666661        2.6666666666666665        5.5606642266311901E-002
   7.6666666666666661        3.0000000000000000        4.1435923356979806E-002
   7.6666666666666661        3.3333333333333330       0.12717906803358647     
   7.6666666666666661        3.6666666666666665       0.18991116924682927     
   7.6666666666666661        4.0000000000000000        1.5319405969498372E-002
   7.6666666666666661        4.3333333333333330        4.5401814736161492E-002
   7.6666666666666661        4.6666666666666661        6.2119863897984226E-002
   7.6666666666666661        5.0000000000000000        2.8559728137654752E-002
   7.6666666666666661        5.3333333333333330        9.5349242445684726E-002
   7.6666666666666661        5.6666666666666661       0.10157329021928684     
   7.6666666666666661        6.0000000000000000        7.6085290008722051E-002
   7.6666666666666661        6.3333333333333330        7.3613277093794366E-002
   7.6666666666666661        6.6666666666666661        6.3364897259274078E-002
   7.6666666666666661        7.0000000000000000        4.8987673713899567E-002
   7.6666666666666661        7.3333333333333330        3.9532187689051340E-002
   7.6666666666666661        7.6666666666666661        2.7634006424953467E-002
   7.6666666666666661        8.0000000000000000        7.9065694027386727E-003
   7.6666666666666661        8.3333333333333321        9.6142255761474307E-003
   7.6666666666666661        8.6666666666666661        2.6176231791558333E-003
   7.6666666666666661        9.0000000000000000        1.4209156281968407E-003
   7.6666666666666661        9.3333333333333321        1.5600786596604739E-003
   7.6666666666666661        9.6666666666666661        7.5522841910390830E-004
   7.6666666666666661        10.000000000000000        0.0000000000000000     
 
   8.0000000000000000        0.0000000000000000        0.0000000000000000     
   8.0000000000000000       0.33333333333333331        5.0405342649025356E-004
   8.0000000000000000       0.66666666666666663        8.8503784786546792E-004
   8.0000000000000000        1.0000000000000000        8.9651180464830459E-003
   8.0000000000000000        1.3333333333333333        1.0758093401739674E-002
   8.0000000000000000        1.6666666666666665        1.5092265145938031E-002
   8.0000000000000000        2.0000000000000000        2.2211535883957068E-002
   8.0000000000000000        2.3333333333333330        3.1057899311740668E-002
   8.0000000000000000        2.6666666666666665        3.9882191736843819E-002
   8.0000000000000000        3.0000000000000000        4.6977718381042796E-002
   8.0000000000000000        3.3333333333333330        7.3423231085140650E-002
   8.0000000000000000        3.6666666666666665        1.5319405969498372E-002
   8.0000000000000000        4.0000000000000000        1.7729389902858148E-002
   8.0000000000000000        4.3333333333333330        3.3463781056018813E-002
   8.0000000000000000        4.6666666666666661        4.1233331898483466E-002
   8.0000000000000000        5.0000000000000000        3.2728210975332774E-002
   8.0000000000000000        5.3333333333333330        4.3264822746867743E-002
   8.0000000000000000        5.6666666666666661        5.8656901444190057E-002
   8.0000000000000000        6.0000000000000000        5.6210544520738211E-002
   8.0000000000000000        6.3333333333333330        0.0000000000000000     
   8.0000000000000000        6.6666666666666661        3.4465402750542620E-002
   8.0000000000000000        7.0000000000000000        3.9258503424948250E-002
   8.0000000000000000        7.3333333333333330        7.8381967697637531E-003
   8.0000000000000000        7.6666666666666661        1.1895270698402186E-002
   8.0000000000000000        8.0000000000000000        7.5330590998338330E-003
   8.0000000000000000        8.3333333333333321        5.8818737096472656E-003
   8.0000000000000000        8.6666666666666661        3.1586209625067336E-003
   8.0000000000000000        9.0000000000000000        1.5844883040798882E-003
   8.0000000000000000        9.3333333333333321        1.0536770742680572E-003
   8.0000000000000000        9.6666666666666661        5.2403602552511064E-004
   8.0000000000000000        10.000000000000000        0.0000000000000000     
 
   8.3333333333333321        0.0000000000000000        0.0000000000000000     
   8.3333333333333321       0.33333333333333331        4.4086177483133415E-004
   8.3333333333333321       0.66666666666666663        8.3223858948841295E-004
   8.3333333333333321        1.0000000000000000        5.0665016117187010E-003
   8.3333333333333321        1.3333333333333333        7.8488753525524230E-003
   8.3333333333333321        1.6666666666666665        1.1546656078862610E-002
   8.3333333333333321        2.0000000000000000        1.6639010235775600E-002
   8.3333333333333321        2.3333333333333330        2.4961494037386945E-002
   8.3333333333333321        2.6666666666666665        3.0894813268662214E-002
   8.3333333333333321        3.0000000000000000        3.8816907759583304E-002
   8.3333333333333321        3.3333333333333330        5.3094118093106775E-002
   8.3333333333333321        3.6666666666666665        7.9624819301968072E-003
   8.3333333333333321        4.0000000000000000        9.3663525543177823E-003
   8.3333333333333321        4.3333333333333330        1.8287154529130114E-003
   8.3333333333333321        4.6666666666666661        1.2657260878279168E-003
   8.3333333333333321        5.0000000000000000        2.8512325285132173E-002
   8.3333333333333321        5.3333333333333330        3.2093219525308685E-002
   8.3333333333333321        5.6666666666666661        3.8295491617041384E-002
   8.3333333333333321        6.0000000000000000        3.8759716758772766E-002
   8.3333333333333321        6.3333333333333330        1.2073722549991233E-002
   8.3333333333333321        6.6666666666666661        0.0000000000000000     
   8.3333333333333321        7.0000000000000000        3.6967706907095246E-003
   8.3333333333333321        7.3333333333333330        5.0310445387783025E-003
   8.3333333333333321        7.6666666666666661        6.2778284100021521E-003
   8.3333333333333321        8.0000000000000000        5.6869333365704520E-003
   8.3333333333333321        8.3333333333333321        4.2383906797374771E-003
   8.3333333333333321        8.6666666666666661        9.8733016376066325E-004
   8.3333333333333321        9.0000000000000000        1.0367570743645409E-003
   8.3333333333333321        9.3333333333333321        7.7222116095523765E-004
   8.3333333333333321        9.6666666666666661        4.0146111589127182E-004
   8.3333333333333321        10.000000000000000        0.0000000000000000     
 
   8.6666666666666661        0.0000000000000000        0.0000000000000000     
   8.6666666666666661       0.33333333333333331        5.2977776812213485E-004
   8.6666666666666661       0.66666666666666663        1.3621821078604061E-003
   8.6666666666666661        1.0000000000000000        3.3341618804062084E-003
   8.6666666666666661        1.3333333333333333        5.5401537957374325E-003
   8.6666666666666661        1.6666666666666665        8.6615400716029221E-003
   8.6666666666666661        2.0000000000000000        1.0545643895292627E-002
   8.6666666666666661        2.3333333333333330        1.6334504340336328E-002
   8.6666666666666661        2.6666666666666665        2.4275295727887385E-002
   8.6666666666666661        3.0000000000000000        2.9376672351615320E-002
   8.6666666666666661        3.3333333333333330        0.0000000000000000     
   8.6666666666666661        3.6666666666666665        2.4871074463348407E-003
   8.6666666666666661        4.0000000000000000        3.9306333954530655E-003
   8.6666666666666661        4.3333333333333330        2.2348460697955326E-003
   8.6666666666666661        4.6666666666666661        1.5713142740503522E-003
   8.6666666666666661        5.0000000000000000        1.9218116137349729E-002
   8.6666666666666661        5.3333333333333330        2.1926864357124674E-002
   8.6666666666666661        5.6666666666666661        2.7571577320930272E-002
   8.6666666666666661        6.0000000000000000        2.5727899446177028E-002
   8.6666666666666661        6.3333333333333330        1.3872009796713309E-002
   8.6666666666666661        6.6666666666666661        2.9092711104977903E-003
   8.6666666666666661        7.0000000000000000        3.0654923748892247E-003
   8.6666666666666661        7.3333333333333330        3.1902718101146968E-003
   8.6666666666666661        7.6666666666666661        3.5324860145520749E-003
   8.6666666666666661        8.0000000000000000        1.4246839962096618E-003
   8.6666666666666661        8.3333333333333321        1.9208959900036378E-003
   8.6666666666666661        8.6666666666666661        1.1664919463437277E-003
   8.6666666666666661        9.0000000000000000        2.6421637098832638E-004
   8.6666666666666661        9.3333333333333321        1.3201390075053812E-004
   8.6666666666666661        9.6666666666666661        0.0000000000000000     
   8.6666666666666661        10.000000000000000        0.0000000000000000     
 
   9.0000000000000000        0.0000000000000000        0.0000000000000000     
   9.0000000000000000       0.33333333333333331        4.4015875754164260E-004
   9.0000000000000000       0.66666666666666663        1.0601545111839795E-003
   9.0000000000000000        1.0000000000000000        2.0808896133590951E-003
   9.0000000000000000        1.3333333333333333        3.4384312113304198E-003
   9.0000000000000000        1.6666666666666665        4.6437541358313504E-003
   9.0000000000000000        2.0000000000000000        8.2691655196032096E-003
   9.0000000000000000        2.3333333333333330        1.1237675050980464E-002
   9.0000000000000000        2.6666666666666665        7.9988953887235971E-005
   9.0000000000000000        3.0000000000000000        1.5996050918187308E-004
   9.0000000000000000        3.3333333333333330        9.0758682077140391E-004
   9.0000000000000000        3.6666666666666665        1.5359118950853251E-003
   9.0000000000000000        4.0000000000000000        2.3554580740014429E-003
   9.0000000000000000        4.3333333333333330        2.0747994933296055E-003
   9.0000000000000000        4.6666666666666661        1.8094072764818464E-004
   9.0000000000000000        5.0000000000000000        1.0033613415328062E-002
   9.0000000000000000        5.3333333333333330        1.1625382047645405E-002
   9.0000000000000000        5.6666666666666661        2.5490245631115851E-003
   9.0000000000000000        6.0000000000000000        3.7818413244053652E-003
   9.0000000000000000        6.3333333333333330        5.6935443508753670E-003
   9.0000000000000000        6.6666666666666661        3.3124114266441644E-003
   9.0000000000000000        7.0000000000000000        1.3050836556453848E-003
   9.0000000000000000        7.3333333333333330        1.7350895589314692E-003
   9.0000000000000000        7.6666666666666661        1.7731958103256657E-003
   9.0000000000000000        8.0000000000000000        1.2367507912679520E-003
   9.0000000000000000        8.3333333333333321        1.2453686419867352E-003
   9.0000000000000000        8.6666666666666661        8.5011878121412244E-004
   9.0000000000000000        9.0000000000000000        3.3260687816230345E-004
   9.0000000000000000        9.3333333333333321        1.6826017005107448E-004
   9.0000000000000000        9.6666666666666661        1.1230477771430966E-005
   9.0000000000000000        10.000000000000000        0.0000000000000000     
 
   9.3333333333333321        0.0000000000000000        0.0000000000000000     
   9.3333333333333321       0.33333333333333331        2.7610009591782890E-004
   9.3333333333333321       0.66666666666666663        6.0397794921823332E-004
   9.3333333333333321        1.0000000000000000        9.5642190224500478E-004
   9.3333333333333321        1.3333333333333333        1.1197405648980690E-003
   9.3333333333333321        1.6666666666666665        1.9883432797441311E-003
   9.3333333333333321        2.0000000000000000        1.6758765367687562E-004
   9.3333333333333321        2.3333333333333330        8.2751924558556662E-005
   9.3333333333333321        2.6666666666666665        1.0202034861958332E-004
   9.3333333333333321        3.0000000000000000        2.0143171309685835E-004
   9.3333333333333321        3.3333333333333330        4.8023835077033722E-004
   9.3333333333333321        3.6666666666666665        7.1456190937383541E-004
   9.3333333333333321        4.0000000000000000        0.0000000000000000     
   9.3333333333333321        4.3333333333333330        1.6346388283787407E-004
   9.3333333333333321        4.6666666666666661        2.2075304225314206E-004
   9.3333333333333321        5.0000000000000000        2.6540786641949298E-003
   9.3333333333333321        5.3333333333333330        4.6006075078091719E-003
   9.3333333333333321        5.6666666666666661        3.0384228769354590E-003
   9.3333333333333321        6.0000000000000000        2.5053863426175685E-003
   9.3333333333333321        6.3333333333333330        2.6827952738037956E-003
   9.3333333333333321        6.6666666666666661        1.9125531489696348E-003
   9.3333333333333321        7.0000000000000000        1.1497247710904298E-003
   9.3333333333333321        7.3333333333333330        1.0234103946899535E-003
   9.3333333333333321        7.6666666666666661        9.4399909617348286E-004
   9.3333333333333321        8.0000000000000000        7.7123041112743919E-004
   9.3333333333333321        8.3333333333333321        8.3283609503792145E-005
   9.3333333333333321        8.6666666666666661        8.1690758785553337E-005
   9.3333333333333321        9.0000000000000000        1.2918449598092071E-004
   9.3333333333333321        9.3333333333333321        8.3970881794642442E-005
   9.3333333333333321        9.6666666666666661        2.5607554548753452E-005
   9.3333333333333321        10.000000000000000        0.0000000000000000     
 
   9.6666666666666661        0.0000000000000000        0.0000000000000000     
   9.6666666666666661       0.33333333333333331        1.2817942621576726E-004
   9.6666666666666661       0.66666666666666663        2.6879924305391376E-004
   9.6666666666666661        1.0000000000000000        4.0947611751967138E-004
   9.6666666666666661        1.3333333333333333        5.1199738436818445E-004
   9.6666666666666661        1.6666666666666665        6.4086691553393602E-004
   9.6666666666666661        2.0000000000000000        2.1073843792654933E-004
   9.6666666666666661        2.3333333333333330        8.5549704096935517E-005
   9.6666666666666661        2.6666666666666665        7.0552040399750505E-005
   9.6666666666666661        3.0000000000000000        1.1287635172175973E-004
   9.6666666666666661        3.3333333333333330        2.0742215621648454E-004
   9.6666666666666661        3.6666666666666665        2.8547317916180102E-004
   9.6666666666666661        4.0000000000000000        6.3725441203505429E-005
   9.6666666666666661        4.3333333333333330        1.4061185790075904E-004
   9.6666666666666661        4.6666666666666661        3.6316704231444043E-004
   9.6666666666666661        5.0000000000000000        1.1584459182703577E-003
   9.6666666666666661        5.3333333333333330        1.8181814453856544E-003
   9.6666666666666661        5.6666666666666661        4.3859910055942084E-004
   9.6666666666666661        6.0000000000000000        9.6098226375332624E-004
   9.6666666666666661        6.3333333333333330        1.0759947584315025E-003
   9.6666666666666661        6.6666666666666661        8.5437969861942701E-004
   9.6666666666666661        7.0000000000000000        5.9085639359024152E-004
   9.6666666666666661        7.3333333333333330        4.8015799167607583E-004
   9.6666666666666661        7.6666666666666661        4.0950275192292080E-004
   9.6666666666666661        8.0000000000000000        3.0405387444069865E-004
   9.6666666666666661        8.3333333333333321        1.0451661791601726E-004
   9.6666666666666661        8.6666666666666661        5.5855604176934576E-005
   9.6666666666666661        9.0000000000000000        5.1631857899063584E-005
   9.6666666666666661        9.3333333333333321        3.5084877531783490E-005
   9.6666666666666661        9.6666666666666661        1.4197155365851825E-005
   9.6666666666666661        10.000000000000000        0.0000000000000000     
 
   10.000000000000000        0.0000000000000000        0.0000000000000000     
   10.000000000000000       0.33333333333333331        0.0000000000000000     
   10.000000000000000       0.66666666666666663        0.0000000000000000     
   10.000000000000000        1.0000000000000000        0.0000000000000000     
   10.000000000000000        1.3333333333333333        0.0000000000000000     
   10.000000000000000        1.6666666666666665        0.0000000000000000     
   10.000000000000000        2.0000000000000000        0.0000000000000000     
   10.000000000000000        2.3333333333333330        0.0000000000000000     
   10.000000000000000        2.6666666666666665        0.0000000000000000     
   10.000000000000000        3.0000000000000000        0.0000000000000000     
   10.000000000000000        3.3333333333333330        0.0000000000000000     
   10.000000000000000        3.6666666666666665        0.0000000000000000     
   10.000000000000000        4.0000000000000000        0.0000000000000000     
   10.000000000000000        4.3333333333333330        0.0000000000000000     
   10.000000000000000        4.6666666666666661        0.0000000000000000     
   10.000000000000000        5.0000000000000000        0.0000000000000000     
   10.000000000000000        5.3333333333333330        0.0000000000000000     
   10.000000000000000        5.6666666666666661        0.0000000000000000     
   10.000000000000000        6.0000000000000000        0.0000000000000000     
   10.000000000000000        6.3333333333333330        0.0000000000000000     
   10.000000000000000        6.6666666666666661        0.0000000000000000     
   10.000000000000000        7.0000000000000000        0.0000000000000000     
   10.000000000000000        7.3333333333333330        0.0000000000000000     
   10.000000000000000        7.6666666666666661        0.0000000000000000     
   10.000000000000000        8.0000000000000000        0.0000000000000000     
   10.000000000000000        8.3333333333333321        0.0000000000000000     
   10.000000000000000        8.6666666666666661        0.0000000000000000     
   10.000000000000000        9.0000000000000000        0.0000000000000000     
   10.000000000000000        9.3333333333333321        0.0000000000000000     
   10.000000000000000        9.6666666666666661        0.0000000000000000     
   10.000000000000000        10.000000000000000        0.0000000000000000     
 
