   0.0000000000000000        0.0000000000000000        0.0000000000000000     
   0.0000000000000000       0.33333333333333331        0.0000000000000000     
   0.0000000000000000       0.66666666666666663        0.0000000000000000     
   0.0000000000000000        1.0000000000000000        0.0000000000000000     
   0.0000000000000000        1.3333333333333333        0.0000000000000000     
   0.0000000000000000        1.6666666666666665        0.0000000000000000     
   0.0000000000000000        2.0000000000000000        0.0000000000000000     
   0.0000000000000000        2.3333333333333330        0.0000000000000000     
   0.0000000000000000        2.6666666666666665        0.0000000000000000     
   0.0000000000000000        3.0000000000000000        0.0000000000000000     
   0.0000000000000000        3.3333333333333330        0.0000000000000000     
   0.0000000000000000        3.6666666666666665        0.0000000000000000     
   0.0000000000000000        4.0000000000000000        0.0000000000000000     
   0.0000000000000000        4.3333333333333330        0.0000000000000000     
   0.0000000000000000        4.6666666666666661        0.0000000000000000     
   0.0000000000000000        5.0000000000000000        0.0000000000000000     
   0.0000000000000000        5.3333333333333330        0.0000000000000000     
   0.0000000000000000        5.6666666666666661        0.0000000000000000     
   0.0000000000000000        6.0000000000000000        0.0000000000000000     
   0.0000000000000000        6.3333333333333330        0.0000000000000000     
   0.0000000000000000        6.6666666666666661        0.0000000000000000     
   0.0000000000000000        7.0000000000000000        0.0000000000000000     
   0.0000000000000000        7.3333333333333330        0.0000000000000000     
   0.0000000000000000        7.6666666666666661        0.0000000000000000     
   0.0000000000000000        8.0000000000000000        0.0000000000000000     
   0.0000000000000000        8.3333333333333321        0.0000000000000000     
   0.0000000000000000        8.6666666666666661        0.0000000000000000     
   0.0000000000000000        9.0000000000000000        0.0000000000000000     
   0.0000000000000000        9.3333333333333321        0.0000000000000000     
   0.0000000000000000        9.6666666666666661        0.0000000000000000     
   0.0000000000000000        10.000000000000000        0.0000000000000000     
 
  0.33333333333333331        0.0000000000000000        0.0000000000000000     
  0.33333333333333331       0.33333333333333331        2.8249067777940859E-004
  0.33333333333333331       0.66666666666666663        4.8496733394894206E-004
  0.33333333333333331        1.0000000000000000        5.3758516754153071E-004
  0.33333333333333331        1.3333333333333333        1.1524504950865414E-003
  0.33333333333333331        1.6666666666666665        1.6917625158136254E-003
  0.33333333333333331        2.0000000000000000        2.5350891847651879E-003
  0.33333333333333331        2.3333333333333330        3.0777562596710434E-003
  0.33333333333333331        2.6666666666666665        2.6869355792726096E-003
  0.33333333333333331        3.0000000000000000        5.0872136954206162E-003
  0.33333333333333331        3.3333333333333330        5.5740903543237217E-003
  0.33333333333333331        3.6666666666666665        5.4702204101397065E-003
  0.33333333333333331        4.0000000000000000        5.5406167330944930E-003
  0.33333333333333331        4.3333333333333330        5.4732846469356406E-003
  0.33333333333333331        4.6666666666666661        3.4032740855849046E-003
  0.33333333333333331        5.0000000000000000        4.8385411569171026E-003
  0.33333333333333331        5.3333333333333330        1.1229989525083639E-002
  0.33333333333333331        5.6666666666666661        1.3279716983755666E-002
  0.33333333333333331        6.0000000000000000        1.4290598746089973E-002
  0.33333333333333331        6.3333333333333330        1.4483642989444634E-002
  0.33333333333333331        6.6666666666666661        9.9820865011401184E-003
  0.33333333333333331        7.0000000000000000        1.5593380799455700E-002
  0.33333333333333331        7.3333333333333330        7.6340533616237830E-003
  0.33333333333333331        7.6666666666666661        7.4193839618773693E-003
  0.33333333333333331        8.0000000000000000        6.0472080042552386E-003
  0.33333333333333331        8.3333333333333321        4.3875364146240574E-003
  0.33333333333333331        8.6666666666666661        3.5943321868842928E-003
  0.33333333333333331        9.0000000000000000        2.7264711432433159E-003
  0.33333333333333331        9.3333333333333321        1.5513064417719288E-003
  0.33333333333333331        9.6666666666666661        6.8768599239038108E-004
  0.33333333333333331        10.000000000000000        0.0000000000000000     
 
  0.66666666666666663        0.0000000000000000        0.0000000000000000     
  0.66666666666666663       0.33333333333333331        6.5685072126287077E-004
  0.66666666666666663       0.66666666666666663        1.1405656836607587E-003
  0.66666666666666663        1.0000000000000000        2.7669369976449244E-003
  0.66666666666666663        1.3333333333333333        2.4330594978184995E-003
  0.66666666666666663        1.6666666666666665        3.1549364443716403E-003
  0.66666666666666663        2.0000000000000000        5.4789719940216801E-003
  0.66666666666666663        2.3333333333333330        7.2142308868439432E-003
  0.66666666666666663        2.6666666666666665        1.4403510378754543E-002
  0.66666666666666663        3.0000000000000000        1.2271473786671488E-002
  0.66666666666666663        3.3333333333333330        1.1935472871223806E-002
  0.66666666666666663        3.6666666666666665        1.0959727588757925E-002
  0.66666666666666663        4.0000000000000000        1.1411992074067243E-002
  0.66666666666666663        4.3333333333333330        1.3131778385105231E-002
  0.66666666666666663        4.6666666666666661        0.0000000000000000     
  0.66666666666666663        5.0000000000000000        3.0148105081835894E-002
  0.66666666666666663        5.3333333333333330        2.7043819333248020E-002
  0.66666666666666663        5.6666666666666661        2.7848658441546242E-002
  0.66666666666666663        6.0000000000000000        2.9628195929987899E-002
  0.66666666666666663        6.3333333333333330        3.3859770288210134E-002
  0.66666666666666663        6.6666666666666661        5.5234827122814023E-002
  0.66666666666666663        7.0000000000000000        4.4934378645745690E-002
  0.66666666666666663        7.3333333333333330        1.5801657860735344E-002
  0.66666666666666663        7.6666666666666661        1.6137384432671611E-002
  0.66666666666666663        8.0000000000000000        1.2516782288613023E-002
  0.66666666666666663        8.3333333333333321        8.0223951625789935E-003
  0.66666666666666663        8.6666666666666661        7.3690675193627134E-003
  0.66666666666666663        9.0000000000000000        5.8461490852950984E-003
  0.66666666666666663        9.3333333333333321        2.8424199600074647E-003
  0.66666666666666663        9.6666666666666661        1.2229192571662827E-003
  0.66666666666666663        10.000000000000000        0.0000000000000000     
 
   1.0000000000000000        0.0000000000000000        0.0000000000000000     
   1.0000000000000000       0.33333333333333331        1.2306455780094687E-003
   1.0000000000000000       0.66666666666666663        2.3258503529103728E-003
   1.0000000000000000        1.0000000000000000        3.2216532465017228E-003
   1.0000000000000000        1.3333333333333333        2.7669369976449244E-003
   1.0000000000000000        1.6666666666666665        9.2480745279452225E-003
   1.0000000000000000        2.0000000000000000        9.2404044733882841E-003
   1.0000000000000000        2.3333333333333330        1.3370652387209440E-002
   1.0000000000000000        2.6666666666666665        1.7052609472812747E-002
   1.0000000000000000        3.0000000000000000        1.8086414337742249E-002
   1.0000000000000000        3.3333333333333330        1.9337531965036292E-002
   1.0000000000000000        3.6666666666666665        1.5397682408862263E-002
   1.0000000000000000        4.0000000000000000        1.6403281340869644E-002
   1.0000000000000000        4.3333333333333330        2.2936349562738368E-002
   1.0000000000000000        4.6666666666666661        3.3095405116007968E-002
   1.0000000000000000        5.0000000000000000        3.3982604791341527E-002
   1.0000000000000000        5.3333333333333330        3.9528503142731944E-002
   1.0000000000000000        5.6666666666666661        4.1949360808678650E-002
   1.0000000000000000        6.0000000000000000        4.2957140180788195E-002
   1.0000000000000000        6.3333333333333330        5.7874348145299181E-002
   1.0000000000000000        6.6666666666666661        6.6072699085939809E-002
   1.0000000000000000        7.0000000000000000        6.4414920732834405E-002
   1.0000000000000000        7.3333333333333330        5.1520418168361969E-002
   1.0000000000000000        7.6666666666666661        2.9116827551480824E-002
   1.0000000000000000        8.0000000000000000        2.0133303901903921E-002
   1.0000000000000000        8.3333333333333321        1.5099154053668776E-002
   1.0000000000000000        8.6666666666666661        1.2229911693173242E-002
   1.0000000000000000        9.0000000000000000        1.0628045236760586E-002
   1.0000000000000000        9.3333333333333321        1.3540810098929992E-003
   1.0000000000000000        9.6666666666666661        1.4028516324715635E-003
   1.0000000000000000        10.000000000000000        0.0000000000000000     
 
   1.3333333333333333        0.0000000000000000        0.0000000000000000     
   1.3333333333333333       0.33333333333333331        1.9863924611364381E-003
   1.3333333333333333       0.66666666666666663        3.7999111103158107E-003
   1.3333333333333333        1.0000000000000000        5.1562582115541027E-003
   1.3333333333333333        1.3333333333333333        1.0469236629147676E-002
   1.3333333333333333        1.6666666666666665        9.6540863008467703E-003
   1.3333333333333333        2.0000000000000000        2.1623153046483327E-002
   1.3333333333333333        2.3333333333333330        2.0466072501462880E-002
   1.3333333333333333        2.6666666666666665        2.2937274294387397E-002
   1.3333333333333333        3.0000000000000000        2.4271954108531776E-002
   1.3333333333333333        3.3333333333333330        3.2517311605530348E-002
   1.3333333333333333        3.6666666666666665        5.8729423979414226E-002
   1.3333333333333333        4.0000000000000000        4.5519026941252885E-002
   1.3333333333333333        4.3333333333333330        3.9961869720438380E-002
   1.3333333333333333        4.6666666666666661        6.5051912602099679E-002
   1.3333333333333333        5.0000000000000000        6.0690270640737648E-002
   1.3333333333333333        5.3333333333333330        5.5930380885874910E-002
   1.3333333333333333        5.6666666666666661        5.8166311546683072E-002
   1.3333333333333333        6.0000000000000000        9.8695551725549613E-002
   1.3333333333333333        6.3333333333333330        8.9131823827528128E-002
   1.3333333333333333        6.6666666666666661        8.7311257182882351E-002
   1.3333333333333333        7.0000000000000000        8.2769438403649767E-002
   1.3333333333333333        7.3333333333333330        7.4466889299059050E-002
   1.3333333333333333        7.6666666666666661        1.8636497691415510E-002
   1.3333333333333333        8.0000000000000000        1.9189513093776853E-002
   1.3333333333333333        8.3333333333333321        1.8406739402788943E-002
   1.3333333333333333        8.6666666666666661        1.6182411231065348E-002
   1.3333333333333333        9.0000000000000000        1.4127335110273755E-002
   1.3333333333333333        9.3333333333333321        6.5941892408085080E-003
   1.3333333333333333        9.6666666666666661        3.0806446442389114E-003
   1.3333333333333333        10.000000000000000        0.0000000000000000     
 
   1.6666666666666665        0.0000000000000000        0.0000000000000000     
   1.6666666666666665       0.33333333333333331        2.9837353812387207E-003
   1.6666666666666665       0.66666666666666663        5.8637161741159367E-003
   1.6666666666666665        1.0000000000000000        8.6295398179121793E-003
   1.6666666666666665        1.3333333333333333        1.1692707866948466E-002
   1.6666666666666665        1.6666666666666665        2.4304297572887087E-002
   1.6666666666666665        2.0000000000000000        2.3524649847616420E-002
   1.6666666666666665        2.3333333333333330        2.4629439986055272E-002
   1.6666666666666665        2.6666666666666665        3.0688735510458691E-002
   1.6666666666666665        3.0000000000000000        5.7941514202324310E-002
   1.6666666666666665        3.3333333333333330        5.4765199934337622E-002
   1.6666666666666665        3.6666666666666665        6.0049399607690651E-002
   1.6666666666666665        4.0000000000000000        5.2270530147810038E-002
   1.6666666666666665        4.3333333333333330        5.2494327838369999E-002
   1.6666666666666665        4.6666666666666661        6.6495519500024941E-002
   1.6666666666666665        5.0000000000000000        6.6621444547523917E-002
   1.6666666666666665        5.3333333333333330        6.6328340636905250E-002
   1.6666666666666665        5.6666666666666661        7.7481803743660135E-002
   1.6666666666666665        6.0000000000000000       0.10875108364358174     
   1.6666666666666665        6.3333333333333330       0.11312255214453500     
   1.6666666666666665        6.6666666666666661       0.11175497660030924     
   1.6666666666666665        7.0000000000000000       0.10539554227498389     
   1.6666666666666665        7.3333333333333330        8.9672126860526211E-002
   1.6666666666666665        7.6666666666666661        1.8045888685071718E-002
   1.6666666666666665        8.0000000000000000        2.0101223354796482E-002
   1.6666666666666665        8.3333333333333321        2.3646536804986185E-002
   1.6666666666666665        8.6666666666666661        2.0405523129801734E-002
   1.6666666666666665        9.0000000000000000        1.5969487431523492E-002
   1.6666666666666665        9.3333333333333321        1.0298805996210938E-002
   1.6666666666666665        9.6666666666666661        4.4178086850308980E-003
   1.6666666666666665        10.000000000000000        0.0000000000000000     
 
   2.0000000000000000        0.0000000000000000        0.0000000000000000     
   2.0000000000000000       0.33333333333333331        4.1778558522537054E-003
   2.0000000000000000       0.66666666666666663        8.2262733301945671E-003
   2.0000000000000000        1.0000000000000000        1.2083477897082398E-002
   2.0000000000000000        1.3333333333333333        1.6373560459510911E-002
   2.0000000000000000        1.6666666666666665        2.5824894155506418E-002
   2.0000000000000000        2.0000000000000000        2.4304297572887087E-002
   2.0000000000000000        2.3333333333333330        4.4240341011260141E-002
   2.0000000000000000        2.6666666666666665        4.5379613599444139E-002
   2.0000000000000000        3.0000000000000000        6.2285486773490092E-002
   2.0000000000000000        3.3333333333333330        6.9662533277131317E-002
   2.0000000000000000        3.6666666666666665        7.5664709099016389E-002
   2.0000000000000000        4.0000000000000000       0.11593337586593921     
   2.0000000000000000        4.3333333333333330       0.11002424542678370     
   2.0000000000000000        4.6666666666666661        8.3148855387091214E-002
   2.0000000000000000        5.0000000000000000        7.4220058736929870E-002
   2.0000000000000000        5.3333333333333330        0.0000000000000000     
   2.0000000000000000        5.6666666666666661       0.18617493230130755     
   2.0000000000000000        6.0000000000000000       0.14608421043799594     
   2.0000000000000000        6.3333333333333330       0.14313955082436824     
   2.0000000000000000        6.6666666666666661       0.14147457675361397     
   2.0000000000000000        7.0000000000000000       0.13773408984997096     
   2.0000000000000000        7.3333333333333330        1.5926438819494345E-002
   2.0000000000000000        7.6666666666666661        1.6639780562351620E-002
   2.0000000000000000        8.0000000000000000        5.2822119012085056E-002
   2.0000000000000000        8.3333333333333321        3.6205246087550928E-002
   2.0000000000000000        8.6666666666666661        2.6306772796532273E-002
   2.0000000000000000        9.0000000000000000        1.9455485777406984E-002
   2.0000000000000000        9.3333333333333321        1.4491351579601047E-002
   2.0000000000000000        9.6666666666666661        2.9572562531884165E-003
   2.0000000000000000        10.000000000000000        0.0000000000000000     
 
   2.3333333333333330        0.0000000000000000        0.0000000000000000     
   2.3333333333333330       0.33333333333333331        5.6158691063478705E-003
   2.3333333333333330       0.66666666666666663        1.1006446750155044E-002
   2.3333333333333330        1.0000000000000000        1.5443304908959824E-002
   2.3333333333333330        1.3333333333333333        3.8279883486226580E-002
   2.3333333333333330        1.6666666666666665        3.9002644710230745E-002
   2.3333333333333330        2.0000000000000000        7.1028902926898160E-002
   2.3333333333333330        2.3333333333333330        8.3792731815523797E-002
   2.3333333333333330        2.6666666666666665        8.3654543506069892E-002
   2.3333333333333330        3.0000000000000000        7.7302278023187301E-002
   2.3333333333333330        3.3333333333333330        8.7074851969866626E-002
   2.3333333333333330        3.6666666666666665        9.8443218653673725E-002
   2.3333333333333330        4.0000000000000000       0.11711338278713022     
   2.3333333333333330        4.3333333333333330       0.13798971358800513     
   2.3333333333333330        4.6666666666666661       0.21839719244933456     
   2.3333333333333330        5.0000000000000000       0.24285815733174781     
   2.3333333333333330        5.3333333333333330       0.24039171851448612     
   2.3333333333333330        5.6666666666666661       0.22531767396989322     
   2.3333333333333330        6.0000000000000000       0.19836122632613318     
   2.3333333333333330        6.3333333333333330       0.17175448970234952     
   2.3333333333333330        6.6666666666666661       0.17315360811071751     
   2.3333333333333330        7.0000000000000000       0.16628119052677701     
   2.3333333333333330        7.3333333333333330       0.18323032319726426     
   2.3333333333333330        7.6666666666666661       0.11482984266884985     
   2.3333333333333330        8.0000000000000000        6.9945546654914842E-002
   2.3333333333333330        8.3333333333333321        4.2584642999962501E-002
   2.3333333333333330        8.6666666666666661        2.9676449974264909E-002
   2.3333333333333330        9.0000000000000000        2.1503933844052765E-002
   2.3333333333333330        9.3333333333333321        1.4085049872375622E-002
   2.3333333333333330        9.6666666666666661        5.9925965318255352E-003
   2.3333333333333330        10.000000000000000        0.0000000000000000     
 
   2.6666666666666665        0.0000000000000000        0.0000000000000000     
   2.6666666666666665       0.33333333333333331        7.4113725734098806E-003
   2.6666666666666665       0.66666666666666663        1.4996079011107897E-002
   2.6666666666666665        1.0000000000000000        2.3592863559080055E-002
   2.6666666666666665        1.3333333333333333        3.8285782437152284E-002
   2.6666666666666665        1.6666666666666665        5.3645679214712118E-002
   2.6666666666666665        2.0000000000000000        7.1959740413401724E-002
   2.6666666666666665        2.3333333333333330        8.4746535406247617E-002
   2.6666666666666665        2.6666666666666665        9.1035406867757823E-002
   2.6666666666666665        3.0000000000000000       0.11067538138096525     
   2.6666666666666665        3.3333333333333330       0.10394447664138770     
   2.6666666666666665        3.6666666666666665       0.11493078719691392     
   2.6666666666666665        4.0000000000000000       0.18743325862459573     
   2.6666666666666665        4.3333333333333330       0.18757373613459646     
   2.6666666666666665        4.6666666666666661       0.21775916291182443     
   2.6666666666666665        5.0000000000000000       0.24125981187318815     
   2.6666666666666665        5.3333333333333330       0.25334977579829610     
   2.6666666666666665        5.6666666666666661       0.24756391343658013     
   2.6666666666666665        6.0000000000000000       0.22384284633888799     
   2.6666666666666665        6.3333333333333330       0.23789576411252461     
   2.6666666666666665        6.6666666666666661       0.21239247870451700     
   2.6666666666666665        7.0000000000000000       0.18743140351262086     
   2.6666666666666665        7.3333333333333330       0.18267382105215843     
   2.6666666666666665        7.6666666666666661       0.15977359839428093     
   2.6666666666666665        8.0000000000000000        3.4363031967879910E-002
   2.6666666666666665        8.3333333333333321        3.5057084233631026E-002
   2.6666666666666665        8.6666666666666661        2.8857023697408835E-002
   2.6666666666666665        9.0000000000000000        2.3272551398915823E-002
   2.6666666666666665        9.3333333333333321        1.4694437956430436E-002
   2.6666666666666665        9.6666666666666661        7.0785580743549115E-003
   2.6666666666666665        10.000000000000000        0.0000000000000000     
 
   3.0000000000000000        0.0000000000000000        0.0000000000000000     
   3.0000000000000000       0.33333333333333331        9.1837225017480737E-003
   3.0000000000000000       0.66666666666666663        1.8268784621931447E-002
   3.0000000000000000        1.0000000000000000        2.6087797020334716E-002
   3.0000000000000000        1.3333333333333333        6.1099256216147271E-002
   3.0000000000000000        1.6666666666666665        6.6094839679664522E-002
   3.0000000000000000        2.0000000000000000        7.9256563342391340E-002
   3.0000000000000000        2.3333333333333330        9.3049057663219040E-002
   3.0000000000000000        2.6666666666666665       0.10555242343200877     
   3.0000000000000000        3.0000000000000000       0.11809913539465537     
   3.0000000000000000        3.3333333333333330       0.15041779058304336     
   3.0000000000000000        3.6666666666666665       0.14309058425022589     
   3.0000000000000000        4.0000000000000000       0.20730945484053834     
   3.0000000000000000        4.3333333333333330       0.20706641419518124     
   3.0000000000000000        4.6666666666666661       0.22299783947299548     
   3.0000000000000000        5.0000000000000000       0.24935110076451425     
   3.0000000000000000        5.3333333333333330       0.28169779327558048     
   3.0000000000000000        5.6666666666666661       0.28525748906713688     
   3.0000000000000000        6.0000000000000000       0.29232980823315480     
   3.0000000000000000        6.3333333333333330       0.26094369558500385     
   3.0000000000000000        6.6666666666666661       0.24936561076497227     
   3.0000000000000000        7.0000000000000000       0.21844178005384773     
   3.0000000000000000        7.3333333333333330       0.19954033729420637     
   3.0000000000000000        7.6666666666666661       0.18141588484932364     
   3.0000000000000000        8.0000000000000000       0.15589177859129685     
   3.0000000000000000        8.3333333333333321        2.7314812954013501E-002
   3.0000000000000000        8.6666666666666661        2.8023294432212301E-002
   3.0000000000000000        9.0000000000000000        2.8553219668682996E-002
   3.0000000000000000        9.3333333333333321        1.4247125659539981E-002
   3.0000000000000000        9.6666666666666661        7.7975484304617674E-003
   3.0000000000000000        10.000000000000000        0.0000000000000000     
 
   3.3333333333333330        0.0000000000000000        0.0000000000000000     
   3.3333333333333330       0.33333333333333331        1.1217032019492302E-002
   3.3333333333333330       0.66666666666666663        2.3118650409409705E-002
   3.3333333333333330        1.0000000000000000        3.6824864438779817E-002
   3.3333333333333330        1.3333333333333333        5.6816559188676515E-002
   3.3333333333333330        1.6666666666666665        7.1107424629990354E-002
   3.3333333333333330        2.0000000000000000        8.6647374332264757E-002
   3.3333333333333330        2.3333333333333330       0.10330586369645915     
   3.3333333333333330        2.6666666666666665       0.12058734220579194     
   3.3333333333333330        3.0000000000000000       0.13849878211426903     
   3.3333333333333330        3.3333333333333330       0.15765217574058338     
   3.3333333333333330        3.6666666666666665       0.16401002746747639     
   3.3333333333333330        4.0000000000000000       0.20764800064702477     
   3.3333333333333330        4.3333333333333330       0.20995469834220823     
   3.3333333333333330        4.6666666666666661       0.21683643531948374     
   3.3333333333333330        5.0000000000000000       0.36200156700806058     
   3.3333333333333330        5.3333333333333330       0.33515899140096084     
   3.3333333333333330        5.6666666666666661       0.32257759902494404     
   3.3333333333333330        6.0000000000000000       0.31931151076908981     
   3.3333333333333330        6.3333333333333330       0.29814450267420833     
   3.3333333333333330        6.6666666666666661       0.27189367069118114     
   3.3333333333333330        7.0000000000000000       0.23570403305832041     
   3.3333333333333330        7.3333333333333330       0.21451159920793236     
   3.3333333333333330        7.6666666666666661       0.18424912289111856     
   3.3333333333333330        8.0000000000000000       0.15614233228618929     
   3.3333333333333330        8.3333333333333321        9.3221141394705179E-002
   3.3333333333333330        8.6666666666666661        4.7858767596182926E-002
   3.3333333333333330        9.0000000000000000        3.4966528498842374E-002
   3.3333333333333330        9.3333333333333321        2.0980080566892247E-002
   3.3333333333333330        9.6666666666666661        1.0028991481536402E-002
   3.3333333333333330        10.000000000000000        0.0000000000000000     
 
   3.6666666666666665        0.0000000000000000        0.0000000000000000     
   3.6666666666666665       0.33333333333333331        1.2740101452512169E-002
   3.6666666666666665       0.66666666666666663        2.6501313133714163E-002
   3.6666666666666665        1.0000000000000000        4.1756243970158584E-002
   3.6666666666666665        1.3333333333333333        5.8853747193896112E-002
   3.6666666666666665        1.6666666666666665        7.5511088922866440E-002
   3.6666666666666665        2.0000000000000000        9.3495983004577635E-002
   3.6666666666666665        2.3333333333333330       0.11336775378915157     
   3.6666666666666665        2.6666666666666665       0.13519702762074773     
   3.6666666666666665        3.0000000000000000       0.15758903672316096     
   3.6666666666666665        3.3333333333333330       0.17731060717254293     
   3.6666666666666665        3.6666666666666665       0.19085182931160860     
   3.6666666666666665        4.0000000000000000       0.20459928525245977     
   3.6666666666666665        4.3333333333333330       0.20764800064702477     
   3.6666666666666665        4.6666666666666661       0.40576871049881319     
   3.6666666666666665        5.0000000000000000       0.38144613173452502     
   3.6666666666666665        5.3333333333333330       0.36820377351700923     
   3.6666666666666665        5.6666666666666661       0.34498482960303950     
   3.6666666666666665        6.0000000000000000       0.33752518181908975     
   3.6666666666666665        6.3333333333333330       0.31971184677477943     
   3.6666666666666665        6.6666666666666661       0.30069624177802973     
   3.6666666666666665        7.0000000000000000       0.25720267623687837     
   3.6666666666666665        7.3333333333333330       0.23699494031663976     
   3.6666666666666665        7.6666666666666661       0.12772194417063729     
   3.6666666666666665        8.0000000000000000       0.12835199065119854     
   3.6666666666666665        8.3333333333333321        9.4094653855415433E-002
   3.6666666666666665        8.6666666666666661        6.1435167832935449E-002
   3.6666666666666665        9.0000000000000000        4.3055002367792028E-002
   3.6666666666666665        9.3333333333333321        2.5052265166924565E-002
   3.6666666666666665        9.6666666666666661        1.1527339808195125E-002
   3.6666666666666665        10.000000000000000        0.0000000000000000     
 
   4.0000000000000000        0.0000000000000000        0.0000000000000000     
   4.0000000000000000       0.33333333333333331        1.3423528853033214E-002
   4.0000000000000000       0.66666666666666663        2.8742051036680861E-002
   4.0000000000000000        1.0000000000000000        4.5335404978281577E-002
   4.0000000000000000        1.3333333333333333        6.1903886694462021E-002
   4.0000000000000000        1.6666666666666665        7.9141634750000703E-002
   4.0000000000000000        2.0000000000000000        9.8881620290872441E-002
   4.0000000000000000        2.3333333333333330       0.12164655468022050     
   4.0000000000000000        2.6666666666666665       0.14904995682512412     
   4.0000000000000000        3.0000000000000000       0.17872880152720766     
   4.0000000000000000        3.3333333333333330       0.20217198175829734     
   4.0000000000000000        3.6666666666666665       0.21637571947074410     
   4.0000000000000000        4.0000000000000000       0.21124717685793098     
   4.0000000000000000        4.3333333333333330       0.42484870079634340     
   4.0000000000000000        4.6666666666666661       0.42050119820836052     
   4.0000000000000000        5.0000000000000000       0.41934504985119653     
   4.0000000000000000        5.3333333333333330       0.40346583732662405     
   4.0000000000000000        5.6666666666666661       0.38225743297065168     
   4.0000000000000000        6.0000000000000000       0.35973242402399996     
   4.0000000000000000        6.3333333333333330       0.33686819293495512     
   4.0000000000000000        6.6666666666666661       0.30566455220140643     
   4.0000000000000000        7.0000000000000000       0.27435201531992176     
   4.0000000000000000        7.3333333333333330       0.20032853032567902     
   4.0000000000000000        7.6666666666666661       0.14741118876478426     
   4.0000000000000000        8.0000000000000000       0.13590557538519243     
   4.0000000000000000        8.3333333333333321       0.10104739799965247     
   4.0000000000000000        8.6666666666666661        6.1100123791055262E-002
   4.0000000000000000        9.0000000000000000        5.1364802454648598E-002
   4.0000000000000000        9.3333333333333321        1.9863004189618002E-002
   4.0000000000000000        9.6666666666666661        1.1225875874512691E-002
   4.0000000000000000        10.000000000000000        0.0000000000000000     
 
   4.3333333333333330        0.0000000000000000        0.0000000000000000     
   4.3333333333333330       0.33333333333333331        1.2393443527957772E-002
   4.3333333333333330       0.66666666666666663        3.0069172753594293E-002
   4.3333333333333330        1.0000000000000000        4.9441610396402422E-002
   4.3333333333333330        1.3333333333333333        6.4840821503107160E-002
   4.3333333333333330        1.6666666666666665        8.0769108350765201E-002
   4.3333333333333330        2.0000000000000000       0.10154614066434052     
   4.3333333333333330        2.3333333333333330       0.12524080245764163     
   4.3333333333333330        2.6666666666666665       0.16001426225045373     
   4.3333333333333330        3.0000000000000000       0.20479019164832224     
   4.3333333333333330        3.3333333333333330       0.23440376682182484     
   4.3333333333333330        3.6666666666666665       0.25912880026403978     
   4.3333333333333330        4.0000000000000000       0.40737916912126032     
   4.3333333333333330        4.3333333333333330       0.41850505690159057     
   4.3333333333333330        4.6666666666666661       0.43050568354959223     
   4.3333333333333330        5.0000000000000000       0.42484438354083304     
   4.3333333333333330        5.3333333333333330       0.41328755388278099     
   4.3333333333333330        5.6666666666666661       0.39622831026381122     
   4.3333333333333330        6.0000000000000000       0.37480953019673036     
   4.3333333333333330        6.3333333333333330       0.35592910866582467     
   4.3333333333333330        6.6666666666666661       0.29234192966142125     
   4.3333333333333330        7.0000000000000000       0.25633419261354740     
   4.3333333333333330        7.3333333333333330       0.19892680787346592     
   4.3333333333333330        7.6666666666666661       0.15891331194909680     
   4.3333333333333330        8.0000000000000000       0.13219910816231079     
   4.3333333333333330        8.3333333333333321       0.10164638657328556     
   4.3333333333333330        8.6666666666666661        7.1492832936081302E-002
   4.3333333333333330        9.0000000000000000        5.0570126989288748E-002
   4.3333333333333330        9.3333333333333321        2.8789242085040811E-002
   4.3333333333333330        9.6666666666666661        1.3688179508919162E-002
   4.3333333333333330        10.000000000000000        0.0000000000000000     
 
   4.6666666666666661        0.0000000000000000        0.0000000000000000     
   4.6666666666666661       0.33333333333333331        6.2451338342307669E-003
   4.6666666666666661       0.66666666666666663        5.7325618574759971E-002
   4.6666666666666661        1.0000000000000000        5.8062605738672314E-002
   4.6666666666666661        1.3333333333333333        6.7824489177337507E-002
   4.6666666666666661        1.6666666666666665        7.8047111393600113E-002
   4.6666666666666661        2.0000000000000000       0.11157365681995446     
   4.6666666666666661        2.3333333333333330       0.11762688413923719     
   4.6666666666666661        2.6666666666666665       0.24725729047401035     
   4.6666666666666661        3.0000000000000000       0.24382188229564539     
   4.6666666666666661        3.3333333333333330       0.26842303527180483     
   4.6666666666666661        3.6666666666666665       0.32267708978732634     
   4.6666666666666661        4.0000000000000000       0.38622063381365723     
   4.6666666666666661        4.3333333333333330       0.41280426632846845     
   4.6666666666666661        4.6666666666666661       0.42517286986841846     
   4.6666666666666661        5.0000000000000000       0.42555481108114362     
   4.6666666666666661        5.3333333333333330       0.41851765313102141     
   4.6666666666666661        5.6666666666666661       0.40529715967249380     
   4.6666666666666661        6.0000000000000000       0.37911474377231563     
   4.6666666666666661        6.3333333333333330       0.34874940327413856     
   4.6666666666666661        6.6666666666666661       0.32357191713558753     
   4.6666666666666661        7.0000000000000000       0.17935400007245567     
   4.6666666666666661        7.3333333333333330       0.17865009838963219     
   4.6666666666666661        7.6666666666666661       0.15672569999559888     
   4.6666666666666661        8.0000000000000000       0.13246771712794822     
   4.6666666666666661        8.3333333333333321       0.10231279663762564     
   4.6666666666666661        8.6666666666666661        7.3243285194814850E-002
   4.6666666666666661        9.0000000000000000        5.1185666640970413E-002
   4.6666666666666661        9.3333333333333321        3.1404252425361774E-002
   4.6666666666666661        9.6666666666666661        1.4930696560489651E-002
   4.6666666666666661        10.000000000000000        0.0000000000000000     
 
   5.0000000000000000        0.0000000000000000        0.0000000000000000     
   5.0000000000000000       0.33333333333333331        6.4293124633195116E-003
   5.0000000000000000       0.66666666666666663        4.8451072667153539E-002
   5.0000000000000000        1.0000000000000000        5.8311267877735780E-002
   5.0000000000000000        1.3333333333333333        7.0974445445696172E-002
   5.0000000000000000        1.6666666666666665        8.6130549258214714E-002
   5.0000000000000000        2.0000000000000000       0.10582819222165248     
   5.0000000000000000        2.3333333333333330       0.11622402951915885     
   5.0000000000000000        2.6666666666666665       0.25497583001940571     
   5.0000000000000000        3.0000000000000000       0.25142680839596127     
   5.0000000000000000        3.3333333333333330       0.37913440281458577     
   5.0000000000000000        3.6666666666666665       0.37044268351677501     
   5.0000000000000000        4.0000000000000000       0.39291439907144649     
   5.0000000000000000        4.3333333333333330       0.41109757327034857     
   5.0000000000000000        4.6666666666666661       0.42108046157871887     
   5.0000000000000000        5.0000000000000000       0.42295093347412888     
   5.0000000000000000        5.3333333333333330       0.41955490440810317     
   5.0000000000000000        5.6666666666666661       0.41759502721304426     
   5.0000000000000000        6.0000000000000000       0.33128029135731973     
   5.0000000000000000        6.3333333333333330       0.32926029144516783     
   5.0000000000000000        6.6666666666666661       0.26521220840224341     
   5.0000000000000000        7.0000000000000000       0.19718086391743206     
   5.0000000000000000        7.3333333333333330       0.17877449943777440     
   5.0000000000000000        7.6666666666666661       0.15654118556228824     
   5.0000000000000000        8.0000000000000000       0.13872685112202252     
   5.0000000000000000        8.3333333333333321        7.9641613046564530E-002
   5.0000000000000000        8.6666666666666661        6.8559060707270095E-002
   5.0000000000000000        9.0000000000000000        5.0066276822629374E-002
   5.0000000000000000        9.3333333333333321        3.1103983704051544E-002
   5.0000000000000000        9.6666666666666661        1.4835655255271670E-002
   5.0000000000000000        10.000000000000000        0.0000000000000000     
 
   5.3333333333333330        0.0000000000000000        0.0000000000000000     
   5.3333333333333330       0.33333333333333331        1.3131459967945788E-002
   5.3333333333333330       0.66666666666666663        3.9168014132596879E-002
   5.3333333333333330        1.0000000000000000        5.6381360340688143E-002
   5.3333333333333330        1.3333333333333333        7.2242070303749517E-002
   5.3333333333333330        1.6666666666666665        9.0203030882436808E-002
   5.3333333333333330        2.0000000000000000       0.10973877377210010     
   5.3333333333333330        2.3333333333333330       0.12541516205146500     
   5.3333333333333330        2.6666666666666665       0.23089398695440511     
   5.3333333333333330        3.0000000000000000       0.25196510462422345     
   5.3333333333333330        3.3333333333333330       0.36672114883547424     
   5.3333333333333330        3.6666666666666665       0.37872002126224041     
   5.3333333333333330        4.0000000000000000       0.39462437755806096     
   5.3333333333333330        4.3333333333333330       0.40753263387581506     
   5.3333333333333330        4.6666666666666661       0.41459686151152358     
   5.3333333333333330        5.0000000000000000       0.41502349858225002     
   5.3333333333333330        5.3333333333333330       0.40872492911534702     
   5.3333333333333330        5.6666666666666661       0.34183531773020004     
   5.3333333333333330        6.0000000000000000       0.32692581466113868     
   5.3333333333333330        6.3333333333333330       0.30144413740725434     
   5.3333333333333330        6.6666666666666661       0.26150052975553867     
   5.3333333333333330        7.0000000000000000       0.21418483211330402     
   5.3333333333333330        7.3333333333333330       0.18186110991866911     
   5.3333333333333330        7.6666666666666661       0.15161387707495599     
   5.3333333333333330        8.0000000000000000       0.12719503545458216     
   5.3333333333333330        8.3333333333333321        9.1420451301755010E-002
   5.3333333333333330        8.6666666666666661        7.1944091602033855E-002
   5.3333333333333330        9.0000000000000000        4.9981628416443789E-002
   5.3333333333333330        9.3333333333333321        2.8513922068318071E-002
   5.3333333333333330        9.6666666666666661        1.3518320676781192E-002
   5.3333333333333330        10.000000000000000        0.0000000000000000     
 
   5.6666666666666661        0.0000000000000000        0.0000000000000000     
   5.6666666666666661       0.33333333333333331        7.0973411773647133E-003
   5.6666666666666661       0.66666666666666663        1.7760033075274968E-002
   5.6666666666666661        1.0000000000000000        5.1050870400166849E-002
   5.6666666666666661        1.3333333333333333        7.1980565893394258E-002
   5.6666666666666661        1.6666666666666665        9.3178707552613996E-002
   5.6666666666666661        2.0000000000000000       0.11778696463681959     
   5.6666666666666661        2.3333333333333330       0.15026458931260428     
   5.6666666666666661        2.6666666666666665       0.20696655614776194     
   5.6666666666666661        3.0000000000000000       0.27000034525307320     
   5.6666666666666661        3.3333333333333330       0.34676427732039916     
   5.6666666666666661        3.6666666666666665       0.37459444708368911     
   5.6666666666666661        4.0000000000000000       0.39014212833508333     
   5.6666666666666661        4.3333333333333330       0.40004302600412722     
   5.6666666666666661        4.6666666666666661       0.40463855672790255     
   5.6666666666666661        5.0000000000000000       0.40364958333236978     
   5.6666666666666661        5.3333333333333330       0.38169053638360850     
   5.6666666666666661        5.6666666666666661       0.34988354715067566     
   5.6666666666666661        6.0000000000000000       0.28503909396404226     
   5.6666666666666661        6.3333333333333330       0.28288688702103904     
   5.6666666666666661        6.6666666666666661       0.21863089256847715     
   5.6666666666666661        7.0000000000000000       0.17818710851414207     
   5.6666666666666661        7.3333333333333330       0.14367638024926607     
   5.6666666666666661        7.6666666666666661       0.14061898020892985     
   5.6666666666666661        8.0000000000000000        9.4032527650744852E-002
   5.6666666666666661        8.3333333333333321        8.7524692141983260E-002
   5.6666666666666661        8.6666666666666661        7.8513689549243704E-002
   5.6666666666666661        9.0000000000000000        1.9459544349532745E-002
   5.6666666666666661        9.3333333333333321        1.9849687730981367E-002
   5.6666666666666661        9.6666666666666661        1.0930781654444510E-002
   5.6666666666666661        10.000000000000000        0.0000000000000000     
 
   6.0000000000000000        0.0000000000000000        0.0000000000000000     
   6.0000000000000000       0.33333333333333331        8.2678094462376502E-003
   6.0000000000000000       0.66666666666666663        1.8084146945745741E-002
   6.0000000000000000        1.0000000000000000        3.0619273506494637E-002
   6.0000000000000000        1.3333333333333333        0.0000000000000000     
   6.0000000000000000        1.6666666666666665       0.11742512512725239     
   6.0000000000000000        2.0000000000000000       0.11816384840358674     
   6.0000000000000000        2.3333333333333330       0.15843576494956055     
   6.0000000000000000        2.6666666666666665       0.17457808874129466     
   6.0000000000000000        3.0000000000000000       0.37670002811894804     
   6.0000000000000000        3.3333333333333330       0.36861647557849447     
   6.0000000000000000        3.6666666666666665       0.37456949668856182     
   6.0000000000000000        4.0000000000000000       0.38248023517767815     
   6.0000000000000000        4.3333333333333330       0.38857843420971538     
   6.0000000000000000        4.6666666666666661       0.39072790516797107     
   6.0000000000000000        5.0000000000000000       0.35955492117804955     
   6.0000000000000000        5.3333333333333330       0.35585880268033532     
   6.0000000000000000        5.6666666666666661       0.31887619025284236     
   6.0000000000000000        6.0000000000000000       0.28264961684701856     
   6.0000000000000000        6.3333333333333330       0.25770183422399201     
   6.0000000000000000        6.6666666666666661       0.21651556472287017     
   6.0000000000000000        7.0000000000000000       0.17736013915709117     
   6.0000000000000000        7.3333333333333330       0.14679185692078545     
   6.0000000000000000        7.6666666666666661       0.12665502421594702     
   6.0000000000000000        8.0000000000000000       0.10136402000464304     
   6.0000000000000000        8.3333333333333321        8.6941424828167774E-002
   6.0000000000000000        8.6666666666666661        7.6902184419164271E-002
   6.0000000000000000        9.0000000000000000        2.9883985262710674E-002
   6.0000000000000000        9.3333333333333321        2.0848801432257494E-002
   6.0000000000000000        9.6666666666666661        1.0552112379084558E-002
   6.0000000000000000        10.000000000000000        0.0000000000000000     
 
   6.3333333333333330        0.0000000000000000        0.0000000000000000     
   6.3333333333333330       0.33333333333333331        8.0315096000807638E-003
   6.3333333333333330       0.66666666666666663        1.5983930661007138E-002
   6.3333333333333330        1.0000000000000000        2.3121773802730488E-002
   6.3333333333333330        1.3333333333333333        7.1041279293632784E-002
   6.3333333333333330        1.6666666666666665       0.10669106256963395     
   6.3333333333333330        2.0000000000000000       0.11988246534803552     
   6.3333333333333330        2.3333333333333330       0.14213765669814687     
   6.3333333333333330        2.6666666666666665       0.15758350591472714     
   6.3333333333333330        3.0000000000000000       0.17764062624848356     
   6.3333333333333330        3.3333333333333330       0.37215928746606408     
   6.3333333333333330        3.6666666666666665       0.36460996159681797     
   6.3333333333333330        4.0000000000000000       0.36832407888730712     
   6.3333333333333330        4.3333333333333330       0.37245974550602934     
   6.3333333333333330        4.6666666666666661       0.37022288351355320     
   6.3333333333333330        5.0000000000000000       0.35577738156683580     
   6.3333333333333330        5.3333333333333330       0.28017824842969252     
   6.3333333333333330        5.6666666666666661       0.28115687229850389     
   6.3333333333333330        6.0000000000000000       0.26448500666059549     
   6.3333333333333330        6.3333333333333330       0.24518175793802077     
   6.3333333333333330        6.6666666666666661       0.21023311306319492     
   6.3333333333333330        7.0000000000000000       0.16703868992597343     
   6.3333333333333330        7.3333333333333330       0.13938720003220012     
   6.3333333333333330        7.6666666666666661       0.11817275473677252     
   6.3333333333333330        8.0000000000000000        9.8542716739983355E-002
   6.3333333333333330        8.3333333333333321        8.2817029122031510E-002
   6.3333333333333330        8.6666666666666661        6.6121415179736978E-002
   6.3333333333333330        9.0000000000000000        3.9472928921547780E-002
   6.3333333333333330        9.3333333333333321        2.3506732741192957E-002
   6.3333333333333330        9.6666666666666661        1.0636197998720072E-002
   6.3333333333333330        10.000000000000000        0.0000000000000000     
 
   6.6666666666666661        0.0000000000000000        0.0000000000000000     
   6.6666666666666661       0.33333333333333331        8.0261972531084670E-003
   6.6666666666666661       0.66666666666666663        1.4982566116736238E-002
   6.6666666666666661        1.0000000000000000        5.7587316831743750E-002
   6.6666666666666661        1.3333333333333333        7.2317112321580834E-002
   6.6666666666666661        1.6666666666666665        9.4497760373008097E-002
   6.6666666666666661        2.0000000000000000       0.11328302128313800     
   6.6666666666666661        2.3333333333333330       0.13297179133880949     
   6.6666666666666661        2.6666666666666665       0.15598651325881016     
   6.6666666666666661        3.0000000000000000       0.17756322406031982     
   6.6666666666666661        3.3333333333333330       0.29127427147355139     
   6.6666666666666661        3.6666666666666665       0.33605567171997835     
   6.6666666666666661        4.0000000000000000       0.34622344027305468     
   6.6666666666666661        4.3333333333333330       0.35495846203435072     
   6.6666666666666661        4.6666666666666661       0.35417692830173803     
   6.6666666666666661        5.0000000000000000       0.33033659069582588     
   6.6666666666666661        5.3333333333333330       0.27487145418863168     
   6.6666666666666661        5.6666666666666661       0.25666433921354337     
   6.6666666666666661        6.0000000000000000       0.24514941641528218     
   6.6666666666666661        6.3333333333333330       0.16489877329978142     
   6.6666666666666661        6.6666666666666661       0.14081525575798898     
   6.6666666666666661        7.0000000000000000       0.14052559052424934     
   6.6666666666666661        7.3333333333333330       0.12560793344079171     
   6.6666666666666661        7.6666666666666661       0.10858413271669937     
   6.6666666666666661        8.0000000000000000        9.2566404936365837E-002
   6.6666666666666661        8.3333333333333321        8.0520470340914155E-002
   6.6666666666666661        8.6666666666666661        4.2909682539572093E-002
   6.6666666666666661        9.0000000000000000        3.9039421358594444E-002
   6.6666666666666661        9.3333333333333321        1.5672943698421520E-002
   6.6666666666666661        9.6666666666666661        8.7023561389053487E-003
   6.6666666666666661        10.000000000000000        0.0000000000000000     
 
   7.0000000000000000        0.0000000000000000        0.0000000000000000     
   7.0000000000000000       0.33333333333333331        9.2588830599556419E-003
   7.0000000000000000       0.66666666666666663        2.1242589946581514E-002
   7.0000000000000000        1.0000000000000000        4.3895528069091860E-002
   7.0000000000000000        1.3333333333333333        6.7305277518109580E-002
   7.0000000000000000        1.6666666666666665        8.6816484737725727E-002
   7.0000000000000000        2.0000000000000000       0.10670549951787413     
   7.0000000000000000        2.3333333333333330       0.12110051325667366     
   7.0000000000000000        2.6666666666666665       0.17778592662398440     
   7.0000000000000000        3.0000000000000000       0.19883038469660758     
   7.0000000000000000        3.3333333333333330       0.24224836949393952     
   7.0000000000000000        3.6666666666666665       0.29241967338937652     
   7.0000000000000000        4.0000000000000000       0.31909240895472019     
   7.0000000000000000        4.3333333333333330       0.34008666354390021     
   7.0000000000000000        4.6666666666666661       0.15647685948313947     
   7.0000000000000000        5.0000000000000000       0.21014310044587872     
   7.0000000000000000        5.3333333333333330       0.22816957357684656     
   7.0000000000000000        5.6666666666666661       0.22197763848867638     
   7.0000000000000000        6.0000000000000000       0.21120725725971942     
   7.0000000000000000        6.3333333333333330       0.16455893415921405     
   7.0000000000000000        6.6666666666666661       0.14133350377580198     
   7.0000000000000000        7.0000000000000000       0.12877585066094521     
   7.0000000000000000        7.3333333333333330       0.11433899662035625     
   7.0000000000000000        7.6666666666666661        9.8646985982993249E-002
   7.0000000000000000        8.0000000000000000        8.3447720604572256E-002
   7.0000000000000000        8.3333333333333321        6.7079736604949328E-002
   7.0000000000000000        8.6666666666666661        4.7613658817371347E-002
   7.0000000000000000        9.0000000000000000        3.5492572285447554E-002
   7.0000000000000000        9.3333333333333321        2.3018049127386059E-002
   7.0000000000000000        9.6666666666666661        3.3587545991740644E-003
   7.0000000000000000        10.000000000000000        0.0000000000000000     
 
   7.3333333333333330        0.0000000000000000        0.0000000000000000     
   7.3333333333333330       0.33333333333333331        7.9688447806286842E-003
   7.3333333333333330       0.66666666666666663        1.7270778323528989E-002
   7.3333333333333330        1.0000000000000000        3.0268793718032327E-002
   7.3333333333333330        1.3333333333333333        7.5005107916527411E-002
   7.3333333333333330        1.6666666666666665        8.0010616718380514E-002
   7.3333333333333330        2.0000000000000000       0.10984606331753960     
   7.3333333333333330        2.3333333333333330       0.12456115068590250     
   7.3333333333333330        2.6666666666666665       0.15646498766489164     
   7.3333333333333330        3.0000000000000000       0.19680763898169071     
   7.3333333333333330        3.3333333333333330       0.23425119479136711     
   7.3333333333333330        3.6666666666666665       0.26164138634775524     
   7.3333333333333330        4.0000000000000000       0.29241967338937652     
   7.3333333333333330        4.3333333333333330       0.15647685948313947     
   7.3333333333333330        4.6666666666666661       0.15661876819655077     
   7.3333333333333330        5.0000000000000000       0.19036265555245668     
   7.3333333333333330        5.3333333333333330       0.20323605884421672     
   7.3333333333333330        5.6666666666666661       0.18956892335676834     
   7.3333333333333330        6.0000000000000000       0.13445911070545763     
   7.3333333333333330        6.3333333333333330       0.14036052150224945     
   7.3333333333333330        6.6666666666666661       0.13139169922342381     
   7.3333333333333330        7.0000000000000000       0.11935499422640923     
   7.3333333333333330        7.3333333333333330       0.10497312393076601     
   7.3333333333333330        7.6666666666666661        8.9019840316045998E-002
   7.3333333333333330        8.0000000000000000        7.6393658982296234E-002
   7.3333333333333330        8.3333333333333321        5.7647600013634066E-002
   7.3333333333333330        8.6666666666666661        4.5813569143859922E-002
   7.3333333333333330        9.0000000000000000        3.3012366479328974E-002
   7.3333333333333330        9.3333333333333321        1.8408472519077800E-002
   7.3333333333333330        9.6666666666666661        6.8082431904506278E-003
   7.3333333333333330        10.000000000000000        0.0000000000000000     
 
   7.6666666666666661        0.0000000000000000        0.0000000000000000     
   7.6666666666666661       0.33333333333333331        5.5328019978625473E-003
   7.6666666666666661       0.66666666666666663        9.9882018203598950E-003
   7.6666666666666661        1.0000000000000000        6.9859643010895339E-002
   7.6666666666666661        1.3333333333333333        7.1721174762175072E-002
   7.6666666666666661        1.6666666666666665        7.9787426635364381E-002
   7.6666666666666661        2.0000000000000000        9.6419303713343674E-002
   7.6666666666666661        2.3333333333333330       0.11179945646394766     
   7.6666666666666661        2.6666666666666665       0.12694213147413264     
   7.6666666666666661        3.0000000000000000       0.12282712279994798     
   7.6666666666666661        3.3333333333333330       0.18572947771291975     
   7.6666666666666661        3.6666666666666665       0.22450553069648696     
   7.6666666666666661        4.0000000000000000        6.6094216272822581E-002
   7.6666666666666661        4.3333333333333330       0.10771571740019487     
   7.6666666666666661        4.6666666666666661       0.12319066048052919     
   7.6666666666666661        5.0000000000000000       0.10127366607672580     
   7.6666666666666661        5.3333333333333330       0.14216800110739058     
   7.6666666666666661        5.6666666666666661       0.14217539963945131     
   7.6666666666666661        6.0000000000000000       0.12890655449821378     
   7.6666666666666661        6.3333333333333330       0.13127040374247884     
   7.6666666666666661        6.6666666666666661       0.12499425948635447     
   7.6666666666666661        7.0000000000000000       0.11296980299958752     
   7.6666666666666661        7.3333333333333330        9.7995950861144834E-002
   7.6666666666666661        7.6666666666666661        7.6961214699690528E-002
   7.6666666666666661        8.0000000000000000        3.8719697403331227E-002
   7.6666666666666661        8.3333333333333321        4.2213294603212756E-002
   7.6666666666666661        8.6666666666666661        2.0853323603459619E-002
   7.6666666666666661        9.0000000000000000        1.2021813547551167E-002
   7.6666666666666661        9.3333333333333321        1.1228416609565833E-002
   7.6666666666666661        9.6666666666666661        5.6415430554477295E-003
   7.6666666666666661        10.000000000000000        0.0000000000000000     
 
   8.0000000000000000        0.0000000000000000        0.0000000000000000     
   8.0000000000000000       0.33333333333333331        4.3213760351798903E-003
   8.0000000000000000       0.66666666666666663        7.4198411656780996E-003
   8.0000000000000000        1.0000000000000000        6.2219110958856960E-002
   8.0000000000000000        1.3333333333333333        6.3980706870831933E-002
   8.0000000000000000        1.6666666666666665        7.2634531052135035E-002
   8.0000000000000000        2.0000000000000000        8.5716192351976264E-002
   8.0000000000000000        2.3333333333333330       0.10053973259963170     
   8.0000000000000000        2.6666666666666665       0.11356493295086138     
   8.0000000000000000        3.0000000000000000       0.12427539327062397     
   8.0000000000000000        3.3333333333333330       0.14656106058687757     
   8.0000000000000000        3.6666666666666665        6.6094216272822581E-002
   8.0000000000000000        4.0000000000000000        6.7548348698950933E-002
   8.0000000000000000        4.3333333333333330        9.3352628113663697E-002
   8.0000000000000000        4.6666666666666661       0.10607158501494078     
   8.0000000000000000        5.0000000000000000       0.10291779846197989     
   8.0000000000000000        5.3333333333333330        9.4525821185269490E-002
   8.0000000000000000        5.6666666666666661       0.10796668355128861     
   8.0000000000000000        6.0000000000000000       0.10806579536717917     
   8.0000000000000000        6.3333333333333330        0.0000000000000000     
   8.0000000000000000        6.6666666666666661       0.10908188285315280     
   8.0000000000000000        7.0000000000000000       0.11042895313847942     
   8.0000000000000000        7.3333333333333330        3.5891431759952262E-002
   8.0000000000000000        7.6666666666666661        4.4786732103944675E-002
   8.0000000000000000        8.0000000000000000        3.6113150766755288E-002
   8.0000000000000000        8.3333333333333321        3.1151622873707988E-002
   8.0000000000000000        8.6666666666666661        2.1524400307742209E-002
   8.0000000000000000        9.0000000000000000        1.3207190061663749E-002
   8.0000000000000000        9.3333333333333321        9.1709927106413073E-003
   8.0000000000000000        9.6666666666666661        4.6974392141876696E-003
   8.0000000000000000        10.000000000000000        0.0000000000000000     
 
   8.3333333333333321        0.0000000000000000        0.0000000000000000     
   8.3333333333333321       0.33333333333333331        4.4662168183853086E-003
   8.3333333333333321       0.66666666666666663        8.1766224643951366E-003
   8.3333333333333321        1.0000000000000000        3.8685829530568198E-002
   8.3333333333333321        1.3333333333333333        5.1008347264680440E-002
   8.3333333333333321        1.6666666666666665        6.2680534071557326E-002
   8.3333333333333321        2.0000000000000000        7.4839063383348406E-002
   8.3333333333333321        2.3333333333333330        9.2556641507326953E-002
   8.3333333333333321        2.6666666666666665       0.10386926722109337     
   8.3333333333333321        3.0000000000000000       0.11543654627528799     
   8.3333333333333321        3.3333333333333330       0.13041452037609108     
   8.3333333333333321        3.6666666666666665        4.4758219456029966E-002
   8.3333333333333321        4.0000000000000000        4.6021837560801422E-002
   8.3333333333333321        4.3333333333333330        2.1021734976055501E-002
   8.3333333333333321        4.6666666666666661        1.9086513769424333E-002
   8.3333333333333321        5.0000000000000000        8.0870148985602838E-002
   8.3333333333333321        5.3333333333333330        8.1807623815162697E-002
   8.3333333333333321        5.6666666666666661        8.7609036601993470E-002
   8.3333333333333321        6.0000000000000000        8.7885135175920032E-002
   8.3333333333333321        6.3333333333333330        4.4726328703430039E-002
   8.3333333333333321        6.6666666666666661        0.0000000000000000     
   8.3333333333333321        7.0000000000000000        2.4180234307373379E-002
   8.3333333333333321        7.3333333333333330        2.7810703464140052E-002
   8.3333333333333321        7.6666666666666661        3.1027782586212013E-002
   8.3333333333333321        8.0000000000000000        3.0630872361288666E-002
   8.3333333333333321        8.3333333333333321        2.5532617545973111E-002
   8.3333333333333321        8.6666666666666661        1.0964790963679645E-002
   8.3333333333333321        9.0000000000000000        1.0547293346428043E-002
   8.3333333333333321        9.3333333333333321        7.8562249077591961E-003
   8.3333333333333321        9.6666666666666661        4.1347458997767952E-003
   8.3333333333333321        10.000000000000000        0.0000000000000000     
 
   8.6666666666666661        0.0000000000000000        0.0000000000000000     
   8.6666666666666661       0.33333333333333331        5.5189570683704149E-003
   8.6666666666666661       0.66666666666666663        1.2918924365173704E-002
   8.6666666666666661        1.0000000000000000        2.7528272525237936E-002
   8.6666666666666661        1.3333333333333333        4.0089196953271421E-002
   8.6666666666666661        1.6666666666666665        5.3771871460672471E-002
   8.6666666666666661        2.0000000000000000        5.9973887451791483E-002
   8.6666666666666661        2.3333333333333330        7.9586493389295021E-002
   8.6666666666666661        2.6666666666666665        9.5472133269858539E-002
   8.6666666666666661        3.0000000000000000       0.10463616622647870     
   8.6666666666666661        3.3333333333333330        0.0000000000000000     
   8.6666666666666661        3.6666666666666665        2.0340607252804788E-002
   8.6666666666666661        4.0000000000000000        2.6968001524373175E-002
   8.6666666666666661        4.3333333333333330        2.1972201351789650E-002
   8.6666666666666661        4.6666666666666661        2.0051299521149507E-002
   8.6666666666666661        5.0000000000000000        6.4141302351183663E-002
   8.6666666666666661        5.3333333333333330        6.5057995640155658E-002
   8.6666666666666661        5.6666666666666661        7.3520453617694284E-002
   8.6666666666666661        6.0000000000000000        6.8704400517138997E-002
   8.6666666666666661        6.3333333333333330        4.5475802493948475E-002
   8.6666666666666661        6.6666666666666661        1.9331843662579107E-002
   8.6666666666666661        7.0000000000000000        2.1250415380672984E-002
   8.6666666666666661        7.3333333333333330        2.0873631427094211E-002
   8.6666666666666661        7.6666666666666661        2.1636961449469954E-002
   8.6666666666666661        8.0000000000000000        1.3281473271078729E-002
   8.6666666666666661        8.3333333333333321        1.5521855961885310E-002
   8.6666666666666661        8.6666666666666661        1.1805364479898488E-002
   8.6666666666666661        9.0000000000000000        4.4789639445818119E-003
   8.6666666666666661        9.3333333333333321        2.8334056081299459E-003
   8.6666666666666661        9.6666666666666661        0.0000000000000000     
   8.6666666666666661        10.000000000000000        0.0000000000000000     
 
   9.0000000000000000        0.0000000000000000        0.0000000000000000     
   9.0000000000000000       0.33333333333333331        4.8830470004353780E-003
   9.0000000000000000       0.66666666666666663        1.0884695720394808E-002
   9.0000000000000000        1.0000000000000000        1.9283159731529997E-002
   9.0000000000000000        1.3333333333333333        2.9220911371802515E-002
   9.0000000000000000        1.6666666666666665        3.4428242940515760E-002
   9.0000000000000000        2.0000000000000000        5.2804404639882736E-002
   9.0000000000000000        2.3333333333333330        6.5398030066876181E-002
   9.0000000000000000        2.6666666666666665        1.7501096841343593E-003
   9.0000000000000000        3.0000000000000000        2.8692296745162949E-003
   9.0000000000000000        3.3333333333333330        9.9277363478154860E-003
   9.0000000000000000        3.6666666666666665        1.4488184889653267E-002
   9.0000000000000000        4.0000000000000000        2.0476609962703691E-002
   9.0000000000000000        4.3333333333333330        2.0783755339190958E-002
   9.0000000000000000        4.6666666666666661        1.5495080142735305E-003
   9.0000000000000000        5.0000000000000000        4.0867243695977308E-002
   9.0000000000000000        5.3333333333333330        4.1588880810085514E-002
   9.0000000000000000        5.6666666666666661        1.5589643594358819E-002
   9.0000000000000000        6.0000000000000000        1.8247830352673470E-002
   9.0000000000000000        6.3333333333333330        2.3681703465571809E-002
   9.0000000000000000        6.6666666666666661        1.7973374348514596E-002
   9.0000000000000000        7.0000000000000000        1.0926284832126583E-002
   9.0000000000000000        7.3333333333333330        1.3406782215873854E-002
   9.0000000000000000        7.6666666666666661        1.3622636021214043E-002
   9.0000000000000000        8.0000000000000000        1.1519523365159365E-002
   9.0000000000000000        8.3333333333333321        1.1991191124233426E-002
   9.0000000000000000        8.6666666666666661        9.3735128958197991E-003
   9.0000000000000000        9.0000000000000000        4.6931764918999976E-003
   9.0000000000000000        9.3333333333333321        2.9821919751115977E-003
   9.0000000000000000        9.6666666666666661        2.5498544542595621E-004
   9.0000000000000000        10.000000000000000        0.0000000000000000     
 
   9.3333333333333321        0.0000000000000000        0.0000000000000000     
   9.3333333333333321       0.33333333333333331        3.3039040925003757E-003
   9.3333333333333321       0.66666666666666663        6.8322575368779288E-003
   9.3333333333333321        1.0000000000000000        1.0139393981541706E-002
   9.3333333333333321        1.3333333333333333        1.1046769022261427E-002
   9.3333333333333321        1.6666666666666665        1.7038402482183468E-002
   9.3333333333333321        2.0000000000000000        2.3254797849724036E-003
   9.3333333333333321        2.3333333333333330        1.5186822736788033E-003
   9.3333333333333321        2.6666666666666665        1.8457696811744122E-003
   9.3333333333333321        3.0000000000000000        3.0184019139708647E-003
   9.3333333333333321        3.3333333333333330        5.7979328357882698E-003
   9.3333333333333321        3.6666666666666665        7.7994439075637001E-003
   9.3333333333333321        4.0000000000000000        0.0000000000000000     
   9.3333333333333321        4.3333333333333330        1.2455149392391529E-003
   9.3333333333333321        4.6666666666666661        1.5967394216811653E-003
   9.3333333333333321        5.0000000000000000        1.2463244404878639E-002
   9.3333333333333321        5.3333333333333330        1.9500607595440762E-002
   9.3333333333333321        5.6666666666666661        1.5981776211158857E-002
   9.3333333333333321        6.0000000000000000        1.3221401493014810E-002
   9.3333333333333321        6.3333333333333330        1.3504883562867736E-002
   9.3333333333333321        6.6666666666666661        1.1362767999631934E-002
   9.3333333333333321        7.0000000000000000        8.8102393919599082E-003
   9.3333333333333321        7.3333333333333330        8.6366801967925049E-003
   9.3333333333333321        7.6666666666666661        8.3701144813362154E-003
   9.3333333333333321        8.0000000000000000        7.5973311880509512E-003
   9.3333333333333321        8.3333333333333321        1.2754659366679237E-003
   9.3333333333333321        8.6666666666666661        1.5019078941345156E-003
   9.3333333333333321        9.0000000000000000        2.1474543649011098E-003
   9.3333333333333321        9.3333333333333321        1.5663942301746047E-003
   9.3333333333333321        9.6666666666666661        5.2352315324142933E-004
   9.3333333333333321        10.000000000000000        0.0000000000000000     
 
   9.6666666666666661        0.0000000000000000        0.0000000000000000     
   9.6666666666666661       0.33333333333333331        1.6227918637354733E-003
   9.6666666666666661       0.66666666666666663        3.2487186634717440E-003
   9.6666666666666661        1.0000000000000000        4.6605159531160302E-003
   9.6666666666666661        1.3333333333333333        5.4222488342844022E-003
   9.6666666666666661        1.6666666666666665        6.1687743986807110E-003
   9.6666666666666661        2.0000000000000000        2.4182232378664615E-003
   9.6666666666666661        2.3333333333333330        1.2678168589055402E-003
   9.6666666666666661        2.6666666666666665        1.1907818641082241E-003
   9.6666666666666661        3.0000000000000000        1.7084186425758670E-003
   9.6666666666666661        3.3333333333333330        2.7078284848345399E-003
   9.6666666666666661        3.6666666666666665        3.4505815973748456E-003
   9.6666666666666661        4.0000000000000000        4.5861662825587838E-004
   9.6666666666666661        4.3333333333333330        9.2985035028688931E-004
   9.6666666666666661        4.6666666666666661        2.0397104941313098E-003
   9.6666666666666661        5.0000000000000000        5.6802665950930094E-003
   9.6666666666666661        5.3333333333333330        8.3378312430271041E-003
   9.6666666666666661        5.6666666666666661        2.6963830129212974E-003
   9.6666666666666661        6.0000000000000000        5.4630465067735052E-003
   9.6666666666666661        6.3333333333333330        6.0706441662153028E-003
   9.6666666666666661        6.6666666666666661        5.4687822852333709E-003
   9.6666666666666661        7.0000000000000000        4.5956223791850277E-003
   9.6666666666666661        7.3333333333333330        4.2503346656269664E-003
   9.6666666666666661        7.6666666666666661        3.9152354545429662E-003
   9.6666666666666661        8.0000000000000000        3.1813386685323039E-003
   9.6666666666666661        8.3333333333333321        1.3328305812001218E-003
   9.6666666666666661        8.6666666666666661        9.3032650881043745E-004
   9.6666666666666661        9.0000000000000000        9.3065844199449678E-004
   9.6666666666666661        9.3333333333333321        6.9042877094913080E-004
   9.6666666666666661        9.6666666666666661        2.9960630842360063E-004
   9.6666666666666661        10.000000000000000        0.0000000000000000     
 
   10.000000000000000        0.0000000000000000        0.0000000000000000     
   10.000000000000000       0.33333333333333331        0.0000000000000000     
   10.000000000000000       0.66666666666666663        0.0000000000000000     
   10.000000000000000        1.0000000000000000        0.0000000000000000     
   10.000000000000000        1.3333333333333333        0.0000000000000000     
   10.000000000000000        1.6666666666666665        0.0000000000000000     
   10.000000000000000        2.0000000000000000        0.0000000000000000     
   10.000000000000000        2.3333333333333330        0.0000000000000000     
   10.000000000000000        2.6666666666666665        0.0000000000000000     
   10.000000000000000        3.0000000000000000        0.0000000000000000     
   10.000000000000000        3.3333333333333330        0.0000000000000000     
   10.000000000000000        3.6666666666666665        0.0000000000000000     
   10.000000000000000        4.0000000000000000        0.0000000000000000     
   10.000000000000000        4.3333333333333330        0.0000000000000000     
   10.000000000000000        4.6666666666666661        0.0000000000000000     
   10.000000000000000        5.0000000000000000        0.0000000000000000     
   10.000000000000000        5.3333333333333330        0.0000000000000000     
   10.000000000000000        5.6666666666666661        0.0000000000000000     
   10.000000000000000        6.0000000000000000        0.0000000000000000     
   10.000000000000000        6.3333333333333330        0.0000000000000000     
   10.000000000000000        6.6666666666666661        0.0000000000000000     
   10.000000000000000        7.0000000000000000        0.0000000000000000     
   10.000000000000000        7.3333333333333330        0.0000000000000000     
   10.000000000000000        7.6666666666666661        0.0000000000000000     
   10.000000000000000        8.0000000000000000        0.0000000000000000     
   10.000000000000000        8.3333333333333321        0.0000000000000000     
   10.000000000000000        8.6666666666666661        0.0000000000000000     
   10.000000000000000        9.0000000000000000        0.0000000000000000     
   10.000000000000000        9.3333333333333321        0.0000000000000000     
   10.000000000000000        9.6666666666666661        0.0000000000000000     
   10.000000000000000        10.000000000000000        0.0000000000000000     
 
