   0.0000000000000000        0.0000000000000000        0.0000000000000000     
   0.0000000000000000       0.33333333333333331        0.0000000000000000     
   0.0000000000000000       0.66666666666666663        0.0000000000000000     
   0.0000000000000000        1.0000000000000000        0.0000000000000000     
   0.0000000000000000        1.3333333333333333        0.0000000000000000     
   0.0000000000000000        1.6666666666666665        0.0000000000000000     
   0.0000000000000000        2.0000000000000000        0.0000000000000000     
   0.0000000000000000        2.3333333333333330        0.0000000000000000     
   0.0000000000000000        2.6666666666666665        0.0000000000000000     
   0.0000000000000000        3.0000000000000000        0.0000000000000000     
   0.0000000000000000        3.3333333333333330        0.0000000000000000     
   0.0000000000000000        3.6666666666666665        0.0000000000000000     
   0.0000000000000000        4.0000000000000000        0.0000000000000000     
   0.0000000000000000        4.3333333333333330        0.0000000000000000     
   0.0000000000000000        4.6666666666666661        0.0000000000000000     
   0.0000000000000000        5.0000000000000000        0.0000000000000000     
   0.0000000000000000        5.3333333333333330        0.0000000000000000     
   0.0000000000000000        5.6666666666666661        0.0000000000000000     
   0.0000000000000000        6.0000000000000000        0.0000000000000000     
   0.0000000000000000        6.3333333333333330        0.0000000000000000     
   0.0000000000000000        6.6666666666666661        0.0000000000000000     
   0.0000000000000000        7.0000000000000000        0.0000000000000000     
   0.0000000000000000        7.3333333333333330        0.0000000000000000     
   0.0000000000000000        7.6666666666666661        0.0000000000000000     
   0.0000000000000000        8.0000000000000000        0.0000000000000000     
   0.0000000000000000        8.3333333333333321        0.0000000000000000     
   0.0000000000000000        8.6666666666666661        0.0000000000000000     
   0.0000000000000000        9.0000000000000000        0.0000000000000000     
   0.0000000000000000        9.3333333333333321        0.0000000000000000     
   0.0000000000000000        9.6666666666666661        0.0000000000000000     
   0.0000000000000000        10.000000000000000        0.0000000000000000     
 
  0.33333333333333331        0.0000000000000000        0.0000000000000000     
  0.33333333333333331       0.33333333333333331        3.5574183142812721E-004
  0.33333333333333331       0.66666666666666663        6.1386198674960374E-004
  0.33333333333333331        1.0000000000000000        6.9265928996511310E-004
  0.33333333333333331        1.3333333333333333        1.4829439669546227E-003
  0.33333333333333331        1.6666666666666665        2.1633425839383993E-003
  0.33333333333333331        2.0000000000000000        3.2052542543570968E-003
  0.33333333333333331        2.3333333333333330        3.8462230732626513E-003
  0.33333333333333331        2.6666666666666665        3.3182718588303023E-003
  0.33333333333333331        3.0000000000000000        6.1828215364298830E-003
  0.33333333333333331        3.3333333333333330        6.7372836056239548E-003
  0.33333333333333331        3.6666666666666665        6.6093830525527442E-003
  0.33333333333333331        4.0000000000000000        6.6660114979754147E-003
  0.33333333333333331        4.3333333333333330        6.5224326935796684E-003
  0.33333333333333331        4.6666666666666661        3.9687840287009430E-003
  0.33333333333333331        5.0000000000000000        5.4447965328326478E-003
  0.33333333333333331        5.3333333333333330        1.2425606031041710E-002
  0.33333333333333331        5.6666666666666661        1.4461065680313828E-002
  0.33333333333333331        6.0000000000000000        1.5302875339747102E-002
  0.33333333333333331        6.3333333333333330        1.5290909913483157E-002
  0.33333333333333331        6.6666666666666661        1.0493635069612844E-002
  0.33333333333333331        7.0000000000000000        1.6221057290996030E-002
  0.33333333333333331        7.3333333333333330        8.0889609976829511E-003
  0.33333333333333331        7.6666666666666661        8.0770335172348703E-003
  0.33333333333333331        8.0000000000000000        6.7143247184178780E-003
  0.33333333333333331        8.3333333333333321        4.9775415412556282E-003
  0.33333333333333331        8.6666666666666661        4.1632707322290588E-003
  0.33333333333333331        9.0000000000000000        3.1968826840748361E-003
  0.33333333333333331        9.3333333333333321        1.8354928758500975E-003
  0.33333333333333331        9.6666666666666661        8.1842565896176635E-004
  0.33333333333333331        10.000000000000000        0.0000000000000000     
 
  0.66666666666666663        0.0000000000000000        0.0000000000000000     
  0.66666666666666663       0.33333333333333331        8.1787438623460464E-004
  0.66666666666666663       0.66666666666666663        1.4225305457361106E-003
  0.66666666666666663        1.0000000000000000        3.5205066315963113E-003
  0.66666666666666663        1.3333333333333333        3.1158670204310722E-003
  0.66666666666666663        1.6666666666666665        4.0221426639304898E-003
  0.66666666666666663        2.0000000000000000        6.8918125790120004E-003
  0.66666666666666663        2.3333333333333330        8.9527303377783564E-003
  0.66666666666666663        2.6666666666666665        1.7493190836636266E-002
  0.66666666666666663        3.0000000000000000        1.4802710970502637E-002
  0.66666666666666663        3.3333333333333330        1.4290711514654946E-002
  0.66666666666666663        3.6666666666666665        1.3164525629845139E-002
  0.66666666666666663        4.0000000000000000        1.3659750196118772E-002
  0.66666666666666663        4.3333333333333330        1.5572163507975580E-002
  0.66666666666666663        4.6666666666666661        0.0000000000000000     
  0.66666666666666663        5.0000000000000000        3.3868373338785715E-002
  0.66666666666666663        5.3333333333333330        2.9908491109734720E-002
  0.66666666666666663        5.6666666666666661        3.0219440712319936E-002
  0.66666666666666663        6.0000000000000000        3.1539251801504645E-002
  0.66666666666666663        6.3333333333333330        3.5421268494034153E-002
  0.66666666666666663        6.6666666666666661        5.6934867079361497E-002
  0.66666666666666663        7.0000000000000000        4.6329450363571521E-002
  0.66666666666666663        7.3333333333333330        1.7415676282398995E-002
  0.66666666666666663        7.6666666666666661        1.7561628251221064E-002
  0.66666666666666663        8.0000000000000000        1.3865432953097457E-002
  0.66666666666666663        8.3333333333333321        9.0914076356376234E-003
  0.66666666666666663        8.6666666666666661        8.5378296105051727E-003
  0.66666666666666663        9.0000000000000000        6.8386242475156709E-003
  0.66666666666666663        9.3333333333333321        3.3571137190931922E-003
  0.66666666666666663        9.6666666666666661        1.4523040366271375E-003
  0.66666666666666663        10.000000000000000        0.0000000000000000     
 
   1.0000000000000000        0.0000000000000000        0.0000000000000000     
   1.0000000000000000       0.33333333333333331        1.5123547945010338E-003
   1.0000000000000000       0.66666666666666663        2.8694014729881380E-003
   1.0000000000000000        1.0000000000000000        4.0160371582526229E-003
   1.0000000000000000        1.3333333333333333        3.5205066315963113E-003
   1.0000000000000000        1.6666666666666665        1.1726244668578472E-002
   1.0000000000000000        2.0000000000000000        1.1556046804006509E-002
   1.0000000000000000        2.3333333333333330        1.6326009809427632E-002
   1.0000000000000000        2.6666666666666665        2.0542406384670812E-002
   1.0000000000000000        3.0000000000000000        2.1536003303633464E-002
   1.0000000000000000        3.3333333333333330        2.2727378706967890E-002
   1.0000000000000000        3.6666666666666665        1.8349285320575340E-002
   1.0000000000000000        4.0000000000000000        1.9489820426605860E-002
   1.0000000000000000        4.3333333333333330        2.6805947925662245E-002
   1.0000000000000000        4.6666666666666661        3.7726209731522020E-002
   1.0000000000000000        5.0000000000000000        3.8190742453491237E-002
   1.0000000000000000        5.3333333333333330        4.3388703297431663E-002
   1.0000000000000000        5.6666666666666661        4.5174393118970438E-002
   1.0000000000000000        6.0000000000000000        4.5357090809239199E-002
   1.0000000000000000        6.3333333333333330        5.9523008038819644E-002
   1.0000000000000000        6.6666666666666661        6.7579028398934676E-002
   1.0000000000000000        7.0000000000000000        6.5864926935655585E-002
   1.0000000000000000        7.3333333333333330        5.3394550969788054E-002
   1.0000000000000000        7.6666666666666661        3.1011598532383139E-002
   1.0000000000000000        8.0000000000000000        2.2220812762767286E-002
   1.0000000000000000        8.3333333333333321        1.7481390921102367E-002
   1.0000000000000000        8.6666666666666661        1.4180002168236438E-002
   1.0000000000000000        9.0000000000000000        1.2367751574557053E-002
   1.0000000000000000        9.3333333333333321        1.6284790516349213E-003
   1.0000000000000000        9.6666666666666661        1.6583534869745295E-003
   1.0000000000000000        10.000000000000000        0.0000000000000000     
 
   1.3333333333333333        0.0000000000000000        0.0000000000000000     
   1.3333333333333333       0.33333333333333331        2.3953001077152295E-003
   1.3333333333333333       0.66666666666666663        4.5908838940622674E-003
   1.3333333333333333        1.0000000000000000        6.2483262039841276E-003
   1.3333333333333333        1.3333333333333333        1.2968363326037839E-002
   1.3333333333333333        1.6666666666666665        1.2194652518544048E-002
   1.3333333333333333        2.0000000000000000        2.6050210401015045E-002
   1.3333333333333333        2.3333333333333330        2.4598577325077645E-002
   1.3333333333333333        2.6666666666666665        2.7217565970700932E-002
   1.3333333333333333        3.0000000000000000        2.8465349413282791E-002
   1.3333333333333333        3.3333333333333330        3.7114727416047093E-002
   1.3333333333333333        3.6666666666666665        6.5811094684250837E-002
   1.3333333333333333        4.0000000000000000        5.2042836482878829E-002
   1.3333333333333333        4.3333333333333330        4.5779122831408295E-002
   1.3333333333333333        4.6666666666666661        7.2484322399236550E-002
   1.3333333333333333        5.0000000000000000        6.6415635970380568E-002
   1.3333333333333333        5.3333333333333330        6.0635840427708039E-002
   1.3333333333333333        5.6666666666666661        6.2002691373857277E-002
   1.3333333333333333        6.0000000000000000        9.9238297836170164E-002
   1.3333333333333333        6.3333333333333330        8.9769043945112315E-002
   1.3333333333333333        6.6666666666666661        8.7983814072850344E-002
   1.3333333333333333        7.0000000000000000        8.3672730511512694E-002
   1.3333333333333333        7.3333333333333330        7.5851007899222764E-002
   1.3333333333333333        7.6666666666666661        2.1660549820915698E-002
   1.3333333333333333        8.0000000000000000        2.1980811970456079E-002
   1.3333333333333333        8.3333333333333321        2.1033236500426048E-002
   1.3333333333333333        8.6666666666666661        1.8537915347408243E-002
   1.3333333333333333        9.0000000000000000        1.6268027412840648E-002
   1.3333333333333333        9.3333333333333321        7.6208440014251628E-003
   1.3333333333333333        9.6666666666666661        3.5799480500978594E-003
   1.3333333333333333        10.000000000000000        0.0000000000000000     
 
   1.6666666666666665        0.0000000000000000        0.0000000000000000     
   1.6666666666666665       0.33333333333333331        3.5253395205565841E-003
   1.6666666666666665       0.66666666666666663        6.9423736339517409E-003
   1.6666666666666665        1.0000000000000000        1.0265327605848015E-002
   1.6666666666666665        1.3333333333333333        1.4038802221826550E-002
   1.6666666666666665        1.6666666666666665        2.8621558269012942E-002
   1.6666666666666665        2.0000000000000000        2.8014080873194784E-002
   1.6666666666666665        2.3333333333333330        2.9277729957443776E-002
   1.6666666666666665        2.6666666666666665        3.5752342252971692E-002
   1.6666666666666665        3.0000000000000000        6.4130993625863886E-002
   1.6666666666666665        3.3333333333333330        6.0651612182561432E-002
   1.6666666666666665        3.6666666666666665        6.6548196560226341E-002
   1.6666666666666665        4.0000000000000000        5.8998529319047283E-002
   1.6666666666666665        4.3333333333333330        5.9106079699280209E-002
   1.6666666666666665        4.6666666666666661        7.3220034414972573E-002
   1.6666666666666665        5.0000000000000000        7.2724363777759260E-002
   1.6666666666666665        5.3333333333333330        7.1152198139642478E-002
   1.6666666666666665        5.6666666666666661        8.0502443660991047E-002
   1.6666666666666665        6.0000000000000000       0.10851426706673133     
   1.6666666666666665        6.3333333333333330       0.11216937663639058     
   1.6666666666666665        6.6666666666666661       0.11075669655410825     
   1.6666666666666665        7.0000000000000000       0.10486841478614535     
   1.6666666666666665        7.3333333333333330        9.0438597951172067E-002
   1.6666666666666665        7.6666666666666661        2.1852836438048306E-002
   1.6666666666666665        8.0000000000000000        2.3298494226932611E-002
   1.6666666666666665        8.3333333333333321        2.6404388066149337E-002
   1.6666666666666665        8.6666666666666661        2.2913992952827939E-002
   1.6666666666666665        9.0000000000000000        1.8120907574916835E-002
   1.6666666666666665        9.3333333333333321        1.1768270917816044E-002
   1.6666666666666665        9.6666666666666661        5.0928080397620824E-003
   1.6666666666666665        10.000000000000000        0.0000000000000000     
 
   2.0000000000000000        0.0000000000000000        0.0000000000000000     
   2.0000000000000000       0.33333333333333331        4.8251965025574916E-003
   2.0000000000000000       0.66666666666666663        9.5108578901035024E-003
   2.0000000000000000        1.0000000000000000        1.4019393703049587E-002
   2.0000000000000000        1.3333333333333333        1.9154522822800297E-002
   2.0000000000000000        1.6666666666666665        2.9719365545780412E-002
   2.0000000000000000        2.0000000000000000        2.8621558269012942E-002
   2.0000000000000000        2.3333333333333330        5.0630777622229506E-002
   2.0000000000000000        2.6666666666666665        5.1329450447406097E-002
   2.0000000000000000        3.0000000000000000        6.8246081416078103E-002
   2.0000000000000000        3.3333333333333330        7.5417174033954593E-002
   2.0000000000000000        3.6666666666666665        8.1394505179743379E-002
   2.0000000000000000        4.0000000000000000       0.12062756597178487     
   2.0000000000000000        4.3333333333333330       0.11427242782973437     
   2.0000000000000000        4.6666666666666661        8.9213028773241748E-002
   2.0000000000000000        5.0000000000000000        8.0673581152037252E-002
   2.0000000000000000        5.3333333333333330        0.0000000000000000     
   2.0000000000000000        5.6666666666666661       0.17695725226572598     
   2.0000000000000000        6.0000000000000000       0.14184870411185135     
   2.0000000000000000        6.3333333333333330       0.13923914802720447     
   2.0000000000000000        6.6666666666666661       0.13759971311598834     
   2.0000000000000000        7.0000000000000000       0.13426544017556874     
   2.0000000000000000        7.3333333333333330        2.0318393383542077E-002
   2.0000000000000000        7.6666666666666661        2.0839688217405113E-002
   2.0000000000000000        8.0000000000000000        5.4644812624642845E-002
   2.0000000000000000        8.3333333333333321        3.8645964079960550E-002
   2.0000000000000000        8.6666666666666661        2.8842942591040935E-002
   2.0000000000000000        9.0000000000000000        2.1751138776965613E-002
   2.0000000000000000        9.3333333333333321        1.6388448570387248E-002
   2.0000000000000000        9.6666666666666661        3.3621084871434111E-003
   2.0000000000000000        10.000000000000000        0.0000000000000000     
 
   2.3333333333333330        0.0000000000000000        0.0000000000000000     
   2.3333333333333330       0.33333333333333331        6.3360745271346872E-003
   2.3333333333333330       0.66666666666666663        1.2398761137887220E-002
   2.3333333333333330        1.0000000000000000        1.7362788177824398E-002
   2.3333333333333330        1.3333333333333333        4.2089223852382306E-002
   2.3333333333333330        1.6666666666666665        4.2911621723464251E-002
   2.3333333333333330        2.0000000000000000        7.5377672432779763E-002
   2.3333333333333330        2.3333333333333330        8.8052097022984679E-002
   2.3333333333333330        2.6666666666666665        8.8438958903907572E-002
   2.3333333333333330        3.0000000000000000        8.2706397746388979E-002
   2.3333333333333330        3.3333333333333330        9.1932421489530042E-002
   2.3333333333333330        3.6666666666666665       0.10275496838495972     
   2.3333333333333330        4.0000000000000000       0.12092353327927889     
   2.3333333333333330        4.3333333333333330       0.13958317649718291     
   2.3333333333333330        4.6666666666666661       0.21014944514250070     
   2.3333333333333330        5.0000000000000000       0.22890361905097531     
   2.3333333333333330        5.3333333333333330       0.22378219523252668     
   2.3333333333333330        5.6666666666666661       0.21059236671557441     
   2.3333333333333330        6.0000000000000000       0.18780295761891255     
   2.3333333333333330        6.3333333333333330       0.16453921067647148     
   2.3333333333333330        6.6666666666666661       0.16534045760053254     
   2.3333333333333330        7.0000000000000000       0.15958166056006812     
   2.3333333333333330        7.3333333333333330       0.17577439325539859     
   2.3333333333333330        7.6666666666666661       0.11256117348096799     
   2.3333333333333330        8.0000000000000000        7.0726493306036239E-002
   2.3333333333333330        8.3333333333333321        4.4891380367093094E-002
   2.3333333333333330        8.6666666666666661        3.2296480280623610E-002
   2.3333333333333330        9.0000000000000000        2.3876520423679975E-002
   2.3333333333333330        9.3333333333333321        1.5835197190592964E-002
   2.3333333333333330        9.6666666666666661        6.7645287230023304E-003
   2.3333333333333330        10.000000000000000        0.0000000000000000     
 
   2.6666666666666665        0.0000000000000000        0.0000000000000000     
   2.6666666666666665       0.33333333333333331        8.1968417481774313E-003
   2.6666666666666665       0.66666666666666663        1.6533092739413460E-002
   2.6666666666666665        1.0000000000000000        2.5873703431593290E-002
   2.6666666666666665        1.3333333333333333        4.1652663957656592E-002
   2.6666666666666665        1.6666666666666665        5.7325243664252706E-002
   2.6666666666666665        2.0000000000000000        7.5755065456260789E-002
   2.6666666666666665        2.3333333333333330        8.8394191401289526E-002
   2.6666666666666665        2.6666666666666665        9.4582025505441578E-002
   2.6666666666666665        3.0000000000000000       0.11296385062174655     
   2.6666666666666665        3.3333333333333330       0.10726172501470031     
   2.6666666666666665        3.6666666666666665       0.11708479679242391     
   2.6666666666666665        4.0000000000000000       0.18423957655886927     
   2.6666666666666665        4.3333333333333330       0.18343310265397089     
   2.6666666666666665        4.6666666666666661       0.20870241284403732     
   2.6666666666666665        5.0000000000000000       0.22677961210148861     
   2.6666666666666665        5.3333333333333330       0.23457438210203949     
   2.6666666666666665        5.6666666666666661       0.22887816496955354     
   2.6666666666666665        6.0000000000000000       0.20940662118050585     
   2.6666666666666665        6.3333333333333330       0.21942882039978986     
   2.6666666666666665        6.6666666666666661       0.19833663734742552     
   2.6666666666666665        7.0000000000000000       0.17796739283248439     
   2.6666666666666665        7.3333333333333330       0.17445864802891803     
   2.6666666666666665        7.6666666666666661       0.15384847960643910     
   2.6666666666666665        8.0000000000000000        3.7750294574544312E-002
   2.6666666666666665        8.3333333333333321        3.8062100522412323E-002
   2.6666666666666665        8.6666666666666661        3.1809883682395367E-002
   2.6666666666666665        9.0000000000000000        2.5849328773356623E-002
   2.6666666666666665        9.3333333333333321        1.6482696864814895E-002
   2.6666666666666665        9.6666666666666661        7.9366828534998893E-003
   2.6666666666666665        10.000000000000000        0.0000000000000000     
 
   3.0000000000000000        0.0000000000000000        0.0000000000000000     
   3.0000000000000000       0.33333333333333331        9.9978736361640216E-003
   3.0000000000000000       0.66666666666666663        1.9818134949915495E-002
   3.0000000000000000        1.0000000000000000        2.8174080416194000E-002
   3.0000000000000000        1.3333333333333333        6.4279798564346416E-002
   3.0000000000000000        1.6666666666666665        6.9317994893095397E-002
   3.0000000000000000        2.0000000000000000        8.2234923892839984E-002
   3.0000000000000000        2.3333333333333330        9.5457758565336448E-002
   3.0000000000000000        2.6666666666666665       0.10716176059856403     
   3.0000000000000000        3.0000000000000000       0.11872967624377523     
   3.0000000000000000        3.3333333333333330       0.14743753892518349     
   3.0000000000000000        3.6666666666666665       0.14127510748828873     
   3.0000000000000000        4.0000000000000000       0.20146169329154534     
   3.0000000000000000        4.3333333333333330       0.20030461258737475     
   3.0000000000000000        4.6666666666666661       0.21292376831172274     
   3.0000000000000000        5.0000000000000000       0.23277064206013948     
   3.0000000000000000        5.3333333333333330       0.25620424564895200     
   3.0000000000000000        5.6666666666666661       0.25830726903540535     
   3.0000000000000000        6.0000000000000000       0.26265844123219950     
   3.0000000000000000        6.3333333333333330       0.23792032160926083     
   3.0000000000000000        6.6666666666666661       0.22854013694572153     
   3.0000000000000000        7.0000000000000000       0.20460054356378937     
   3.0000000000000000        7.3333333333333330       0.18885832315919254     
   3.0000000000000000        7.6666666666666661       0.17345152358019045     
   3.0000000000000000        8.0000000000000000       0.15353078549199398     
   3.0000000000000000        8.3333333333333321        3.0948746930398060E-002
   3.0000000000000000        8.6666666666666661        3.1305685945660341E-002
   3.0000000000000000        9.0000000000000000        3.1471417761009167E-002
   3.0000000000000000        9.3333333333333321        1.5566653765028693E-002
   3.0000000000000000        9.6666666666666661        8.5819596627865133E-003
   3.0000000000000000        10.000000000000000        0.0000000000000000     
 
   3.3333333333333330        0.0000000000000000        0.0000000000000000     
   3.3333333333333330       0.33333333333333331        1.2054924703610966E-002
   3.3333333333333330       0.66666666666666663        2.4715237458270912E-002
   3.3333333333333330        1.0000000000000000        3.9026609554392418E-002
   3.3333333333333330        1.3333333333333333        5.9496855337742419E-002
   3.3333333333333330        1.6666666666666665        7.3685596171358836E-002
   3.3333333333333330        2.0000000000000000        8.8609768943828104E-002
   3.3333333333333330        2.3333333333333330       0.10415017107086785     
   3.3333333333333330        2.6666666666666665       0.11987324291882959     
   3.3333333333333330        3.0000000000000000       0.13592253971461868     
   3.3333333333333330        3.3333333333333330       0.15297908123056012     
   3.3333333333333330        3.6666666666666665       0.15882948371477631     
   3.3333333333333330        4.0000000000000000       0.19933835548290654     
   3.3333333333333330        4.3333333333333330       0.20215345872665741     
   3.3333333333333330        4.6666666666666661       0.20827231517607464     
   3.3333333333333330        5.0000000000000000       0.31561957695228410     
   3.3333333333333330        5.3333333333333330       0.29574353775636164     
   3.3333333333333330        5.6666666666666661       0.28625357574781707     
   3.3333333333333330        6.0000000000000000       0.28349633681176012     
   3.3333333333333330        6.3333333333333330       0.26695263931251462     
   3.3333333333333330        6.6666666666666661       0.24648962193230006     
   3.3333333333333330        7.0000000000000000       0.21827039558840725     
   3.3333333333333330        7.3333333333333330       0.20123259713367458     
   3.3333333333333330        7.6666666666666661       0.17629481044392584     
   3.3333333333333330        8.0000000000000000       0.15284364133594308     
   3.3333333333333330        8.3333333333333321        9.5914429672385740E-002
   3.3333333333333330        8.6666666666666661        5.0667063849261153E-002
   3.3333333333333330        9.0000000000000000        3.7525021678651155E-002
   3.3333333333333330        9.3333333333333321        2.2664921128715276E-002
   3.3333333333333330        9.6666666666666661        1.0894478378286254E-002
   3.3333333333333330        10.000000000000000        0.0000000000000000     
 
   3.6666666666666665        0.0000000000000000        0.0000000000000000     
   3.6666666666666665       0.33333333333333331        1.3582654347800821E-002
   3.6666666666666665       0.66666666666666663        2.8102851413558543E-002
   3.6666666666666665        1.0000000000000000        4.3906022346927066E-002
   3.6666666666666665        1.3333333333333333        6.1198673313680396E-002
   3.6666666666666665        1.6666666666666665        7.7483665112455677E-002
   3.6666666666666665        2.0000000000000000        9.4435597033545926E-002
   3.6666666666666665        2.3333333333333330       0.11256917846335056     
   3.6666666666666665        2.6666666666666665       0.13195849995958872     
   3.6666666666666665        3.0000000000000000       0.15156175514682829     
   3.6666666666666665        3.3333333333333330       0.16890183936092687     
   3.6666666666666665        3.6666666666666665       0.18133601225553828     
   3.6666666666666665        4.0000000000000000       0.19512444444148841     
   3.6666666666666665        4.3333333333333330       0.19933835548290654     
   3.6666666666666665        4.6666666666666661       0.34721188664561781     
   3.6666666666666665        5.0000000000000000       0.32970618339075941     
   3.6666666666666665        5.3333333333333330       0.31989620175168609     
   3.6666666666666665        5.6666666666666661       0.30281400195995734     
   3.6666666666666665        6.0000000000000000       0.29697936826698396     
   3.6666666666666665        6.3333333333333330       0.28334606444403815     
   3.6666666666666665        6.6666666666666661       0.26879020677464471     
   3.6666666666666665        7.0000000000000000       0.23529004027317560     
   3.6666666666666665        7.3333333333333330       0.21950837892169581     
   3.6666666666666665        7.6666666666666661       0.12821386036702545     
   3.6666666666666665        8.0000000000000000       0.12792321879794416     
   3.6666666666666665        8.3333333333333321        9.5960660977889148E-002
   3.6666666666666665        8.6666666666666661        6.3999958549841210E-002
   3.6666666666666665        9.0000000000000000        4.5497080304763432E-002
   3.6666666666666665        9.3333333333333321        2.6810577934241093E-002
   3.6666666666666665        9.6666666666666661        1.2403585042193559E-002
   3.6666666666666665        10.000000000000000        0.0000000000000000     
 
   4.0000000000000000        0.0000000000000000        0.0000000000000000     
   4.0000000000000000       0.33333333333333331        1.4245438399501530E-002
   4.0000000000000000       0.66666666666666663        3.0341019552062289E-002
   4.0000000000000000        1.0000000000000000        4.7463337171186962E-002
   4.0000000000000000        1.3333333333333333        6.4065793150987996E-002
   4.0000000000000000        1.6666666666666665        8.0699423649420565E-002
   4.0000000000000000        2.0000000000000000        9.9014216886239390E-002
   4.0000000000000000        2.3333333333333330       0.11943361742808366     
   4.0000000000000000        2.6666666666666665       0.14321521916148067     
   4.0000000000000000        3.0000000000000000       0.16849237836426734     
   4.0000000000000000        3.3333333333333330       0.18844892412883485     
   4.0000000000000000        3.6666666666666665       0.20104403817379743     
   4.0000000000000000        4.0000000000000000       0.19898546915397897     
   4.0000000000000000        4.3333333333333330       0.36026527976832617     
   4.0000000000000000        4.6666666666666661       0.35756122313529992     
   4.0000000000000000        5.0000000000000000       0.35672645359427235     
   4.0000000000000000        5.3333333333333330       0.34532076265093697     
   4.0000000000000000        5.6666666666666661       0.32969602535604664     
   4.0000000000000000        6.0000000000000000       0.31313338227845289     
   4.0000000000000000        6.3333333333333330       0.29600836603121666     
   4.0000000000000000        6.6666666666666661       0.27238831845335232     
   4.0000000000000000        7.0000000000000000       0.24807160268645992     
   4.0000000000000000        7.3333333333333330       0.18862358804356025     
   4.0000000000000000        7.6666666666666661       0.14424660136949777     
   4.0000000000000000        8.0000000000000000       0.13428689751902884     
   4.0000000000000000        8.3333333333333321       0.10221550228246208     
   4.0000000000000000        8.6666666666666661        6.3491348682881268E-002
   4.0000000000000000        9.0000000000000000        5.3816335046916290E-002
   4.0000000000000000        9.3333333333333321        2.1076790656566317E-002
   4.0000000000000000        9.6666666666666661        1.1978766112005585E-002
   4.0000000000000000        10.000000000000000        0.0000000000000000     
 
   4.3333333333333330        0.0000000000000000        0.0000000000000000     
   4.3333333333333330       0.33333333333333331        1.3126086899537929E-002
   4.3333333333333330       0.66666666666666663        3.1679457028034930E-002
   4.3333333333333330        1.0000000000000000        5.1695539234812161E-002
   4.3333333333333330        1.3333333333333333        6.7029107855905726E-002
   4.3333333333333330        1.6666666666666665        8.2260834204079772E-002
   4.3333333333333330        2.0000000000000000       0.10131776739109707     
   4.3333333333333330        2.3333333333333330       0.12245911551204564     
   4.3333333333333330        2.6666666666666665       0.15204345520113280     
   4.3333333333333330        3.0000000000000000       0.18926340314652054     
   4.3333333333333330        3.3333333333333330       0.21344299431390421     
   4.3333333333333330        3.6666666666666665       0.23327760382047261     
   4.3333333333333330        4.0000000000000000       0.34657101674118213     
   4.3333333333333330        4.3333333333333330       0.35514464114120486     
   4.3333333333333330        4.6666666666666661       0.36447188543637921     
   4.3333333333333330        5.0000000000000000       0.36053973833014846     
   4.3333333333333330        5.3333333333333330       0.35224495790815546     
   4.3333333333333330        5.6666666666666661       0.33979159972036455     
   4.3333333333333330        6.0000000000000000       0.32404939470736244     
   4.3333333333333330        6.3333333333333330       0.31001193374449831     
   4.3333333333333330        6.6666666666666661       0.26109324260092798     
   4.3333333333333330        7.0000000000000000       0.23304997110963421     
   4.3333333333333330        7.3333333333333330       0.18687273007237565     
   4.3333333333333330        7.6666666666666661       0.15349332036487842     
   4.3333333333333330        8.0000000000000000       0.13016820289748141     
   4.3333333333333330        8.3333333333333321       0.10209368632461045     
   4.3333333333333330        8.6666666666666661        7.3281363711004632E-002
   4.3333333333333330        9.0000000000000000        5.2606016882432778E-002
   4.3333333333333330        9.3333333333333321        3.0261704997228880E-002
   4.3333333333333330        9.6666666666666661        1.4491279051897036E-002
   4.3333333333333330        10.000000000000000        0.0000000000000000     
 
   4.6666666666666661        0.0000000000000000        0.0000000000000000     
   4.6666666666666661       0.33333333333333331        6.6386425728332680E-003
   4.6666666666666661       0.66666666666666663        6.0523134544634441E-002
   4.6666666666666661        1.0000000000000000        6.0768528386956171E-002
   4.6666666666666661        1.3333333333333333        7.0215196122333248E-002
   4.6666666666666661        1.6666666666666665        8.0009283779015311E-002
   4.6666666666666661        2.0000000000000000       0.11135018558080009     
   4.6666666666666661        2.3333333333333330       0.11649030848182378     
   4.6666666666666661        2.6666666666666665       0.22401911695700663     
   4.6666666666666661        3.0000000000000000       0.22095955765294242     
   4.6666666666666661        3.3333333333333330       0.24001548357252050     
   4.6666666666666661        3.6666666666666665       0.28199896240337419     
   4.6666666666666661        4.0000000000000000       0.33060895740560203     
   4.6666666666666661        4.3333333333333330       0.35091628583961415     
   4.6666666666666661        4.6666666666666661       0.36042826386553617     
   4.6666666666666661        5.0000000000000000       0.36093442679906129     
   4.6666666666666661        5.3333333333333330       0.35591199036663562     
   4.6666666666666661        5.6666666666666661       0.34627738113767997     
   4.6666666666666661        6.0000000000000000       0.32699916061738871     
   4.6666666666666661        6.3333333333333330       0.30426237121146810     
   4.6666666666666661        6.6666666666666661       0.28510618917967367     
   4.6666666666666661        7.0000000000000000       0.17179895047582847     
   4.6666666666666661        7.3333333333333330       0.17054332098940425     
   4.6666666666666661        7.6666666666666661       0.15170950357110896     
   4.6666666666666661        8.0000000000000000       0.13025161705036303     
   4.6666666666666661        8.3333333333333321       0.10250979059759259     
   4.6666666666666661        8.6666666666666661        7.4958122491542115E-002
   4.6666666666666661        9.0000000000000000        5.3167499054531414E-002
   4.6666666666666661        9.3333333333333321        3.2966772306083449E-002
   4.6666666666666661        9.6666666666666661        1.5780996937186709E-002
   4.6666666666666661        10.000000000000000        0.0000000000000000     
 
   5.0000000000000000        0.0000000000000000        0.0000000000000000     
   5.0000000000000000       0.33333333333333331        6.8221546684986900E-003
   5.0000000000000000       0.66666666666666663        5.0869516978382656E-002
   5.0000000000000000        1.0000000000000000        6.0829151626608027E-002
   5.0000000000000000        1.3333333333333333        7.3187927686905643E-002
   5.0000000000000000        1.6666666666666665        8.7617409637589364E-002
   5.0000000000000000        2.0000000000000000       0.10595918354868780     
   5.0000000000000000        2.3333333333333330       0.11529990593140527     
   5.0000000000000000        2.6666666666666665       0.23073892276344948     
   5.0000000000000000        3.0000000000000000       0.22753424604715591     
   5.0000000000000000        3.3333333333333330       0.32560248459629593     
   5.0000000000000000        3.6666666666666665       0.31902074181801382     
   5.0000000000000000        4.0000000000000000       0.33615250814608616     
   5.0000000000000000        4.3333333333333330       0.34996770092414542     
   5.0000000000000000        4.6666666666666661       0.35755432292366518     
   5.0000000000000000        5.0000000000000000       0.35903814648806370     
   5.0000000000000000        5.3333333333333330       0.35660026860221006     
   5.0000000000000000        5.6666666666666661       0.35522057265036300     
   5.0000000000000000        6.0000000000000000       0.29099861855840287     
   5.0000000000000000        6.3333333333333330       0.28938902916261616     
   5.0000000000000000        6.6666666666666661       0.24010126237565782     
   5.0000000000000000        7.0000000000000000       0.18565572094723146     
   5.0000000000000000        7.3333333333333330       0.17048366031182066     
   5.0000000000000000        7.6666666666666661       0.15162702793113719     
   5.0000000000000000        8.0000000000000000       0.13605724379128295     
   5.0000000000000000        8.3333333333333321        8.1980966223951415E-002
   5.0000000000000000        8.6666666666666661        7.0888278776521776E-002
   5.0000000000000000        9.0000000000000000        5.2236758761801658E-002
   5.0000000000000000        9.3333333333333321        3.2755807720318886E-002
   5.0000000000000000        9.6666666666666661        1.5725089485113784E-002
   5.0000000000000000        10.000000000000000        0.0000000000000000     
 
   5.3333333333333330        0.0000000000000000        0.0000000000000000     
   5.3333333333333330       0.33333333333333331        1.3859186142205746E-002
   5.3333333333333330       0.66666666666666663        4.1083002571032978E-002
   5.3333333333333330        1.0000000000000000        5.8655547880551294E-002
   5.3333333333333330        1.3333333333333333        7.4194939698547749E-002
   5.3333333333333330        1.6666666666666665        9.1305579980782078E-002
   5.3333333333333330        2.0000000000000000       0.10936874729359702     
   5.3333333333333330        2.3333333333333330       0.12311142233964313     
   5.3333333333333330        2.6666666666666665       0.21098007536193597     
   5.3333333333333330        3.0000000000000000       0.22775338408038046     
   5.3333333333333330        3.3333333333333330       0.31694289362645084     
   5.3333333333333330        3.6666666666666665       0.32599160701844693     
   5.3333333333333330        4.0000000000000000       0.33806431941646581     
   5.3333333333333330        4.3333333333333330       0.34780442015379598     
   5.3333333333333330        4.6666666666666661       0.35307384853605822     
   5.3333333333333330        5.0000000000000000       0.35331701864889420     
   5.3333333333333330        5.3333333333333330       0.34859722862377557     
   5.3333333333333330        5.6666666666666661       0.29879999667419532     
   5.3333333333333330        6.0000000000000000       0.28754903816880806     
   5.3333333333333330        6.3333333333333330       0.26789545169630052     
   5.3333333333333330        6.6666666666666661       0.23679024342151531     
   5.3333333333333330        7.0000000000000000       0.19911861308824105     
   5.3333333333333330        7.3333333333333330       0.17278737606167976     
   5.3333333333333330        7.6666666666666661       0.14735367179734155     
   5.3333333333333330        8.0000000000000000       0.12567384505152740     
   5.3333333333333330        8.3333333333333321        9.3151989487574208E-002
   5.3333333333333330        8.6666666666666661        7.4477389978481037E-002
   5.3333333333333330        9.0000000000000000        5.2260157063087183E-002
   5.3333333333333330        9.3333333333333321        3.0206125235815739E-002
   5.3333333333333330        9.6666666666666661        1.4428216957188735E-002
   5.3333333333333330        10.000000000000000        0.0000000000000000     
 
   5.6666666666666661        0.0000000000000000        0.0000000000000000     
   5.6666666666666661       0.33333333333333331        7.5867607725037655E-003
   5.6666666666666661       0.66666666666666663        1.9323718145486845E-002
   5.6666666666666661        1.0000000000000000        5.2977654382278826E-002
   5.6666666666666661        1.3333333333333333        7.3702435263826388E-002
   5.6666666666666661        1.6666666666666665        9.3980769969526506E-002
   5.6666666666666661        2.0000000000000000       0.11683394854244615     
   5.6666666666666661        2.3333333333333330       0.14415385921430940     
   5.6666666666666661        2.6666666666666665       0.19153277824203954     
   5.6666666666666661        3.0000000000000000       0.24155841116694193     
   5.6666666666666661        3.3333333333333330       0.30170837952045804     
   5.6666666666666661        3.6666666666666665       0.32342267566143729     
   5.6666666666666661        4.0000000000000000       0.33535955874639739     
   5.6666666666666661        4.3333333333333330       0.34280830610942881     
   5.6666666666666661        4.6666666666666661       0.34612190112304708     
   5.6666666666666661        5.0000000000000000       0.34505197419161515     
   5.6666666666666661        5.3333333333333330       0.32855409849722672     
   5.6666666666666661        5.6666666666666661       0.30467798180129163     
   5.6666666666666661        6.0000000000000000       0.25533247307276125     
   5.6666666666666661        6.3333333333333330       0.25357586919361041     
   5.6666666666666661        6.6666666666666661       0.20318755827699270     
   5.6666666666666661        7.0000000000000000       0.17050237358261466     
   5.6666666666666661        7.3333333333333330       0.14140482155414488     
   5.6666666666666661        7.6666666666666661       0.13851506560926583     
   5.6666666666666661        8.0000000000000000        9.6967871284345530E-002
   5.6666666666666661        8.3333333333333321        9.0463382207015677E-002
   5.6666666666666661        8.6666666666666661        8.1729591947007824E-002
   5.6666666666666661        9.0000000000000000        2.1334805130863232E-002
   5.6666666666666661        9.3333333333333321        2.1504760247767346E-002
   5.6666666666666661        9.6666666666666661        1.1852945840771456E-002
   5.6666666666666661        10.000000000000000        0.0000000000000000     
 
   6.0000000000000000        0.0000000000000000        0.0000000000000000     
   6.0000000000000000       0.33333333333333331        8.9421506936938049E-003
   6.0000000000000000       0.66666666666666663        1.9466350496207173E-002
   6.0000000000000000        1.0000000000000000        3.2365645191837558E-002
   6.0000000000000000        1.3333333333333333        0.0000000000000000     
   6.0000000000000000        1.6666666666666665       0.11949571034581870     
   6.0000000000000000        2.0000000000000000       0.11948712385137891     
   6.0000000000000000        2.3333333333333330       0.15474892481262209     
   6.0000000000000000        2.6666666666666665       0.16731081975322443     
   6.0000000000000000        3.0000000000000000       0.32564614493919525     
   6.0000000000000000        3.3333333333333330       0.31926592816652360     
   6.0000000000000000        3.6666666666666665       0.32427373976461193     
   6.0000000000000000        4.0000000000000000       0.33037372274944088     
   6.0000000000000000        4.3333333333333330       0.33490608325189242     
   6.0000000000000000        4.6666666666666661       0.33637888681347189     
   6.0000000000000000        5.0000000000000000       0.31268352511172010     
   6.0000000000000000        5.3333333333333330       0.30935878430690783     
   6.0000000000000000        5.6666666666666661       0.28106087284840547     
   6.0000000000000000        6.0000000000000000       0.25326309411031200     
   6.0000000000000000        6.3333333333333330       0.23372035787758369     
   6.0000000000000000        6.6666666666666661       0.20104473734870751     
   6.0000000000000000        7.0000000000000000       0.16929103862811992     
   6.0000000000000000        7.3333333333333330       0.14374066465099647     
   6.0000000000000000        7.6666666666666661       0.12625164855653243     
   6.0000000000000000        8.0000000000000000       0.10360206994792476     
   6.0000000000000000        8.3333333333333321        9.0144028231820036E-002
   6.0000000000000000        8.6666666666666661        8.0437331122742164E-002
   6.0000000000000000        9.0000000000000000        3.2560702366623499E-002
   6.0000000000000000        9.3333333333333321        2.2768911386794030E-002
   6.0000000000000000        9.6666666666666661        1.1559168624483725E-002
   6.0000000000000000        10.000000000000000        0.0000000000000000     
 
   6.3333333333333330        0.0000000000000000        0.0000000000000000     
   6.3333333333333330       0.33333333333333331        8.7757741964122893E-003
   6.3333333333333330       0.66666666666666663        1.7354929742953801E-002
   6.3333333333333330        1.0000000000000000        2.4788729237628000E-002
   6.3333333333333330        1.3333333333333333        7.7302340362107341E-002
   6.3333333333333330        1.6666666666666665       0.11058520191002096     
   6.3333333333333330        2.0000000000000000       0.12204096079289643     
   6.3333333333333330        2.3333333333333330       0.14145299805236736     
   6.3333333333333330        2.6666666666666665       0.15448694668447555     
   6.3333333333333330        3.0000000000000000       0.17371246747710936     
   6.3333333333333330        3.3333333333333330       0.32384481014029282     
   6.3333333333333330        3.6666666666666665       0.31775034532975571     
   6.3333333333333330        4.0000000000000000       0.32046953805292644     
   6.3333333333333330        4.3333333333333330       0.32340667252228461     
   6.3333333333333330        4.6666666666666661       0.32138436691291294     
   6.3333333333333330        5.0000000000000000       0.31016527265694460     
   6.3333333333333330        5.3333333333333330       0.25167136143250163     
   6.3333333333333330        5.6666666666666661       0.25217936629194732     
   6.3333333333333330        6.0000000000000000       0.23915561645340835     
   6.3333333333333330        6.3333333333333330       0.22385042410682837     
   6.3333333333333330        6.6666666666666661       0.19584246180662912     
   6.3333333333333330        7.0000000000000000       0.16062800773858893     
   6.3333333333333330        7.3333333333333330       0.13737764606540084     
   6.3333333333333330        7.6666666666666661       0.11884300480815238     
   6.3333333333333330        8.0000000000000000       0.10108603459952614     
   6.3333333333333330        8.3333333333333321        8.6251061174399915E-002
   6.3333333333333330        8.6666666666666661        6.9673368704218544E-002
   6.3333333333333330        9.0000000000000000        4.2597095003221182E-002
   6.3333333333333330        9.3333333333333321        2.5626433561457940E-002
   6.3333333333333330        9.6666666666666661        1.1707480702366066E-002
   6.3333333333333330        10.000000000000000        0.0000000000000000     
 
   6.6666666666666661        0.0000000000000000        0.0000000000000000     
   6.6666666666666661       0.33333333333333331        8.8754149144115013E-003
   6.6666666666666661       0.66666666666666663        1.6513874036898347E-002
   6.6666666666666661        1.0000000000000000        6.2694963682004751E-002
   6.6666666666666661        1.3333333333333333        7.7888124479714466E-002
   6.6666666666666661        1.6666666666666665        9.9363263286546238E-002
   6.6666666666666661        2.0000000000000000       0.11664412033847261     
   6.6666666666666661        2.3333333333333330       0.13417187319561399     
   6.6666666666666661        2.6666666666666665       0.15402836997450553     
   6.6666666666666661        3.0000000000000000       0.17288380972267117     
   6.6666666666666661        3.3333333333333330       0.26236834840316559     
   6.6666666666666661        3.6666666666666665       0.29650450492980057     
   6.6666666666666661        4.0000000000000000       0.30433187135667567     
   6.6666666666666661        4.3333333333333330       0.31072346628046016     
   6.6666666666666661        4.6666666666666661       0.30948373852548272     
   6.6666666666666661        5.0000000000000000       0.29071352760037850     
   6.6666666666666661        5.3333333333333330       0.24747645671081991     
   6.6666666666666661        5.6666666666666661       0.23309437179967482     
   6.6666666666666661        6.0000000000000000       0.22402390729209667     
   6.6666666666666661        6.3333333333333330       0.16027650827444107     
   6.6666666666666661        6.6666666666666661       0.13976849533360036     
   6.6666666666666661        7.0000000000000000       0.13896102272485328     
   6.6666666666666661        7.3333333333333330       0.12579897401485873     
   6.6666666666666661        7.6666666666666661       0.11049588853416650     
   6.6666666666666661        8.0000000000000000        9.5735947863005127E-002
   6.6666666666666661        8.3333333333333321        8.4320070316953155E-002
   6.6666666666666661        8.6666666666666661        4.7077018353088071E-002
   6.6666666666666661        9.0000000000000000        4.2804747347539994E-002
   6.6666666666666661        9.3333333333333321        1.7632879282832734E-002
   6.6666666666666661        9.6666666666666661        9.7454847343103335E-003
   6.6666666666666661        10.000000000000000        0.0000000000000000     
 
   7.0000000000000000        0.0000000000000000        0.0000000000000000     
   7.0000000000000000       0.33333333333333331        1.0294442163877355E-002
   7.0000000000000000       0.66666666666666663        2.3458811454274822E-002
   7.0000000000000000        1.0000000000000000        4.7981309942693159E-002
   7.0000000000000000        1.3333333333333333        7.2695279895258549E-002
   7.0000000000000000        1.6666666666666665        9.2710949679609245E-002
   7.0000000000000000        2.0000000000000000       0.11116104371176587     
   7.0000000000000000        2.3333333333333330       0.12443283335304302     
   7.0000000000000000        2.6666666666666665       0.17302647367102805     
   7.0000000000000000        3.0000000000000000       0.19000852997757758     
   7.0000000000000000        3.3333333333333330       0.22442091589219132     
   7.0000000000000000        3.6666666666666665       0.26412611595687407     
   7.0000000000000000        4.0000000000000000       0.28429379112866671     
   7.0000000000000000        4.3333333333333330       0.30007175115444157     
   7.0000000000000000        4.6666666666666661       0.15499030753744614     
   7.0000000000000000        5.0000000000000000       0.19702030293705602     
   7.0000000000000000        5.3333333333333330       0.21087063854491067     
   7.0000000000000000        5.6666666666666661       0.20560043253502977     
   7.0000000000000000        6.0000000000000000       0.19701504458962624     
   7.0000000000000000        6.3333333333333330       0.15944457055021027     
   7.0000000000000000        6.6666666666666661       0.14018728273306619     
   7.0000000000000000        7.0000000000000000       0.12920218339529344     
   7.0000000000000000        7.3333333333333330       0.11613918719715288     
   7.0000000000000000        7.6666666666666661       0.10160945202690259     
   7.0000000000000000        8.0000000000000000        8.7219052247343762E-002
   7.0000000000000000        8.3333333333333321        7.1246031491838863E-002
   7.0000000000000000        8.6666666666666661        5.1747891839841048E-002
   7.0000000000000000        9.0000000000000000        3.9098011126669052E-002
   7.0000000000000000        9.3333333333333321        2.5718720888030944E-002
   7.0000000000000000        9.6666666666666661        3.8529799525326498E-003
   7.0000000000000000        10.000000000000000        0.0000000000000000     
 
   7.3333333333333330        0.0000000000000000        0.0000000000000000     
   7.3333333333333330       0.33333333333333331        8.9459341248254165E-003
   7.3333333333333330       0.66666666666666663        1.9261741802224494E-002
   7.3333333333333330        1.0000000000000000        3.3465007181515107E-002
   7.3333333333333330        1.3333333333333333        8.4181994820166139E-002
   7.3333333333333330        1.6666666666666665        8.8141992225471505E-002
   7.3333333333333330        2.0000000000000000       0.11562738600552648     
   7.3333333333333330        2.3333333333333330       0.12811231669520859     
   7.3333333333333330        2.6666666666666665       0.15514951561330192     
   7.3333333333333330        3.0000000000000000       0.18830260524932321     
   7.3333333333333330        3.3333333333333330       0.21839434175649583     
   7.3333333333333330        3.6666666666666665       0.24020121693107405     
   7.3333333333333330        4.0000000000000000       0.26412611595687407     
   7.3333333333333330        4.3333333333333330       0.15499030753744614     
   7.3333333333333330        4.6666666666666661       0.15456297443292191     
   7.3333333333333330        5.0000000000000000       0.18132290802920442     
   7.3333333333333330        5.3333333333333330       0.19103720608246705     
   7.3333333333333330        5.6666666666666661       0.17918522638268117     
   7.3333333333333330        6.0000000000000000       0.13423830074135515     
   7.3333333333333330        6.3333333333333330       0.13941657358308249     
   7.3333333333333330        6.6666666666666661       0.13193583378653109     
   7.3333333333333330        7.0000000000000000       0.12132309638880000     
   7.3333333333333330        7.3333333333333330       0.10793083658062946     
   7.3333333333333330        7.6666666666666661        9.2731071501719761E-002
   7.3333333333333330        8.0000000000000000        8.0554576210267695E-002
   7.3333333333333330        8.3333333333333321        6.2046313691642693E-002
   7.3333333333333330        8.6666666666666661        4.9957044193493214E-002
   7.3333333333333330        9.0000000000000000        3.6470572171780784E-002
   7.3333333333333330        9.3333333333333321        2.0696360438046079E-002
   7.3333333333333330        9.6666666666666661        7.7582973441283724E-003
   7.3333333333333330        10.000000000000000        0.0000000000000000     
 
   7.6666666666666661        0.0000000000000000        0.0000000000000000     
   7.6666666666666661       0.33333333333333331        6.3263882987715349E-003
   7.6666666666666661       0.66666666666666663        1.1376090601070536E-002
   7.6666666666666661        1.0000000000000000        8.0079509291137219E-002
   7.6666666666666661        1.3333333333333333        8.1172117668468199E-002
   7.6666666666666661        1.6666666666666665        8.8342567906540020E-002
   7.6666666666666661        2.0000000000000000       0.10361195546431076     
   7.6666666666666661        2.3333333333333330       0.11741528811511319     
   7.6666666666666661        2.6666666666666665       0.13070618798281078     
   7.6666666666666661        3.0000000000000000       0.12925501373439274     
   7.6666666666666661        3.3333333333333330       0.18030171858107361     
   7.6666666666666661        3.6666666666666665       0.21122348807494098     
   7.6666666666666661        4.0000000000000000        7.4280390125287615E-002
   7.6666666666666661        4.3333333333333330       0.11292856510696274     
   7.6666666666666661        4.6666666666666661       0.12646122846189808     
   7.6666666666666661        5.0000000000000000       0.10967715139393973     
   7.6666666666666661        5.3333333333333330       0.13992548036434740     
   7.6666666666666661        5.6666666666666661       0.13940930175640012     
   7.6666666666666661        6.0000000000000000       0.12878133906476941     
   7.6666666666666661        6.3333333333333330       0.13167609316853296     
   7.6666666666666661        6.6666666666666661       0.12662799013023876     
   7.6666666666666661        7.0000000000000000       0.11621902945507304     
   7.6666666666666661        7.3333333333333330       0.10166709328032933     
   7.6666666666666661        7.6666666666666661        8.1085769710472655E-002
   7.6666666666666661        8.0000000000000000        4.3488251856487962E-002
   7.6666666666666661        8.3333333333333321        4.6829031283015278E-002
   7.6666666666666661        8.6666666666666661        2.4722668663552841E-002
   7.6666666666666661        9.0000000000000000        1.4274292367153456E-002
   7.6666666666666661        9.3333333333333321        1.3071968488827215E-002
   7.6666666666666661        9.6666666666666661        6.5836016288658723E-003
   7.6666666666666661        10.000000000000000        0.0000000000000000     
 
   8.0000000000000000        0.0000000000000000        0.0000000000000000     
   8.0000000000000000       0.33333333333333331        5.0666970609397899E-003
   8.0000000000000000       0.66666666666666663        8.6847657925213755E-003
   8.0000000000000000        1.0000000000000000        7.2016646731880615E-002
   8.0000000000000000        1.3333333333333333        7.3078217524358960E-002
   8.0000000000000000        1.6666666666666665        8.1310452959666157E-002
   8.0000000000000000        2.0000000000000000        9.3729935579745641E-002
   8.0000000000000000        2.3333333333333330       0.10767826579128793     
   8.0000000000000000        2.6666666666666665       0.11975364648637678     
   8.0000000000000000        3.0000000000000000       0.12976959266713212     
   8.0000000000000000        3.3333333333333330       0.14840659474256382     
   8.0000000000000000        3.6666666666666665        7.4280390125287615E-002
   8.0000000000000000        4.0000000000000000        7.5188007792595796E-002
   8.0000000000000000        4.3333333333333330        9.9855152872107500E-002
   8.0000000000000000        4.6666666666666661       0.11209180700082054     
   8.0000000000000000        5.0000000000000000       0.11051390950008190     
   8.0000000000000000        5.3333333333333330        9.7174888179578187E-002
   8.0000000000000000        5.6666666666666661       0.10917310407836379     
   8.0000000000000000        6.0000000000000000       0.10954712114989007     
   8.0000000000000000        6.3333333333333330        0.0000000000000000     
   8.0000000000000000        6.6666666666666661       0.11495611614251434     
   8.0000000000000000        7.0000000000000000       0.11541131868366797     
   8.0000000000000000        7.3333333333333330        4.0307901067063667E-002
   8.0000000000000000        7.6666666666666661        4.9193296041618192E-002
   8.0000000000000000        8.0000000000000000        4.0645416576731756E-002
   8.0000000000000000        8.3333333333333321        3.5421611904804091E-002
   8.0000000000000000        8.6666666666666661        2.5156893476884552E-002
   8.0000000000000000        9.0000000000000000        1.5728504952956395E-002
   8.0000000000000000        9.3333333333333321        1.0934605608594206E-002
   8.0000000000000000        9.6666666666666661        5.6070125126597183E-003
   8.0000000000000000        10.000000000000000        0.0000000000000000     
 
   8.3333333333333321        0.0000000000000000        0.0000000000000000     
   8.3333333333333321       0.33333333333333331        5.3367379991913124E-003
   8.3333333333333321       0.66666666666666663        9.7489451086282992E-003
   8.3333333333333321        1.0000000000000000        4.5247238153437598E-002
   8.3333333333333321        1.3333333333333333        5.8784198503720166E-002
   8.3333333333333321        1.6666666666666665        7.0989798605579690E-002
   8.3333333333333321        2.0000000000000000        8.3108412056427147E-002
   8.3333333333333321        2.3333333333333330       0.10046599618858428     
   8.3333333333333321        2.6666666666666665       0.11137169240550428     
   8.3333333333333321        3.0000000000000000       0.12206966213314940     
   8.3333333333333321        3.3333333333333330       0.13508860533221254     
   8.3333333333333321        3.6666666666666665        5.2292675457481584E-002
   8.3333333333333321        4.0000000000000000        5.3175172692202899E-002
   8.3333333333333321        4.3333333333333330        2.7287821563634480E-002
   8.3333333333333321        4.6666666666666661        2.5585445145127964E-002
   8.3333333333333321        5.0000000000000000        8.4984109835095259E-002
   8.3333333333333321        5.3333333333333330        8.5305449210199946E-002
   8.3333333333333321        5.6666666666666661        9.0501081517841697E-002
   8.3333333333333321        6.0000000000000000        9.0656102407519520E-002
   8.3333333333333321        6.3333333333333330        4.8442044315122050E-002
   8.3333333333333321        6.6666666666666661        0.0000000000000000     
   8.3333333333333321        7.0000000000000000        2.8159538939713954E-002
   8.3333333333333321        7.3333333333333330        3.1887967290892792E-002
   8.3333333333333321        7.6666666666666661        3.5177004258493245E-002
   8.3333333333333321        8.0000000000000000        3.4955930842639447E-002
   8.3333333333333321        8.3333333333333321        2.9511730617016563E-002
   8.3333333333333321        8.6666666666666661        1.3501099536569439E-002
   8.3333333333333321        9.0000000000000000        1.2832082217374112E-002
   8.3333333333333321        9.3333333333333321        9.5291482539663439E-003
   8.3333333333333321        9.6666666666666661        5.0120207013199343E-003
   8.3333333333333321        10.000000000000000        0.0000000000000000     
 
   8.6666666666666661        0.0000000000000000        0.0000000000000000     
   8.6666666666666661       0.33333333333333331        6.6282863568463881E-003
   8.6666666666666661       0.66666666666666663        1.5400246760597891E-002
   8.6666666666666661        1.0000000000000000        3.2430213905371666E-002
   8.6666666666666661        1.3333333333333333        4.6661105761202429E-002
   8.6666666666666661        1.6666666666666665        6.1633299757998965E-002
   8.6666666666666661        2.0000000000000000        6.8092015631725289E-002
   8.6666666666666661        2.3333333333333330        8.8483287058482546E-002
   8.6666666666666661        2.6666666666666665       0.10388367094449402     
   8.6666666666666661        3.0000000000000000       0.11260740536729735     
   8.6666666666666661        3.3333333333333330        0.0000000000000000     
   8.6666666666666661        3.6666666666666665        2.5285549583100732E-002
   8.6666666666666661        4.0000000000000000        3.2876832465628864E-002
   8.6666666666666661        4.3333333333333330        2.8085490318424819E-002
   8.6666666666666661        4.6666666666666661        2.6426218130246874E-002
   8.6666666666666661        5.0000000000000000        6.8436141535560546E-002
   8.6666666666666661        5.3333333333333330        6.8811512321038062E-002
   8.6666666666666661        5.6666666666666661        7.7039762017960645E-002
   8.6666666666666661        6.0000000000000000        7.2075775082074370E-002
   8.6666666666666661        6.3333333333333330        4.8794089481590759E-002
   8.6666666666666661        6.6666666666666661        2.2506554277748655E-002
   8.6666666666666661        7.0000000000000000        2.4871423984070336E-002
   8.6666666666666661        7.3333333333333330        2.4350800584854056E-002
   8.6666666666666661        7.6666666666666661        2.5115083170170825E-002
   8.6666666666666661        8.0000000000000000        1.6123932450655815E-002
   8.6666666666666661        8.3333333333333321        1.8594141582464745E-002
   8.6666666666666661        8.6666666666666661        1.4465142266925400E-002
   8.6666666666666661        9.0000000000000000        5.8339256468076528E-003
   8.6666666666666661        9.3333333333333321        3.7957482818222850E-003
   8.6666666666666661        9.6666666666666661        0.0000000000000000     
   8.6666666666666661        10.000000000000000        0.0000000000000000     
 
   9.0000000000000000        0.0000000000000000        0.0000000000000000     
   9.0000000000000000       0.33333333333333331        5.9006416441758662E-003
   9.0000000000000000       0.66666666666666663        1.3070439085045746E-002
   9.0000000000000000        1.0000000000000000        2.2953945732745607E-002
   9.0000000000000000        1.3333333333333333        3.4514297930119418E-002
   9.0000000000000000        1.6666666666666665        3.9909173755737215E-002
   9.0000000000000000        2.0000000000000000        6.0393333215095331E-002
   9.0000000000000000        2.3333333333333330        7.3987923134941111E-002
   9.0000000000000000        2.6666666666666665        2.3944416800136354E-003
   9.0000000000000000        3.0000000000000000        3.8701629857756559E-003
   9.0000000000000000        3.3333333333333330        1.2733826675227147E-002
   9.0000000000000000        3.6666666666666665        1.8307879726705140E-002
   9.0000000000000000        4.0000000000000000        2.5686018636379891E-002
   9.0000000000000000        4.3333333333333330        2.6523794090533792E-002
   9.0000000000000000        4.6666666666666661        1.8117495016840577E-003
   9.0000000000000000        5.0000000000000000        4.4438403095125055E-002
   9.0000000000000000        5.3333333333333330        4.4776293279053359E-002
   9.0000000000000000        5.6666666666666661        1.7702349913136153E-002
   9.0000000000000000        6.0000000000000000        2.0420847571275786E-002
   9.0000000000000000        6.3333333333333330        2.6168575076747067E-002
   9.0000000000000000        6.6666666666666661        2.0492344205987612E-002
   9.0000000000000000        7.0000000000000000        1.3052193028066829E-002
   9.0000000000000000        7.3333333333333330        1.5914633064596430E-002
   9.0000000000000000        7.6666666666666661        1.6201756048591153E-002
   9.0000000000000000        8.0000000000000000        1.3981821255694802E-002
   9.0000000000000000        8.3333333333333321        1.4626586590800362E-002
   9.0000000000000000        8.6666666666666661        1.1609392286653841E-002
   9.0000000000000000        9.0000000000000000        5.9989456447973400E-003
   9.0000000000000000        9.3333333333333321        3.9150687700197908E-003
   9.0000000000000000        9.6666666666666661        3.4278366955658551E-004
   9.0000000000000000        10.000000000000000        0.0000000000000000     
 
   9.3333333333333321        0.0000000000000000        0.0000000000000000     
   9.3333333333333321       0.33333333333333331        4.0186880255790184E-003
   9.3333333333333321       0.66666666666666663        8.2724623566396670E-003
   9.3333333333333321        1.0000000000000000        1.2210324649571766E-002
   9.3333333333333321        1.3333333333333333        1.3141913867923747E-002
   9.3333333333333321        1.6666666666666665        2.0018783356830262E-002
   9.3333333333333321        2.0000000000000000        2.8797791877871971E-003
   9.3333333333333321        2.3333333333333330        2.0194046520301003E-003
   9.3333333333333321        2.6666666666666665        2.4776184358035178E-003
   9.3333333333333321        3.0000000000000000        3.9991411189154351E-003
   9.3333333333333321        3.3333333333333330        7.5137047013797012E-003
   9.3333333333333321        3.6666666666666665        1.0004492806886185E-002
   9.3333333333333321        4.0000000000000000        0.0000000000000000     
   9.3333333333333321        4.3333333333333330        1.4406146095952725E-003
   9.3333333333333321        4.6666666666666661        1.8400960094336664E-003
   9.3333333333333321        5.0000000000000000        1.3770201658843920E-002
   9.3333333333333321        5.3333333333333330        2.1370800176910530E-002
   9.3333333333333321        5.6666666666666661        1.7923826307863273E-002
   9.3333333333333321        6.0000000000000000        1.4898262822241562E-002
   9.3333333333333321        6.3333333333333330        1.5219086026147896E-002
   9.3333333333333321        6.6666666666666661        1.3072831258493138E-002
   9.3333333333333321        7.0000000000000000        1.0431103715864783E-002
   9.3333333333333321        7.3333333333333330        1.0337131805306835E-002
   9.3333333333333321        7.6666666666666661        1.0087820305455028E-002
   9.3333333333333321        8.0000000000000000        9.2591828376087822E-003
   9.3333333333333321        8.3333333333333321        1.6322631614623326E-003
   9.3333333333333321        8.6666666666666661        1.9727813920629683E-003
   9.3333333333333321        9.0000000000000000        2.7945651981925797E-003
   9.3333333333333321        9.3333333333333321        2.0648142980234357E-003
   9.3333333333333321        9.6666666666666661        6.9646685752949129E-004
   9.3333333333333321        10.000000000000000        0.0000000000000000     
 
   9.6666666666666661        0.0000000000000000        0.0000000000000000     
   9.6666666666666661       0.33333333333333331        1.9827440716583839E-003
   9.6666666666666661       0.66666666666666663        3.9532619653337431E-003
   9.6666666666666661        1.0000000000000000        5.6378022391431947E-003
   9.6666666666666661        1.3333333333333333        6.4980207125822443E-003
   9.6666666666666661        1.6666666666666665        7.3328501110703119E-003
   9.6666666666666661        2.0000000000000000        2.9441917454908666E-003
   9.6666666666666661        2.3333333333333330        1.6245608963660482E-003
   9.6666666666666661        2.6666666666666665        1.5783674228188689E-003
   9.6666666666666661        3.0000000000000000        2.2604580195455118E-003
   9.6666666666666661        3.3333333333333330        3.5347761250447566E-003
   9.6666666666666661        3.6666666666666665        4.4700368707226330E-003
   9.6666666666666661        4.0000000000000000        5.2734220830570936E-004
   9.6666666666666661        4.3333333333333330        1.0619701425774112E-003
   9.6666666666666661        4.6666666666666661        2.2938164224261580E-003
   9.6666666666666661        5.0000000000000000        6.2993056262286755E-003
   9.6666666666666661        5.3333333333333330        9.1951191111276018E-003
   9.6666666666666661        5.6666666666666661        3.0817223554007269E-003
   9.6666666666666661        6.0000000000000000        6.2046035493464879E-003
   9.6666666666666661        6.3333333333333330        6.9170148994517015E-003
   9.6666666666666661        6.6666666666666661        6.3348934153417058E-003
   9.6666666666666661        7.0000000000000000        5.4447208611446063E-003
   9.6666666666666661        7.3333333333333330        5.1084862211398076E-003
   9.6666666666666661        7.6666666666666661        4.7500827958991063E-003
   9.6666666666666661        8.0000000000000000        3.9002021066869867E-003
   9.6666666666666661        8.3333333333333321        1.6751194907006323E-003
   9.6666666666666661        8.6666666666666661        1.2086458423156295E-003
   9.6666666666666661        9.0000000000000000        1.2205246978934485E-003
   9.6666666666666661        9.3333333333333321        9.1434865659487422E-004
   9.6666666666666661        9.6666666666666661        3.9961417321066929E-004
   9.6666666666666661        10.000000000000000        0.0000000000000000     
 
   10.000000000000000        0.0000000000000000        0.0000000000000000     
   10.000000000000000       0.33333333333333331        0.0000000000000000     
   10.000000000000000       0.66666666666666663        0.0000000000000000     
   10.000000000000000        1.0000000000000000        0.0000000000000000     
   10.000000000000000        1.3333333333333333        0.0000000000000000     
   10.000000000000000        1.6666666666666665        0.0000000000000000     
   10.000000000000000        2.0000000000000000        0.0000000000000000     
   10.000000000000000        2.3333333333333330        0.0000000000000000     
   10.000000000000000        2.6666666666666665        0.0000000000000000     
   10.000000000000000        3.0000000000000000        0.0000000000000000     
   10.000000000000000        3.3333333333333330        0.0000000000000000     
   10.000000000000000        3.6666666666666665        0.0000000000000000     
   10.000000000000000        4.0000000000000000        0.0000000000000000     
   10.000000000000000        4.3333333333333330        0.0000000000000000     
   10.000000000000000        4.6666666666666661        0.0000000000000000     
   10.000000000000000        5.0000000000000000        0.0000000000000000     
   10.000000000000000        5.3333333333333330        0.0000000000000000     
   10.000000000000000        5.6666666666666661        0.0000000000000000     
   10.000000000000000        6.0000000000000000        0.0000000000000000     
   10.000000000000000        6.3333333333333330        0.0000000000000000     
   10.000000000000000        6.6666666666666661        0.0000000000000000     
   10.000000000000000        7.0000000000000000        0.0000000000000000     
   10.000000000000000        7.3333333333333330        0.0000000000000000     
   10.000000000000000        7.6666666666666661        0.0000000000000000     
   10.000000000000000        8.0000000000000000        0.0000000000000000     
   10.000000000000000        8.3333333333333321        0.0000000000000000     
   10.000000000000000        8.6666666666666661        0.0000000000000000     
   10.000000000000000        9.0000000000000000        0.0000000000000000     
   10.000000000000000        9.3333333333333321        0.0000000000000000     
   10.000000000000000        9.6666666666666661        0.0000000000000000     
   10.000000000000000        10.000000000000000        0.0000000000000000     
 
