   0.0000000000000000        0.0000000000000000        0.0000000000000000     
   0.0000000000000000       0.33333333333333331        0.0000000000000000     
   0.0000000000000000       0.66666666666666663        0.0000000000000000     
   0.0000000000000000        1.0000000000000000        0.0000000000000000     
   0.0000000000000000        1.3333333333333333        0.0000000000000000     
   0.0000000000000000        1.6666666666666665        0.0000000000000000     
   0.0000000000000000        2.0000000000000000        0.0000000000000000     
   0.0000000000000000        2.3333333333333330        0.0000000000000000     
   0.0000000000000000        2.6666666666666665        0.0000000000000000     
   0.0000000000000000        3.0000000000000000        0.0000000000000000     
   0.0000000000000000        3.3333333333333330        0.0000000000000000     
   0.0000000000000000        3.6666666666666665        0.0000000000000000     
   0.0000000000000000        4.0000000000000000        0.0000000000000000     
   0.0000000000000000        4.3333333333333330        0.0000000000000000     
   0.0000000000000000        4.6666666666666661        0.0000000000000000     
   0.0000000000000000        5.0000000000000000        0.0000000000000000     
   0.0000000000000000        5.3333333333333330        0.0000000000000000     
   0.0000000000000000        5.6666666666666661        0.0000000000000000     
   0.0000000000000000        6.0000000000000000        0.0000000000000000     
   0.0000000000000000        6.3333333333333330        0.0000000000000000     
   0.0000000000000000        6.6666666666666661        0.0000000000000000     
   0.0000000000000000        7.0000000000000000        0.0000000000000000     
   0.0000000000000000        7.3333333333333330        0.0000000000000000     
   0.0000000000000000        7.6666666666666661        0.0000000000000000     
   0.0000000000000000        8.0000000000000000        0.0000000000000000     
   0.0000000000000000        8.3333333333333321        0.0000000000000000     
   0.0000000000000000        8.6666666666666661        0.0000000000000000     
   0.0000000000000000        9.0000000000000000        0.0000000000000000     
   0.0000000000000000        9.3333333333333321        0.0000000000000000     
   0.0000000000000000        9.6666666666666661        0.0000000000000000     
   0.0000000000000000        10.000000000000000        0.0000000000000000     
 
  0.33333333333333331        0.0000000000000000        0.0000000000000000     
  0.33333333333333331       0.33333333333333331        2.9968096758812932E-006
  0.33333333333333331       0.66666666666666663        4.8938507436288529E-006
  0.33333333333333331        1.0000000000000000        4.1897025580251629E-006
  0.33333333333333331        1.3333333333333333        9.4860677628219754E-006
  0.33333333333333331        1.6666666666666665        1.5920511544278586E-005
  0.33333333333333331        2.0000000000000000        2.9221652459430525E-005
  0.33333333333333331        2.3333333333333330        4.2696436381820103E-005
  0.33333333333333331        2.6666666666666665        4.3772057869832360E-005
  0.33333333333333331        3.0000000000000000        1.0531869715399456E-004
  0.33333333333333331        3.3333333333333330        1.2180956361513397E-004
  0.33333333333333331        3.6666666666666665        1.0760123011645858E-004
  0.33333333333333331        4.0000000000000000        1.0386553407200801E-004
  0.33333333333333331        4.3333333333333330        1.1039380340820953E-004
  0.33333333333333331        4.6666666666666661        8.0019605764727165E-005
  0.33333333333333331        5.0000000000000000        1.5938694351797189E-004
  0.33333333333333331        5.3333333333333330        4.5460079076495340E-004
  0.33333333333333331        5.6666666666666661        6.4747715065340721E-004
  0.33333333333333331        6.0000000000000000        8.2775451585386948E-004
  0.33333333333333331        6.3333333333333330        9.7577903224372957E-004
  0.33333333333333331        6.6666666666666661        6.1759202920424615E-004
  0.33333333333333331        7.0000000000000000        1.0795452255062442E-003
  0.33333333333333331        7.3333333333333330        4.1061448559816493E-004
  0.33333333333333331        7.6666666666666661        2.9108126489855410E-004
  0.33333333333333331        8.0000000000000000        1.8737892937473606E-004
  0.33333333333333331        8.3333333333333321        1.0274869139565084E-004
  0.33333333333333331        8.6666666666666661        6.5070005662595147E-005
  0.33333333333333331        9.0000000000000000        4.1443007823146715E-005
  0.33333333333333331        9.3333333333333321        1.9941867654998983E-005
  0.33333333333333331        9.6666666666666661        7.8717455711273393E-006
  0.33333333333333331        10.000000000000000        0.0000000000000000     
 
  0.66666666666666663        0.0000000000000000        0.0000000000000000     
  0.66666666666666663       0.33333333333333331        8.3461046473472632E-006
  0.66666666666666663       0.66666666666666663        1.4440268060493467E-005
  0.66666666666666663        1.0000000000000000        2.7827412516803289E-005
  0.66666666666666663        1.3333333333333333        2.1883227241565050E-005
  0.66666666666666663        1.6666666666666665        3.1610994898368371E-005
  0.66666666666666663        2.0000000000000000        7.0063926634289966E-005
  0.66666666666666663        2.3333333333333330        1.1452813800816106E-004
  0.66666666666666663        2.6666666666666665        3.0616039773741292E-004
  0.66666666666666663        3.0000000000000000        2.9420249753238310E-004
  0.66666666666666663        3.3333333333333330        3.1832826894104049E-004
  0.66666666666666663        3.6666666666666665        2.4469347397532262E-004
  0.66666666666666663        4.0000000000000000        2.3675331611018545E-004
  0.66666666666666663        4.3333333333333330        2.9912900534583513E-004
  0.66666666666666663        4.6666666666666661        0.0000000000000000     
  0.66666666666666663        5.0000000000000000        9.9787187237373423E-004
  0.66666666666666663        5.3333333333333330        1.1665199637936224E-003
  0.66666666666666663        5.6666666666666661        1.5222831155173419E-003
  0.66666666666666663        6.0000000000000000        1.9559129437303579E-003
  0.66666666666666663        6.3333333333333330        2.7655606367574760E-003
  0.66666666666666663        6.6666666666666661        4.5584204606845449E-003
  0.66666666666666663        7.0000000000000000        3.6371608771188259E-003
  0.66666666666666663        7.3333333333333330        4.8863071320279672E-004
  0.66666666666666663        7.6666666666666661        6.6974786462042522E-004
  0.66666666666666663        8.0000000000000000        4.2480562006591587E-004
  0.66666666666666663        8.3333333333333321        1.9809443009059357E-004
  0.66666666666666663        8.6666666666666661        1.4204591425882407E-004
  0.66666666666666663        9.0000000000000000        9.7708848742399435E-005
  0.66666666666666663        9.3333333333333321        3.8819149829518606E-005
  0.66666666666666663        9.6666666666666661        1.4906288085816363E-005
  0.66666666666666663        10.000000000000000        0.0000000000000000     
 
   1.0000000000000000        0.0000000000000000        0.0000000000000000     
   1.0000000000000000       0.33333333333333331        1.9346279844640842E-005
   1.0000000000000000       0.66666666666666663        3.5946209253075287E-005
   1.0000000000000000        1.0000000000000000        4.5309930727533681E-005
   1.0000000000000000        1.3333333333333333        2.7827412516803289E-005
   1.0000000000000000        1.6666666666666665        1.0469156701710177E-004
   1.0000000000000000        2.0000000000000000        1.3265346010073162E-004
   1.0000000000000000        2.3333333333333330        2.7464771707006288E-004
   1.0000000000000000        2.6666666666666665        4.2993724364052759E-004
   1.0000000000000000        3.0000000000000000        5.5145160506858996E-004
   1.0000000000000000        3.3333333333333330        7.2267106790127741E-004
   1.0000000000000000        3.6666666666666665        4.0447756245309217E-004
   1.0000000000000000        4.0000000000000000        3.8699986635465936E-004
   1.0000000000000000        4.3333333333333330        6.5941946135579716E-004
   1.0000000000000000        4.6666666666666661        8.6413991660877043E-004
   1.0000000000000000        5.0000000000000000        1.1788857515117254E-003
   1.0000000000000000        5.3333333333333330        2.0794986849406402E-003
   1.0000000000000000        5.6666666666666661        2.8068730407706205E-003
   1.0000000000000000        6.0000000000000000        3.3198863250434195E-003
   1.0000000000000000        6.3333333333333330        6.1928163797513236E-003
   1.0000000000000000        6.6666666666666661        6.8796471913691428E-003
   1.0000000000000000        7.0000000000000000        6.3990217003725607E-003
   1.0000000000000000        7.3333333333333330        4.2155836959273602E-003
   1.0000000000000000        7.6666666666666661        1.7081717742470580E-003
   1.0000000000000000        8.0000000000000000        7.9741005116215928E-004
   1.0000000000000000        8.3333333333333321        3.4892440865190525E-004
   1.0000000000000000        8.6666666666666661        2.6311358490979159E-004
   1.0000000000000000        9.0000000000000000        2.0774114455356514E-004
   1.0000000000000000        9.3333333333333321        1.3422997212939589E-005
   1.0000000000000000        9.6666666666666661        1.9225527733126038E-005
   1.0000000000000000        10.000000000000000        0.0000000000000000     
 
   1.3333333333333333        0.0000000000000000        0.0000000000000000     
   1.3333333333333333       0.33333333333333331        4.0717791064120130E-005
   1.3333333333333333       0.66666666666666663        7.8807994246056260E-005
   1.3333333333333333        1.0000000000000000        1.0751393011794188E-004
   1.3333333333333333        1.3333333333333333        1.8073693617143513E-004
   1.3333333333333333        1.6666666666666665        1.1902985064401756E-004
   1.3333333333333333        2.0000000000000000        5.0870879734729428E-004
   1.3333333333333333        2.3333333333333330        5.2201999245781274E-004
   1.3333333333333333        2.6666666666666665        7.3884510245503644E-004
   1.3333333333333333        3.0000000000000000        9.4519769606243062E-004
   1.3333333333333333        3.3333333333333330        1.8490064834927047E-003
   1.3333333333333333        3.6666666666666665        3.6246916047960594E-003
   1.3333333333333333        4.0000000000000000        1.8402321899134435E-003
   1.3333333333333333        4.3333333333333330        1.5219795612318788E-003
   1.3333333333333333        4.6666666666666661        3.2135993984079791E-003
   1.3333333333333333        5.0000000000000000        3.5520676548585258E-003
   1.3333333333333333        5.3333333333333330        3.8213343742298875E-003
   1.3333333333333333        5.6666666666666661        5.1528457796303989E-003
   1.3333333333333333        6.0000000000000000        1.6051471331121982E-002
   1.3333333333333333        6.3333333333333330        1.3533859119813002E-002
   1.3333333333333333        6.6666666666666661        1.2331539176079251E-002
   1.3333333333333333        7.0000000000000000        1.0544807412895103E-002
   1.3333333333333333        7.3333333333333330        8.0157734967118126E-003
   1.3333333333333333        7.6666666666666661        3.8786781989021206E-004
   1.3333333333333333        8.0000000000000000        5.3744153820417756E-004
   1.3333333333333333        8.3333333333333321        5.6598085377266010E-004
   1.3333333333333333        8.6666666666666661        4.5427446761082680E-004
   1.3333333333333333        9.0000000000000000        3.4333265920220352E-004
   1.3333333333333333        9.3333333333333321        1.3437986322644937E-004
   1.3333333333333333        9.6666666666666661        5.6510994419275568E-005
   1.3333333333333333        10.000000000000000        0.0000000000000000     
 
   1.6666666666666665        0.0000000000000000        0.0000000000000000     
   1.6666666666666665       0.33333333333333331        8.0147548770306110E-005
   1.6666666666666665       0.66666666666666663        1.6068751678941510E-004
   1.6666666666666665        1.0000000000000000        2.3850766416387608E-004
   1.6666666666666665        1.3333333333333333        3.1045121012477305E-004
   1.6666666666666665        1.6666666666666665        8.4746983270715659E-004
   1.6666666666666665        2.0000000000000000        6.7958694203209245E-004
   1.6666666666666665        2.3333333333333330        7.5051484596760790E-004
   1.6666666666666665        2.6666666666666665        1.3061978702501231E-003
   1.6666666666666665        3.0000000000000000        4.5227565527311032E-003
   1.6666666666666665        3.3333333333333330        4.4267941705537321E-003
   1.6666666666666665        3.6666666666666665        4.6961035262326279E-003
   1.6666666666666665        4.0000000000000000        2.7563748134150890E-003
   1.6666666666666665        4.3333333333333330        2.5685210675772522E-003
   1.6666666666666665        4.6666666666666661        4.2287544885243212E-003
   1.6666666666666665        5.0000000000000000        4.3800811677047790E-003
   1.6666666666666665        5.3333333333333330        5.6300107902449653E-003
   1.6666666666666665        5.6666666666666661        1.0252800146991738E-002
   1.6666666666666665        6.0000000000000000        2.2511373626977471E-002
   1.6666666666666665        6.3333333333333330        2.2977610243545825E-002
   1.6666666666666665        6.6666666666666661        2.1577719117613563E-002
   1.6666666666666665        7.0000000000000000        1.8283083041970523E-002
   1.6666666666666665        7.3333333333333330        1.1579384812002554E-002
   1.6666666666666665        7.6666666666666661        3.3220532641348025E-004
   1.6666666666666665        8.0000000000000000        5.9449388491561418E-004
   1.6666666666666665        8.3333333333333321        1.1244815412123888E-003
   1.6666666666666665        8.6666666666666661        8.0960007871051689E-004
   1.6666666666666665        9.0000000000000000        4.9654516040830592E-004
   1.6666666666666665        9.3333333333333321        2.6454255550913591E-004
   1.6666666666666665        9.6666666666666661        9.4829555923887934E-005
   1.6666666666666665        10.000000000000000        0.0000000000000000     
 
   2.0000000000000000        0.0000000000000000        0.0000000000000000     
   2.0000000000000000       0.33333333333333331        1.4830767585105392E-004
   2.0000000000000000       0.66666666666666663        3.0303958083827077E-004
   2.0000000000000000        1.0000000000000000        4.5996491193037414E-004
   2.0000000000000000        1.3333333333333333        6.2128880737062403E-004
   2.0000000000000000        1.6666666666666665        1.2978962053134028E-003
   2.0000000000000000        2.0000000000000000        8.4746983270715659E-004
   2.0000000000000000        2.3333333333333330        2.1619942126609331E-003
   2.0000000000000000        2.6666666666666665        2.8436056203333311E-003
   2.0000000000000000        3.0000000000000000        5.8954953105514541E-003
   2.0000000000000000        3.3333333333333330        7.8551209563750210E-003
   2.0000000000000000        3.6666666666666665        9.2604857335944982E-003
   2.0000000000000000        4.0000000000000000        1.5154680728770293E-002
   2.0000000000000000        4.3333333333333330        1.6459314232473946E-002
   2.0000000000000000        4.6666666666666661        7.9970568920636198E-003
   2.0000000000000000        5.0000000000000000        5.4101155006032369E-003
   2.0000000000000000        5.3333333333333330        0.0000000000000000     
   2.0000000000000000        5.6666666666666661        8.3632046033216681E-002
   2.0000000000000000        6.0000000000000000        4.5716389517255270E-002
   2.0000000000000000        6.3333333333333330        3.9532252048787117E-002
   2.0000000000000000        6.6666666666666661        3.7785026731739162E-002
   2.0000000000000000        7.0000000000000000        3.3909612730945747E-002
   2.0000000000000000        7.3333333333333330        1.3756710458737945E-004
   2.0000000000000000        7.6666666666666661        1.9554761774580895E-004
   2.0000000000000000        8.0000000000000000        5.8672993955624858E-003
   2.0000000000000000        8.3333333333333321        2.8954088882339225E-003
   2.0000000000000000        8.6666666666666661        1.4390760082466322E-003
   2.0000000000000000        9.0000000000000000        7.4662735535033220E-004
   2.0000000000000000        9.3333333333333321        4.3104823020186252E-004
   2.0000000000000000        9.6666666666666661        6.7570705571308267E-005
   2.0000000000000000        10.000000000000000        0.0000000000000000     
 
   2.3333333333333330        0.0000000000000000        0.0000000000000000     
   2.3333333333333330       0.33333333333333331        2.6155579449498116E-004
   2.3333333333333330       0.66666666666666663        5.4688645513745757E-004
   2.3333333333333330        1.0000000000000000        8.3139897981130383E-004
   2.3333333333333330        1.3333333333333333        2.9183125904775919E-003
   2.3333333333333330        1.6666666666666665        3.2744051268114357E-003
   2.3333333333333330        2.0000000000000000        8.4689896347776416E-003
   2.3333333333333330        2.3333333333333330        1.1970303489933278E-002
   2.3333333333333330        2.6666666666666665        1.2507481501605232E-002
   2.3333333333333330        3.0000000000000000        9.9245545415715675E-003
   2.3333333333333330        3.3333333333333330        1.3798798182691207E-002
   2.3333333333333330        3.6666666666666665        1.7462356584460357E-002
   2.3333333333333330        4.0000000000000000        1.9003133717232824E-002
   2.3333333333333330        4.3333333333333330        2.8773633884620578E-002
   2.3333333333333330        4.6666666666666661        7.6253759538036536E-002
   2.3333333333333330        5.0000000000000000       0.12079488087144756     
   2.3333333333333330        5.3333333333333330       0.15181481657338544     
   2.3333333333333330        5.6666666666666661       0.13442442704576335     
   2.3333333333333330        6.0000000000000000        8.6607979351032607E-002
   2.3333333333333330        6.3333333333333330        5.9699322647828242E-002
   2.3333333333333330        6.6666666666666661        6.3985468929240369E-002
   2.3333333333333330        7.0000000000000000        5.3056386881510376E-002
   2.3333333333333330        7.3333333333333330        4.7310527116842992E-002
   2.3333333333333330        7.6666666666666661        2.4352604595881983E-002
   2.3333333333333330        8.0000000000000000        1.0500481462794475E-002
   2.3333333333333330        8.3333333333333321        4.0194696092058788E-003
   2.3333333333333330        8.6666666666666661        1.7679962249528270E-003
   2.3333333333333330        9.0000000000000000        8.7740499607460054E-004
   2.3333333333333330        9.3333333333333321        4.3871870967347173E-004
   2.3333333333333330        9.6666666666666661        1.6115854384764444E-004
   2.3333333333333330        10.000000000000000        0.0000000000000000     
 
   2.6666666666666665        0.0000000000000000        0.0000000000000000     
   2.6666666666666665       0.33333333333333331        4.3769441173472300E-004
   2.6666666666666665       0.66666666666666663        9.6907526532790745E-004
   2.6666666666666665        1.0000000000000000        1.7503263232239105E-003
   2.6666666666666665        1.3333333333333333        3.4128592698376551E-003
   2.6666666666666665        1.6666666666666665        6.5187785997191426E-003
   2.6666666666666665        2.0000000000000000        1.0676209860248425E-002
   2.6666666666666665        2.3333333333333330        1.4902636251645762E-002
   2.6666666666666665        2.6666666666666665        1.8016431326094037E-002
   2.6666666666666665        3.0000000000000000        2.8408220944649523E-002
   2.6666666666666665        3.3333333333333330        2.3050515791642450E-002
   2.6666666666666665        3.6666666666666665        3.1518009033548469E-002
   2.6666666666666665        4.0000000000000000        4.7190839437837299E-002
   2.6666666666666665        4.3333333333333330        5.6897379113288765E-002
   2.6666666666666665        4.6666666666666661        8.9749703199490993E-002
   2.6666666666666665        5.0000000000000000       0.13837697964604267     
   2.6666666666666665        5.3333333333333330       0.18765815327907354     
   2.6666666666666665        5.6666666666666661       0.18477733512540595     
   2.6666666666666665        6.0000000000000000       0.12739703491033280     
   2.6666666666666665        6.3333333333333330       0.15551359261829439     
   2.6666666666666665        6.6666666666666661       0.11685190956386554     
   2.6666666666666665        7.0000000000000000        7.1686938471049039E-002
   2.6666666666666665        7.3333333333333330        5.7982511415633514E-002
   2.6666666666666665        7.6666666666666661        4.3985762666515583E-002
   2.6666666666666665        8.0000000000000000        1.5432844547809562E-003
   2.6666666666666665        8.3333333333333321        2.0668642840687779E-003
   2.6666666666666665        8.6666666666666661        1.2924177874939044E-003
   2.6666666666666665        9.0000000000000000        8.5509501604442929E-004
   2.6666666666666665        9.3333333333333321        4.4353802958218137E-004
   2.6666666666666665        9.6666666666666661        1.9841594814311086E-004
   2.6666666666666665        10.000000000000000        0.0000000000000000     
 
   3.0000000000000000        0.0000000000000000        0.0000000000000000     
   3.0000000000000000       0.33333333333333331        6.5851671283146849E-004
   3.0000000000000000       0.66666666666666663        1.4392078549276929E-003
   3.0000000000000000        1.0000000000000000        2.3031753566101743E-003
   3.0000000000000000        1.3333333333333333        8.4135379842651924E-003
   3.0000000000000000        1.6666666666666665        1.0353796265338227E-002
   3.0000000000000000        2.0000000000000000        1.5339562939531868E-002
   3.0000000000000000        2.3333333333333330        2.2237978728656262E-002
   3.0000000000000000        2.6666666666666665        3.0381949794085095E-002
   3.0000000000000000        3.0000000000000000        3.9115367431666340E-002
   3.0000000000000000        3.3333333333333330        6.6911487154643803E-002
   3.0000000000000000        3.6666666666666665        5.9575257666619377E-002
   3.0000000000000000        4.0000000000000000        6.0514243199850042E-002
   3.0000000000000000        4.3333333333333330        7.2240165638167431E-002
   3.0000000000000000        4.6666666666666661       0.10127035840970468     
   3.0000000000000000        5.0000000000000000       0.17226524635592183     
   3.0000000000000000        5.3333333333333330       0.29406389041146813     
   3.0000000000000000        5.6666666666666661       0.30790484135316082     
   3.0000000000000000        6.0000000000000000       0.31815627454612461     
   3.0000000000000000        6.3333333333333330       0.21466606281233303     
   3.0000000000000000        6.6666666666666661       0.19290532527829773     
   3.0000000000000000        7.0000000000000000       0.11010146612953491     
   3.0000000000000000        7.3333333333333330        8.0527909967078620E-002
   3.0000000000000000        7.6666666666666661        5.9046557053906934E-002
   3.0000000000000000        8.0000000000000000        2.9279537393977647E-002
   3.0000000000000000        8.3333333333333321        6.6210550260961372E-004
   3.0000000000000000        8.6666666666666661        9.1183911671190935E-004
   3.0000000000000000        9.0000000000000000        1.1057425062564942E-003
   3.0000000000000000        9.3333333333333321        5.2983633992280703E-004
   3.0000000000000000        9.6666666666666661        2.6260720884890143E-004
   3.0000000000000000        10.000000000000000        0.0000000000000000     
 
   3.3333333333333330        0.0000000000000000        0.0000000000000000     
   3.3333333333333330       0.33333333333333331        9.5647901034430786E-004
   3.3333333333333330       0.66666666666666663        2.2482062779346948E-003
   3.3333333333333330        1.0000000000000000        4.3699090190456565E-003
   3.3333333333333330        1.3333333333333333        8.5582714313215350E-003
   3.3333333333333330        1.6666666666666665        1.3546771089915201E-002
   3.3333333333333330        2.0000000000000000        2.1335405266449507E-002
   3.3333333333333330        2.3333333333333330        3.2587181450279799E-002
   3.3333333333333330        2.6666666666666665        4.7441618375842549E-002
   3.3333333333333330        3.0000000000000000        6.4889639490954359E-002
   3.3333333333333330        3.3333333333333330        8.3605511018890036E-002
   3.3333333333333330        3.6666666666666665        8.8736376935948408E-002
   3.3333333333333330        4.0000000000000000        9.3008036704667243E-002
   3.3333333333333330        4.3333333333333330        8.2574939701236375E-002
   3.3333333333333330        4.6666666666666661        8.5088958142339632E-002
   3.3333333333333330        5.0000000000000000       0.60912768612025403     
   3.3333333333333330        5.3333333333333330       0.52606025987851446     
   3.3333333333333330        5.6666666666666661       0.46371470658658981     
   3.3333333333333330        6.0000000000000000       0.44461137709195381     
   3.3333333333333330        6.3333333333333330       0.36207305854247240     
   3.3333333333333330        6.6666666666666661       0.26826835657135689     
   3.3333333333333330        7.0000000000000000       0.15624124336789580     
   3.3333333333333330        7.3333333333333330       0.10893696847582275     
   3.3333333333333330        7.6666666666666661        6.4189235190395419E-002
   3.3333333333333330        8.0000000000000000        3.6371622207343079E-002
   3.3333333333333330        8.3333333333333321        9.0896176710527857E-003
   3.3333333333333330        8.6666666666666661        3.2024503358739978E-003
   3.3333333333333330        9.0000000000000000        1.9316709941232693E-003
   3.3333333333333330        9.3333333333333321        9.8359374595056981E-004
   3.3333333333333330        9.6666666666666661        4.1653326042026805E-004
   3.3333333333333330        10.000000000000000        0.0000000000000000     
 
   3.6666666666666665        0.0000000000000000        0.0000000000000000     
   3.6666666666666665       0.33333333333333331        1.1960156209632293E-003
   3.6666666666666665       0.66666666666666663        2.8486936970218502E-003
   3.6666666666666665        1.0000000000000000        5.4962396239749056E-003
   3.6666666666666665        1.3333333333333333        9.9307182446172083E-003
   3.6666666666666665        1.6666666666666665        1.6834739575133657E-002
   3.6666666666666665        2.0000000000000000        2.7909007082110790E-002
   3.6666666666666665        2.3333333333333330        4.4751400085375065E-002
   3.6666666666666665        2.6666666666666665        6.8808609564127793E-002
   3.6666666666666665        3.0000000000000000        9.7761685976842205E-002
   3.6666666666666665        3.3333333333333330       0.12373863346764473     
   3.6666666666666665        3.6666666666666665       0.13315542946788100     
   3.6666666666666665        4.0000000000000000       0.11651386705905563     
   3.6666666666666665        4.3333333333333330        9.3008036704667243E-002
   3.6666666666666665        4.6666666666666661       0.78494588589038383     
   3.6666666666666665        5.0000000000000000       0.71013430585930959     
   3.6666666666666665        5.3333333333333330       0.74944077821549870     
   3.6666666666666665        5.6666666666666661       0.59203203302284080     
   3.6666666666666665        6.0000000000000000       0.56977916896096248     
   3.6666666666666665        6.3333333333333330       0.47690968299077852     
   3.6666666666666665        6.6666666666666661       0.38304175916364641     
   3.6666666666666665        7.0000000000000000       0.21280533119908004     
   3.6666666666666665        7.3333333333333330       0.15097734812055461     
   3.6666666666666665        7.6666666666666661        1.8740838758180049E-002
   3.6666666666666665        8.0000000000000000        2.3552143901022442E-002
   3.6666666666666665        8.3333333333333321        1.1681038959878169E-002
   3.6666666666666665        8.6666666666666661        5.4590900619219821E-003
   3.6666666666666665        9.0000000000000000        3.0547409876345100E-003
   3.6666666666666665        9.3333333333333321        1.3851273644400780E-003
   3.6666666666666665        9.6666666666666661        5.6336870485616895E-004
   3.6666666666666665        10.000000000000000        0.0000000000000000     
 
   4.0000000000000000        0.0000000000000000        0.0000000000000000     
   4.0000000000000000       0.33333333333333331        1.3161953217498698E-003
   4.0000000000000000       0.66666666666666663        3.2186328210915883E-003
   4.0000000000000000        1.0000000000000000        6.2011417984889350E-003
   4.0000000000000000        1.3333333333333333        1.1066230370040758E-002
   4.0000000000000000        1.6666666666666665        1.9290828847609583E-002
   4.0000000000000000        2.0000000000000000        3.3492822359796309E-002
   4.0000000000000000        2.3333333333333330        5.6200376505817849E-002
   4.0000000000000000        2.6666666666666665        9.3611784495603298E-002
   4.0000000000000000        3.0000000000000000       0.14349341305871557     
   4.0000000000000000        3.3333333333333330       0.19121953985447807     
   4.0000000000000000        3.6666666666666665       0.21489139529064841     
   4.0000000000000000        4.0000000000000000       0.15956693806392500     
   4.0000000000000000        4.3333333333333330       0.98831747765917444     
   4.0000000000000000        4.6666666666666661       0.88016812235977193     
   4.0000000000000000        5.0000000000000000        1.3472092717581046     
   4.0000000000000000        5.3333333333333330        1.1591386420488412     
   4.0000000000000000        5.6666666666666661       0.97528405727271728     
   4.0000000000000000        6.0000000000000000       0.77276818243616907     
   4.0000000000000000        6.3333333333333330       0.60694297240982220     
   4.0000000000000000        6.6666666666666661       0.42342140701248887     
   4.0000000000000000        7.0000000000000000       0.29638165154797441     
   4.0000000000000000        7.3333333333333330       0.11484954461521420     
   4.0000000000000000        7.6666666666666661        4.4876083866837245E-002
   4.0000000000000000        8.0000000000000000        3.2893869573737522E-002
   4.0000000000000000        8.3333333333333321        1.5910576724426060E-002
   4.0000000000000000        8.6666666666666661        6.2151990287689562E-003
   4.0000000000000000        9.0000000000000000        4.3685532829580423E-003
   4.0000000000000000        9.3333333333333321        1.2731421966217789E-003
   4.0000000000000000        9.6666666666666661        6.3951084934540871E-004
   4.0000000000000000        10.000000000000000        0.0000000000000000     
 
   4.3333333333333330        0.0000000000000000        0.0000000000000000     
   4.3333333333333330       0.33333333333333331        1.2168167948675918E-003
   4.3333333333333330       0.66666666666666663        3.3608961991258269E-003
   4.3333333333333330        1.0000000000000000        6.5394883314716084E-003
   4.3333333333333330        1.3333333333333333        1.1256861957537041E-002
   4.3333333333333330        1.6666666666666665        1.9409168727325468E-002
   4.3333333333333330        2.0000000000000000        3.5874735591750168E-002
   4.3333333333333330        2.3333333333333330        6.0219998710302036E-002
   4.3333333333333330        2.6666666666666665       0.11536118937364566     
   4.3333333333333330        3.0000000000000000       0.20229226942518017     
   4.3333333333333330        3.3333333333333330       0.29338584478300062     
   4.3333333333333330        3.6666666666666665       0.38552234697090776     
   4.3333333333333330        4.0000000000000000        1.0548181791702418     
   4.3333333333333330        4.3333333333333330        1.0871351080510050     
   4.3333333333333330        4.6666666666666661        1.4763488917951897     
   4.3333333333333330        5.0000000000000000        1.4232176402751211     
   4.3333333333333330        5.3333333333333330        1.3014160437519124     
   4.3333333333333330        5.6666666666666661        1.1314184771862377     
   4.3333333333333330        6.0000000000000000       0.92097565004564608     
   4.3333333333333330        6.3333333333333330       0.75587903643144083     
   4.3333333333333330        6.6666666666666661       0.41178117909548101     
   4.3333333333333330        7.0000000000000000       0.27337830517822742     
   4.3333333333333330        7.3333333333333330       0.13030226213557136     
   4.3333333333333330        7.6666666666666661        6.5028426879396153E-002
   4.3333333333333330        8.0000000000000000        3.6978832849406160E-002
   4.3333333333333330        8.3333333333333321        1.9801069982764742E-002
   4.3333333333333330        8.6666666666666661        9.7676131493341367E-003
   4.3333333333333330        9.0000000000000000        5.1009764979573317E-003
   4.3333333333333330        9.3333333333333321        2.3066345997720715E-003
   4.3333333333333330        9.6666666666666661        9.2839989694540835E-004
   4.3333333333333330        10.000000000000000        0.0000000000000000     
 
   4.6666666666666661        0.0000000000000000        0.0000000000000000     
   4.6666666666666661       0.33333333333333331        5.2938593341863010E-004
   4.6666666666666661       0.66666666666666663        5.4249973149093312E-003
   4.6666666666666661        1.0000000000000000        6.9609935107998368E-003
   4.6666666666666661        1.3333333333333333        1.0498063784300330E-002
   4.6666666666666661        1.6666666666666665        1.4880400902534573E-002
   4.6666666666666661        2.0000000000000000        3.1840272837445664E-002
   4.6666666666666661        2.3333333333333330        4.0911375038390631E-002
   4.6666666666666661        2.6666666666666665       0.24985853067308264     
   4.6666666666666661        3.0000000000000000       0.26868763995573319     
   4.6666666666666661        3.3333333333333330       0.40285984983221518     
   4.6666666666666661        3.6666666666666665       0.65106804325398682     
   4.6666666666666661        4.0000000000000000       0.97985512374522288     
   4.6666666666666661        4.3333333333333330        1.1759535523300462     
   4.6666666666666661        4.6666666666666661        1.3873486221221805     
   4.6666666666666661        5.0000000000000000        1.4365677130418300     
   4.6666666666666661        5.3333333333333330        1.3832662178478050     
   4.6666666666666661        5.6666666666666661        1.2512431826648120     
   4.6666666666666661        6.0000000000000000       0.98342763111498088     
   4.6666666666666661        6.3333333333333330       0.72457744006181535     
   4.6666666666666661        6.6666666666666661       0.56555166041355021     
   4.6666666666666661        7.0000000000000000        7.0073485895286988E-002
   4.6666666666666661        7.3333333333333330        8.2346430013517477E-002
   4.6666666666666661        7.6666666666666661        5.7840851666334840E-002
   4.6666666666666661        8.0000000000000000        3.7170310336080828E-002
   4.6666666666666661        8.3333333333333321        2.0920224718288406E-002
   4.6666666666666661        8.6666666666666661        1.0386317614054123E-002
   4.6666666666666661        9.0000000000000000        5.3633885738851809E-003
   4.6666666666666661        9.3333333333333321        2.6046253416582813E-003
   4.6666666666666661        9.6666666666666661        1.0552144194409120E-003
   4.6666666666666661        10.000000000000000        0.0000000000000000     
 
   5.0000000000000000        0.0000000000000000        0.0000000000000000     
   5.0000000000000000       0.33333333333333331        5.2695772601335641E-004
   5.0000000000000000       0.66666666666666663        4.9649641633999131E-003
   5.0000000000000000        1.0000000000000000        7.1882071057882881E-003
   5.0000000000000000        1.3333333333333333        1.1368005627747717E-002
   5.0000000000000000        1.6666666666666665        1.7953110755910315E-002
   5.0000000000000000        2.0000000000000000        2.8683516149059132E-002
   5.0000000000000000        2.3333333333333330        3.7278882885257270E-002
   5.0000000000000000        2.6666666666666665       0.21103486151162074     
   5.0000000000000000        3.0000000000000000       0.23464980689696510     
   5.0000000000000000        3.3333333333333330       0.83250547523656815     
   5.0000000000000000        3.6666666666666665       0.82220982976955381     
   5.0000000000000000        4.0000000000000000       0.99173593801331084     
   5.0000000000000000        4.3333333333333330        1.1721816220613670     
   5.0000000000000000        4.6666666666666661        1.3336576551199339     
   5.0000000000000000        5.0000000000000000        1.4118841794159034     
   5.0000000000000000        5.3333333333333330        1.4125028841499805     
   5.0000000000000000        5.6666666666666661        1.4020598087408789     
   5.0000000000000000        6.0000000000000000       0.57228608258490543     
   5.0000000000000000        6.3333333333333330       0.58059236371993173     
   5.0000000000000000        6.6666666666666661       0.25955709196937593     
   5.0000000000000000        7.0000000000000000       0.11335411818535453     
   5.0000000000000000        7.3333333333333330        8.3556484655710195E-002
   5.0000000000000000        7.6666666666666661        5.6664779547878234E-002
   5.0000000000000000        8.0000000000000000        4.0185367270480402E-002
   5.0000000000000000        8.3333333333333321        1.0456551733521257E-002
   5.0000000000000000        8.6666666666666661        8.0715222421439727E-003
   5.0000000000000000        9.0000000000000000        4.8286698603177344E-003
   5.0000000000000000        9.3333333333333321        2.4585819817089772E-003
   5.0000000000000000        9.6666666666666661        1.0129326578907805E-003
   5.0000000000000000        10.000000000000000        0.0000000000000000     
 
   5.3333333333333330        0.0000000000000000        0.0000000000000000     
   5.3333333333333330       0.33333333333333331        1.2086204084423794E-003
   5.3333333333333330       0.66666666666666663        4.1201868260850212E-003
   5.3333333333333330        1.0000000000000000        7.3173542577004312E-003
   5.3333333333333330        1.3333333333333333        1.2496020700149532E-002
   5.3333333333333330        1.6666666666666665        2.0671858392506882E-002
   5.3333333333333330        2.0000000000000000        3.3093150031246625E-002
   5.3333333333333330        2.3333333333333330        4.8687037056573922E-002
   5.3333333333333330        2.6666666666666665       0.19806225726582222     
   5.3333333333333330        3.0000000000000000       0.24498312626203303     
   5.3333333333333330        3.3333333333333330       0.67995376225033932     
   5.3333333333333330        3.6666666666666665       0.79300766196883021     
   5.3333333333333330        4.0000000000000000       0.94398620552905799     
   5.3333333333333330        4.3333333333333330        1.1029703990243269     
   5.3333333333333330        4.6666666666666661        1.2406227285399405     
   5.3333333333333330        5.0000000000000000        1.3212993961497657     
   5.3333333333333330        5.3333333333333330        1.3074111544536762     
   5.3333333333333330        5.6666666666666661       0.69986847861990387     
   5.3333333333333330        6.0000000000000000       0.57324745633859597     
   5.3333333333333330        6.3333333333333330       0.45077540264779437     
   5.3333333333333330        6.6666666666666661       0.28314837984419128     
   5.3333333333333330        7.0000000000000000       0.15821462103950906     
   5.3333333333333330        7.3333333333333330        9.4570696489790482E-002
   5.3333333333333330        7.6666666666666661        5.5026679390087187E-002
   5.3333333333333330        8.0000000000000000        3.4622549605045502E-002
   5.3333333333333330        8.3333333333333321        1.5533197468932249E-002
   5.3333333333333330        8.6666666666666661        8.7640916890285477E-003
   5.3333333333333330        9.0000000000000000        4.7874682081443659E-003
   5.3333333333333330        9.3333333333333321        2.1239313334951281E-003
   5.3333333333333330        9.6666666666666661        8.5371070584271396E-004
   5.3333333333333330        10.000000000000000        0.0000000000000000     
 
   5.6666666666666661        0.0000000000000000        0.0000000000000000     
   5.6666666666666661       0.33333333333333331        5.3374578299558619E-004
   5.6666666666666661       0.66666666666666663        1.0611226269454312E-003
   5.6666666666666661        1.0000000000000000        7.4841541283540277E-003
   5.6666666666666661        1.3333333333333333        1.3449190139332235E-002
   5.6666666666666661        1.6666666666666665        2.3283591285968352E-002
   5.6666666666666661        2.0000000000000000        4.0128420205551414E-002
   5.6666666666666661        2.3333333333333330        8.3092329577929502E-002
   5.6666666666666661        2.6666666666666665       0.17031432834076854     
   5.6666666666666661        3.0000000000000000       0.32255560612159012     
   5.6666666666666661        3.3333333333333330       0.56958681556411017     
   5.6666666666666661        3.6666666666666665       0.71158560356588618     
   5.6666666666666661        4.0000000000000000       0.84676709777097825     
   5.6666666666666661        4.3333333333333330       0.97993958721153662     
   5.6666666666666661        4.6666666666666661        1.0958602475390316     
   5.6666666666666661        5.0000000000000000        1.1939539329938846     
   5.6666666666666661        5.3333333333333330        1.0561590499324840     
   5.6666666666666661        5.6666666666666661       0.80696349830591052     
   5.6666666666666661        6.0000000000000000       0.39000799036551975     
   5.6666666666666661        6.3333333333333330       0.37869210435695438     
   5.6666666666666661        6.6666666666666661       0.17135670660413985     
   5.6666666666666661        7.0000000000000000        9.3582619129183531E-002
   5.6666666666666661        7.3333333333333330        4.7226072892685649E-002
   5.6666666666666661        7.6666666666666661        4.3724310645388044E-002
   5.6666666666666661        8.0000000000000000        1.3990582534732969E-002
   5.6666666666666661        8.3333333333333321        1.1904470626169056E-002
   5.6666666666666661        8.6666666666666661        8.9583550188338090E-003
   5.6666666666666661        9.0000000000000000        7.7003301426809489E-004
   5.6666666666666661        9.3333333333333321        1.0380088172104208E-003
   5.6666666666666661        9.6666666666666661        5.4791454602687100E-004
   5.6666666666666661        10.000000000000000        0.0000000000000000     
 
   6.0000000000000000        0.0000000000000000        0.0000000000000000     
   6.0000000000000000       0.33333333333333331        5.5327188002372461E-004
   6.0000000000000000       0.66666666666666663        1.3908288964378829E-003
   6.0000000000000000        1.0000000000000000        3.3044925844077011E-003
   6.0000000000000000        1.3333333333333333        0.0000000000000000     
   6.0000000000000000        1.6666666666666665        2.2460774895911428E-002
   6.0000000000000000        2.0000000000000000        2.7400146887643924E-002
   6.0000000000000000        2.3333333333333330        6.2342601133266416E-002
   6.0000000000000000        2.6666666666666665        9.2576147919259957E-002
   6.0000000000000000        3.0000000000000000       0.54411603678829024     
   6.0000000000000000        3.3333333333333330       0.57559301575995314     
   6.0000000000000000        3.6666666666666665       0.63379665400276486     
   6.0000000000000000        4.0000000000000000       0.72563836271943083     
   6.0000000000000000        4.3333333333333330       0.82051740471655643     
   6.0000000000000000        4.6666666666666661       0.88728158220384423     
   6.0000000000000000        5.0000000000000000       0.76308524505168729     
   6.0000000000000000        5.3333333333333330       0.82874482287095230     
   6.0000000000000000        5.6666666666666661       0.62045328300296798     
   6.0000000000000000        6.0000000000000000       0.41412975454285744     
   6.0000000000000000        6.3333333333333330       0.31025309458550576     
   6.0000000000000000        6.6666666666666661       0.18860157890711346     
   6.0000000000000000        7.0000000000000000       0.10636585937523201     
   6.0000000000000000        7.3333333333333330        5.9096643218423506E-002
   6.0000000000000000        7.6666666666666661        3.7011523907789834E-002
   6.0000000000000000        8.0000000000000000        1.9446986071962196E-002
   6.0000000000000000        8.3333333333333321        1.2122199980986650E-002
   6.0000000000000000        8.6666666666666661        8.6058088128067034E-003
   6.0000000000000000        9.0000000000000000        1.6890990565413310E-003
   6.0000000000000000        9.3333333333333321        1.0486206402161046E-003
   6.0000000000000000        9.6666666666666661        4.8146338355096774E-004
   6.0000000000000000        10.000000000000000        0.0000000000000000     
 
   6.3333333333333330        0.0000000000000000        0.0000000000000000     
   6.3333333333333330       0.33333333333333331        4.5619821621399240E-004
   6.3333333333333330       0.66666666666666663        1.0453501841725988E-003
   6.3333333333333330        1.0000000000000000        1.9041035657346537E-003
   6.3333333333333330        1.3333333333333333        4.6374454440379883E-003
   6.3333333333333330        1.6666666666666665        1.6576688293585232E-002
   6.3333333333333330        2.0000000000000000        2.4998840886039583E-002
   6.3333333333333330        2.3333333333333330        4.1667197234925721E-002
   6.3333333333333330        2.6666666666666665        5.6572916521770995E-002
   6.3333333333333330        3.0000000000000000        4.5770488583533282E-002
   6.3333333333333330        3.3333333333333330       0.50248420336536037     
   6.3333333333333330        3.6666666666666665       0.53214274473454293     
   6.3333333333333330        4.0000000000000000       0.59481777643454603     
   6.3333333333333330        4.3333333333333330       0.66401489912943368     
   6.3333333333333330        4.6666666666666661       0.70563812419001537     
   6.3333333333333330        5.0000000000000000       0.67137548793403434     
   6.3333333333333330        5.3333333333333330       0.37875348747832338     
   6.3333333333333330        5.6666666666666661       0.41137111331526016     
   6.3333333333333330        6.0000000000000000       0.34064005615502990     
   6.3333333333333330        6.3333333333333330       0.27278489043599408     
   6.3333333333333330        6.6666666666666661       0.18121891487847763     
   6.3333333333333330        7.0000000000000000        9.6243580290823735E-002
   6.3333333333333330        7.3333333333333330        5.4609465835261953E-002
   6.3333333333333330        7.6666666666666661        3.2460249412166631E-002
   6.3333333333333330        8.0000000000000000        1.8827805501064891E-002
   6.3333333333333330        8.3333333333333321        1.1493271253262199E-002
   6.3333333333333330        8.6666666666666661        7.0291084621711165E-003
   6.3333333333333330        9.0000000000000000        2.8610670385150624E-003
   6.3333333333333330        9.3333333333333321        1.3278309568918452E-003
   6.3333333333333330        9.6666666666666661        4.9077232890017445E-004
   6.3333333333333330        10.000000000000000        0.0000000000000000     
 
   6.6666666666666661        0.0000000000000000        0.0000000000000000     
   6.6666666666666661       0.33333333333333331        3.6979430850790949E-004
   6.6666666666666661       0.66666666666666663        7.4618637146324008E-004
   6.6666666666666661        1.0000000000000000        3.8140675133626822E-003
   6.6666666666666661        1.3333333333333333        6.0470464437368410E-003
   6.6666666666666661        1.6666666666666665        1.2036216552517165E-002
   6.6666666666666661        2.0000000000000000        1.9549054531904170E-002
   6.6666666666666661        2.3333333333333330        3.0234467829039970E-002
   6.6666666666666661        2.6666666666666665        4.4639527138227240E-002
   6.6666666666666661        3.0000000000000000        5.5657437283132813E-002
   6.6666666666666661        3.3333333333333330       0.27730939448952180     
   6.6666666666666661        3.6666666666666665       0.41772328297393024     
   6.6666666666666661        4.0000000000000000       0.46722120640157905     
   6.6666666666666661        4.3333333333333330       0.53367432332398002     
   6.6666666666666661        4.6666666666666661       0.59033736982378948     
   6.6666666666666661        5.0000000000000000       0.53763275024876100     
   6.6666666666666661        5.3333333333333330       0.35729126267152544     
   6.6666666666666661        5.6666666666666661       0.30981559201826037     
   6.6666666666666661        6.0000000000000000       0.27436768962447128     
   6.6666666666666661        6.3333333333333330        7.8011449347867953E-002
   6.6666666666666661        6.6666666666666661        4.8607415591796925E-002
   6.6666666666666661        7.0000000000000000        5.3545401109977603E-002
   6.6666666666666661        7.3333333333333330        3.8677538580860801E-002
   6.6666666666666661        7.6666666666666661        2.5252392986590235E-002
   6.6666666666666661        8.0000000000000000        1.5911609209235497E-002
   6.6666666666666661        8.3333333333333321        1.0776158965786362E-002
   6.6666666666666661        8.6666666666666661        2.5289198633017167E-003
   6.6666666666666661        9.0000000000000000        2.2373625255698742E-003
   6.6666666666666661        9.3333333333333321        5.6742157060732433E-004
   6.6666666666666661        9.6666666666666661        3.1606470182165333E-004
   6.6666666666666661        10.000000000000000        0.0000000000000000     
 
   7.0000000000000000        0.0000000000000000        0.0000000000000000     
   7.0000000000000000       0.33333333333333331        3.9942460404252450E-004
   7.0000000000000000       0.66666666666666663        1.0657351443754404E-003
   7.0000000000000000        1.0000000000000000        2.7330560172547226E-003
   7.0000000000000000        1.3333333333333333        5.4019144871882601E-003
   7.0000000000000000        1.6666666666666665        8.9728176070805743E-003
   7.0000000000000000        2.0000000000000000        1.5361135711997416E-002
   7.0000000000000000        2.3333333333333330        2.1314823741355002E-002
   7.0000000000000000        2.6666666666666665        6.1059051223973121E-002
   7.0000000000000000        3.0000000000000000        8.7185693120696392E-002
   7.0000000000000000        3.3333333333333330       0.16055541948353411     
   7.0000000000000000        3.6666666666666665       0.24993826996070728     
   7.0000000000000000        4.0000000000000000       0.34230398798965578     
   7.0000000000000000        4.3333333333333330       0.42668635246258191     
   7.0000000000000000        4.6666666666666661        5.1006197095081508E-002
   7.0000000000000000        5.0000000000000000       0.15958009042592039     
   7.0000000000000000        5.3333333333333330       0.21559632986466593     
   7.0000000000000000        5.6666666666666661       0.20851186464413188     
   7.0000000000000000        6.0000000000000000       0.18601981046295332     
   7.0000000000000000        6.3333333333333330        8.8827320007051375E-002
   7.0000000000000000        6.6666666666666661        5.1652525788837431E-002
   7.0000000000000000        7.0000000000000000        3.8681692549768623E-002
   7.0000000000000000        7.3333333333333330        2.7860483482241308E-002
   7.0000000000000000        7.6666666666666661        1.8885770459642140E-002
   7.0000000000000000        8.0000000000000000        1.2323610743059977E-002
   7.0000000000000000        8.3333333333333321        7.5651500736382705E-003
   7.0000000000000000        8.6666666666666661        3.6029288318287240E-003
   7.0000000000000000        9.0000000000000000        2.0209406352954908E-003
   7.0000000000000000        9.3333333333333321        1.0155305687222036E-003
   7.0000000000000000        9.6666666666666661        1.0227693587636112E-004
   7.0000000000000000        10.000000000000000        0.0000000000000000     
 
   7.3333333333333330        0.0000000000000000        0.0000000000000000     
   7.3333333333333330       0.33333333333333331        2.9644969791609244E-004
   7.3333333333333330       0.66666666666666663        7.2933196630247559E-004
   7.3333333333333330        1.0000000000000000        1.4887022667595595E-003
   7.3333333333333330        1.3333333333333333        3.7582952824124771E-003
   7.3333333333333330        1.6666666666666665        5.4778645034390698E-003
   7.3333333333333330        2.0000000000000000        1.4799948765655022E-002
   7.3333333333333330        2.3333333333333330        2.3250979941594734E-002
   7.3333333333333330        2.6666666666666665        4.6153174633949905E-002
   7.3333333333333330        3.0000000000000000        8.5326519203338114E-002
   7.3333333333333330        3.3333333333333330       0.13658992703649178     
   7.3333333333333330        3.6666666666666665       0.18284733298223643     
   7.3333333333333330        4.0000000000000000       0.24993826996070728     
   7.3333333333333330        4.3333333333333330        5.1006197095081508E-002
   7.3333333333333330        4.6666666666666661        6.0534172171868746E-002
   7.3333333333333330        5.0000000000000000       0.11947644338403135     
   7.3333333333333330        5.3333333333333330       0.15238151760995328     
   7.3333333333333330        5.6666666666666661       0.13710606977861767     
   7.3333333333333330        6.0000000000000000        4.1871348921694106E-002
   7.3333333333333330        6.3333333333333330        4.9898327629412147E-002
   7.3333333333333330        6.6666666666666661        3.8445684350181128E-002
   7.3333333333333330        7.0000000000000000        2.8352396575128360E-002
   7.3333333333333330        7.3333333333333330        2.0544452149436069E-002
   7.3333333333333330        7.6666666666666661        1.4137353874276727E-002
   7.3333333333333330        8.0000000000000000        9.8387905786633048E-003
   7.3333333333333330        8.3333333333333321        5.5047535118686042E-003
   7.3333333333333330        8.6666666666666661        3.3306524803408269E-003
   7.3333333333333330        9.0000000000000000        1.8555264384128485E-003
   7.3333333333333330        9.3333333333333321        7.9330908250653770E-004
   7.3333333333333330        9.6666666666666661        2.4095134627436735E-004
   7.3333333333333330        10.000000000000000        0.0000000000000000     
 
   7.6666666666666661        0.0000000000000000        0.0000000000000000     
   7.6666666666666661       0.33333333333333331        1.5977117681397856E-004
   7.6666666666666661       0.66666666666666663        3.1209214196595015E-004
   7.6666666666666661        1.0000000000000000        2.4034467034344362E-003
   7.6666666666666661        1.3333333333333333        3.2344819534802526E-003
   7.6666666666666661        1.6666666666666665        5.3157805642942138E-003
   7.6666666666666661        2.0000000000000000        1.0057680870119672E-002
   7.6666666666666661        2.3333333333333330        1.5954074601850336E-002
   7.6666666666666661        2.6666666666666665        2.3821464896659993E-002
   7.6666666666666661        3.0000000000000000        1.4144816921285431E-002
   7.6666666666666661        3.3333333333333330        6.9362154203858314E-002
   7.6666666666666661        3.6666666666666665       0.11725957054692350     
   7.6666666666666661        4.0000000000000000        4.4463932298348819E-003
   7.6666666666666661        4.3333333333333330        1.9594617699283313E-002
   7.6666666666666661        4.6666666666666661        3.0427168556227714E-002
   7.6666666666666661        5.0000000000000000        8.9812554914159692E-003
   7.6666666666666661        5.3333333333333330        5.4937045263737043E-002
   7.6666666666666661        5.6666666666666661        6.3842981530454701E-002
   7.6666666666666661        6.0000000000000000        4.1235410859688182E-002
   7.6666666666666661        6.3333333333333330        3.8298042604507622E-002
   7.6666666666666661        6.6666666666666661        3.0673948322388733E-002
   7.6666666666666661        7.0000000000000000        2.1285550719557702E-002
   7.6666666666666661        7.3333333333333330        1.6215838927755688E-002
   7.6666666666666661        7.6666666666666661        1.0555993269397561E-002
   7.6666666666666661        8.0000000000000000        2.1032056745503387E-003
   7.6666666666666661        8.3333333333333321        2.7711954233130293E-003
   7.6666666666666661        8.6666666666666661        5.1752419520673229E-004
   7.6666666666666661        9.0000000000000000        2.6613682487874310E-004
   7.6666666666666661        9.3333333333333321        3.2296957731982253E-004
   7.6666666666666661        9.6666666666666661        1.5097025561638941E-004
   7.6666666666666661        10.000000000000000        0.0000000000000000     
 
   8.0000000000000000        0.0000000000000000        0.0000000000000000     
   8.0000000000000000       0.33333333333333331        8.8348688631056585E-005
   8.0000000000000000       0.66666666666666663        1.5816385624363541E-004
   8.0000000000000000        1.0000000000000000        1.8507697496426547E-003
   8.0000000000000000        1.3333333333333333        2.5082852335737743E-003
   8.0000000000000000        1.6666666666666665        4.0655572708947832E-003
   8.0000000000000000        2.0000000000000000        6.8415623965373479E-003
   8.0000000000000000        2.3333333333333330        1.0582928495168096E-002
   8.0000000000000000        2.6666666666666665        1.4683393165277609E-002
   8.0000000000000000        3.0000000000000000        1.7972328108663862E-002
   8.0000000000000000        3.3333333333333330        3.3808016703366146E-002
   8.0000000000000000        3.6666666666666665        4.4463932298348819E-003
   8.0000000000000000        4.0000000000000000        5.7632073000179647E-003
   8.0000000000000000        4.3333333333333330        1.3090938851875776E-002
   8.0000000000000000        4.6666666666666661        1.7053671926527569E-002
   8.0000000000000000        5.0000000000000000        1.1522201264171710E-002
   8.0000000000000000        5.3333333333333330        1.9998789087471238E-002
   8.0000000000000000        5.6666666666666661        3.0897688880437656E-002
   8.0000000000000000        6.0000000000000000        2.8011395349957991E-002
   8.0000000000000000        6.3333333333333330        0.0000000000000000     
   8.0000000000000000        6.6666666666666661        1.1409940902455416E-002
   8.0000000000000000        7.0000000000000000        1.4531116347527261E-002
   8.0000000000000000        7.3333333333333330        2.2614897293969280E-003
   8.0000000000000000        7.6666666666666661        3.8989049706986130E-003
   8.0000000000000000        8.0000000000000000        2.0899782978181965E-003
   8.0000000000000000        8.3333333333333321        1.5254739260010522E-003
   8.0000000000000000        8.6666666666666661        7.0394663523959530E-004
   8.0000000000000000        9.0000000000000000        3.0759495156608348E-004
   8.0000000000000000        9.3333333333333321        1.9539483822337121E-004
   8.0000000000000000        9.6666666666666661        9.4204150490282936E-005
   8.0000000000000000        10.000000000000000        0.0000000000000000     
 
   8.3333333333333321        0.0000000000000000        0.0000000000000000     
   8.3333333333333321       0.33333333333333331        6.9203468201280177E-005
   8.3333333333333321       0.66666666666666663        1.3391452562034893E-004
   8.3333333333333321        1.0000000000000000        9.8721933802523617E-004
   8.3333333333333321        1.3333333333333333        1.7193602760256102E-003
   8.3333333333333321        1.6666666666666665        2.8526325453351385E-003
   8.3333333333333321        2.0000000000000000        4.6166132272735007E-003
   8.3333333333333321        2.3333333333333330        7.6884011715130729E-003
   8.3333333333333321        2.6666666666666665        1.0076376938976764E-002
   8.3333333333333321        3.0000000000000000        1.3679997806493017E-002
   8.3333333333333321        3.3333333333333330        2.1208023449893924E-002
   8.3333333333333321        3.6666666666666665        2.0022016088729749E-003
   8.3333333333333321        4.0000000000000000        2.6436590410938237E-003
   8.3333333333333321        4.3333333333333330        3.2624153313860277E-004
   8.3333333333333321        4.6666666666666661        1.9309309263343630E-004
   8.3333333333333321        5.0000000000000000        1.0522544054057649E-002
   8.3333333333333321        5.3333333333333330        1.3173014768645531E-002
   8.3333333333333321        5.6666666666666661        1.7152696656122107E-002
   8.3333333333333321        6.0000000000000000        1.7217727644330872E-002
   8.3333333333333321        6.3333333333333330        3.7130599329287021E-003
   8.3333333333333321        6.6666666666666661        0.0000000000000000     
   8.3333333333333321        7.0000000000000000        8.3484194528200687E-004
   8.3333333333333321        7.3333333333333330        1.2914717460456300E-003
   8.3333333333333321        7.6666666666666661        1.7465789190422281E-003
   8.3333333333333321        8.0000000000000000        1.4635294853261498E-003
   8.3333333333333321        8.3333333333333321        1.0160625896804788E-003
   8.3333333333333321        8.6666666666666661        1.5962223519377721E-004
   8.3333333333333321        9.0000000000000000        1.7625631175543507E-004
   8.3333333333333321        9.3333333333333321        1.2917562105549144E-004
   8.3333333333333321        9.6666666666666661        6.5878832958518710E-005
   8.3333333333333321        10.000000000000000        0.0000000000000000     
 
   8.6666666666666661        0.0000000000000000        0.0000000000000000     
   8.6666666666666661       0.33333333333333331        8.2210570884366297E-005
   8.6666666666666661       0.66666666666666663        2.2736067468680866E-004
   8.6666666666666661        1.0000000000000000        6.1498846843860227E-004
   8.6666666666666661        1.3333333333333333        1.1219173924986948E-003
   8.6666666666666661        1.6666666666666665        1.9346399458843888E-003
   8.6666666666666661        2.0000000000000000        2.4915078000614407E-003
   8.6666666666666661        2.3333333333333330        4.1056796033263837E-003
   8.6666666666666661        2.6666666666666665        7.0442220337413857E-003
   8.6666666666666661        3.0000000000000000        9.0563847339604747E-003
   8.6666666666666661        3.3333333333333330        0.0000000000000000     
   8.6666666666666661        3.6666666666666665        5.3644444997865272E-004
   8.6666666666666661        4.0000000000000000        9.5384757195158252E-004
   8.6666666666666661        4.3333333333333330        4.4777192157369482E-004
   8.6666666666666661        4.6666666666666661        2.6960718520286996E-004
   8.6666666666666661        5.0000000000000000        6.2953107801823191E-003
   8.6666666666666661        5.3333333333333330        8.0251042694125287E-003
   8.6666666666666661        5.6666666666666661        1.0922328678659591E-002
   8.6666666666666661        6.0000000000000000        1.0168304401898571E-002
   8.6666666666666661        6.3333333333333330        4.7789656130346365E-003
   8.6666666666666661        6.6666666666666661        6.4593834754856456E-004
   8.6666666666666661        7.0000000000000000        6.6059642760178899E-004
   8.6666666666666661        7.3333333333333330        7.3001826493062846E-004
   8.6666666666666661        7.6666666666666661        8.5695710743111456E-004
   8.6666666666666661        8.0000000000000000        2.6148723119774912E-004
   8.6666666666666661        8.3333333333333321        3.9258884843403768E-004
   8.6666666666666661        8.6666666666666661        2.0551657459612067E-004
   8.6666666666666661        9.0000000000000000        3.4261597741055216E-005
   8.6666666666666661        9.3333333333333321        1.5021923883907262E-005
   8.6666666666666661        9.6666666666666661        0.0000000000000000     
   8.6666666666666661        10.000000000000000        0.0000000000000000     
 
   9.0000000000000000        0.0000000000000000        0.0000000000000000     
   9.0000000000000000       0.33333333333333331        6.5279400449179726E-005
   9.0000000000000000       0.66666666666666663        1.6691120073655539E-004
   9.0000000000000000        1.0000000000000000        3.5320579166221770E-004
   9.0000000000000000        1.3333333333333333        6.2052050896171473E-004
   9.0000000000000000        1.6666666666666665        8.8352832534125845E-004
   9.0000000000000000        2.0000000000000000        1.7517159225442799E-003
   9.0000000000000000        2.3333333333333330        2.4975184818396921E-003
   9.0000000000000000        2.6666666666666665        9.0103668598510812E-006
   9.0000000000000000        3.0000000000000000        2.0719577854315229E-005
   9.0000000000000000        3.3333333333333330        1.6122644713310470E-004
   9.0000000000000000        3.6666666666666665        3.0292863057623847E-004
   9.0000000000000000        4.0000000000000000        4.9485819397362377E-004
   9.0000000000000000        4.3333333333333330        3.9922998896578738E-004
   9.0000000000000000        4.6666666666666661        3.1726821274482700E-005
   9.0000000000000000        5.0000000000000000        2.8691108641157263E-003
   9.0000000000000000        5.3333333333333330        3.7275077921504222E-003
   9.0000000000000000        5.6666666666666661        5.6138844031123659E-004
   9.0000000000000000        6.0000000000000000        1.0143449066927685E-003
   9.0000000000000000        6.3333333333333330        1.7157781619348111E-003
   9.0000000000000000        6.6666666666666661        8.5145748218665325E-004
   9.0000000000000000        7.0000000000000000        2.4999608224277075E-004
   9.0000000000000000        7.3333333333333330        3.5571426803430312E-004
   9.0000000000000000        7.6666666666666661        3.7206637740594748E-004
   9.0000000000000000        8.0000000000000000        2.2751937289011324E-004
   9.0000000000000000        8.3333333333333321        2.2590069442385798E-004
   9.0000000000000000        8.6666666666666661        1.4181337758013474E-004
   9.0000000000000000        9.0000000000000000        4.8773668346541490E-005
   9.0000000000000000        9.3333333333333321        2.1657959963378150E-005
   9.0000000000000000        9.6666666666666661        1.2095652354952367E-006
   9.0000000000000000        10.000000000000000        0.0000000000000000     
 
   9.3333333333333321        0.0000000000000000        0.0000000000000000     
   9.3333333333333321       0.33333333333333331        3.8673186044024201E-005
   9.3333333333333321       0.66666666666666663        8.8410771207075552E-005
   9.3333333333333321        1.0000000000000000        1.4712542020327234E-004
   9.3333333333333321        1.3333333333333333        1.7424646666377891E-004
   9.3333333333333321        1.6666666666666665        3.4253735025810791E-004
   9.3333333333333321        2.0000000000000000        2.1313133225776054E-005
   9.3333333333333321        2.3333333333333330        9.9349376505100158E-006
   9.3333333333333321        2.6666666666666665        1.3006612691600751E-005
   9.3333333333333321        3.0000000000000000        2.9491223755757232E-005
   9.3333333333333321        3.3333333333333330        8.0007053043748547E-005
   9.3333333333333321        3.6666666666666665        1.2750408287186412E-004
   9.3333333333333321        4.0000000000000000        0.0000000000000000     
   9.3333333333333321        4.3333333333333330        3.0898120102103740E-005
   9.3333333333333321        4.6666666666666661        4.3817359995990772E-005
   9.3333333333333321        5.0000000000000000        6.9679263515133702E-004
   9.3333333333333321        5.3333333333333330        1.3186280007364589E-003
   9.3333333333333321        5.6666666666666661        7.5443333573562842E-004
   9.3333333333333321        6.0000000000000000        6.2641223409422113E-004
   9.3333333333333321        6.3333333333333330        7.1097226465159386E-004
   9.3333333333333321        6.6666666666666661        4.6043702558702508E-004
   9.3333333333333321        7.0000000000000000        2.3566855666450634E-004
   9.3333333333333321        7.3333333333333330        1.9654213242963948E-004
   9.3333333333333321        7.6666666666666661        1.7770154033249644E-004
   9.3333333333333321        8.0000000000000000        1.3495855415430295E-004
   9.3333333333333321        8.3333333333333321        1.1054391759073796E-005
   9.3333333333333321        8.6666666666666661        1.0023419247384348E-005
   9.3333333333333321        9.0000000000000000        1.7101383645997625E-005
   9.3333333333333321        9.3333333333333321        1.0352676240609344E-005
   9.3333333333333321        9.6666666666666661        2.9643271927755236E-006
   9.3333333333333321        10.000000000000000        0.0000000000000000     
 
   9.6666666666666661        0.0000000000000000        0.0000000000000000     
   9.6666666666666661       0.33333333333333331        1.7155371483996855E-005
   9.6666666666666661       0.66666666666666663        3.7237500518862355E-005
   9.6666666666666661        1.0000000000000000        5.9004711421076041E-005
   9.6666666666666661        1.3333333333333333        7.6052965679923907E-005
   9.6666666666666661        1.6666666666666665        1.0210570744205739E-004
   9.6666666666666661        2.0000000000000000        3.0510106015932559E-005
   9.6666666666666661        2.3333333333333330        1.1200127304850585E-005
   9.6666666666666661        2.6666666666666665        9.1230651771947559E-006
   9.6666666666666661        3.0000000000000000        1.6162349915566451E-005
   9.6666666666666661        3.3333333333333330        3.2643080066598167E-005
   9.6666666666666661        3.6666666666666665        4.7288580603341086E-005
   9.6666666666666661        4.0000000000000000        1.2429921035931863E-005
   9.6666666666666661        4.3333333333333330        2.9396050543148508E-005
   9.6666666666666661        4.6666666666666661        8.4623256125874462E-005
   9.6666666666666661        5.0000000000000000        2.9359830505897125E-004
   9.6666666666666661        5.3333333333333330        4.8708535368164550E-004
   9.6666666666666661        5.6666666666666661        9.7006725811355366E-005
   9.6666666666666661        6.0000000000000000        2.2742704498128930E-004
   9.6666666666666661        6.3333333333333330        2.6176019817816408E-004
   9.6666666666666661        6.6666666666666661        1.9394210284787454E-004
   9.6666666666666661        7.0000000000000000        1.1897532328036075E-004
   9.6666666666666661        7.3333333333333330        8.8760597499785635E-005
   9.6666666666666661        7.6666666666666661        7.2483355179212569E-005
   9.6666666666666661        8.0000000000000000        5.0867807405421946E-005
   9.6666666666666661        8.3333333333333321        1.5717134665265212E-005
   9.6666666666666661        8.6666666666666661        7.2751566936588542E-006
   9.6666666666666661        9.0000000000000000        6.4390730335927611E-006
   9.6666666666666661        9.3333333333333321        4.1446621683138201E-006
   9.6666666666666661        9.6666666666666661        1.5995351746465417E-006
   9.6666666666666661        10.000000000000000        0.0000000000000000     
 
   10.000000000000000        0.0000000000000000        0.0000000000000000     
   10.000000000000000       0.33333333333333331        0.0000000000000000     
   10.000000000000000       0.66666666666666663        0.0000000000000000     
   10.000000000000000        1.0000000000000000        0.0000000000000000     
   10.000000000000000        1.3333333333333333        0.0000000000000000     
   10.000000000000000        1.6666666666666665        0.0000000000000000     
   10.000000000000000        2.0000000000000000        0.0000000000000000     
   10.000000000000000        2.3333333333333330        0.0000000000000000     
   10.000000000000000        2.6666666666666665        0.0000000000000000     
   10.000000000000000        3.0000000000000000        0.0000000000000000     
   10.000000000000000        3.3333333333333330        0.0000000000000000     
   10.000000000000000        3.6666666666666665        0.0000000000000000     
   10.000000000000000        4.0000000000000000        0.0000000000000000     
   10.000000000000000        4.3333333333333330        0.0000000000000000     
   10.000000000000000        4.6666666666666661        0.0000000000000000     
   10.000000000000000        5.0000000000000000        0.0000000000000000     
   10.000000000000000        5.3333333333333330        0.0000000000000000     
   10.000000000000000        5.6666666666666661        0.0000000000000000     
   10.000000000000000        6.0000000000000000        0.0000000000000000     
   10.000000000000000        6.3333333333333330        0.0000000000000000     
   10.000000000000000        6.6666666666666661        0.0000000000000000     
   10.000000000000000        7.0000000000000000        0.0000000000000000     
   10.000000000000000        7.3333333333333330        0.0000000000000000     
   10.000000000000000        7.6666666666666661        0.0000000000000000     
   10.000000000000000        8.0000000000000000        0.0000000000000000     
   10.000000000000000        8.3333333333333321        0.0000000000000000     
   10.000000000000000        8.6666666666666661        0.0000000000000000     
   10.000000000000000        9.0000000000000000        0.0000000000000000     
   10.000000000000000        9.3333333333333321        0.0000000000000000     
   10.000000000000000        9.6666666666666661        0.0000000000000000     
   10.000000000000000        10.000000000000000        0.0000000000000000     
 
