   0.0000000000000000        0.0000000000000000        0.0000000000000000     
   0.0000000000000000       0.33333333333333331        0.0000000000000000     
   0.0000000000000000       0.66666666666666663        0.0000000000000000     
   0.0000000000000000        1.0000000000000000        0.0000000000000000     
   0.0000000000000000        1.3333333333333333        0.0000000000000000     
   0.0000000000000000        1.6666666666666665        0.0000000000000000     
   0.0000000000000000        2.0000000000000000        0.0000000000000000     
   0.0000000000000000        2.3333333333333330        0.0000000000000000     
   0.0000000000000000        2.6666666666666665        0.0000000000000000     
   0.0000000000000000        3.0000000000000000        0.0000000000000000     
   0.0000000000000000        3.3333333333333330        0.0000000000000000     
   0.0000000000000000        3.6666666666666665        0.0000000000000000     
   0.0000000000000000        4.0000000000000000        0.0000000000000000     
   0.0000000000000000        4.3333333333333330        0.0000000000000000     
   0.0000000000000000        4.6666666666666661        0.0000000000000000     
   0.0000000000000000        5.0000000000000000        0.0000000000000000     
   0.0000000000000000        5.3333333333333330        0.0000000000000000     
   0.0000000000000000        5.6666666666666661        0.0000000000000000     
   0.0000000000000000        6.0000000000000000        0.0000000000000000     
   0.0000000000000000        6.3333333333333330        0.0000000000000000     
   0.0000000000000000        6.6666666666666661        0.0000000000000000     
   0.0000000000000000        7.0000000000000000        0.0000000000000000     
   0.0000000000000000        7.3333333333333330        0.0000000000000000     
   0.0000000000000000        7.6666666666666661        0.0000000000000000     
   0.0000000000000000        8.0000000000000000        0.0000000000000000     
   0.0000000000000000        8.3333333333333321        0.0000000000000000     
   0.0000000000000000        8.6666666666666661        0.0000000000000000     
   0.0000000000000000        9.0000000000000000        0.0000000000000000     
   0.0000000000000000        9.3333333333333321        0.0000000000000000     
   0.0000000000000000        9.6666666666666661        0.0000000000000000     
   0.0000000000000000        10.000000000000000        0.0000000000000000     
 
  0.33333333333333331        0.0000000000000000        0.0000000000000000     
  0.33333333333333331       0.33333333333333331        1.6626870618491208E-004
  0.33333333333333331       0.66666666666666663        2.8252589851409803E-004
  0.33333333333333331        1.0000000000000000        3.0150920771455377E-004
  0.33333333333333331        1.3333333333333333        6.4845716127789324E-004
  0.33333333333333331        1.6666666666666665        9.6497197789342662E-004
  0.33333333333333331        2.0000000000000000        1.4816314500747320E-003
  0.33333333333333331        2.3333333333333330        1.8429189562082571E-003
  0.33333333333333331        2.6666666666666665        1.6456485572994455E-003
  0.33333333333333331        3.0000000000000000        3.2175959971109183E-003
  0.33333333333333331        3.3333333333333330        3.5570320705141227E-003
  0.33333333333333331        3.6666666666666665        3.4754691696943715E-003
  0.33333333333333331        4.0000000000000000        3.5336029218475495E-003
  0.33333333333333331        4.3333333333333330        3.5475376208192024E-003
  0.33333333333333331        4.6666666666666661        2.2878303221747741E-003
  0.33333333333333331        5.0000000000000000        3.4620274981020955E-003
  0.33333333333333331        5.3333333333333330        8.2911981475085449E-003
  0.33333333333333331        5.6666666666666661        1.0119718841832116E-002
  0.33333333333333331        6.0000000000000000        1.1246532138799892E-002
  0.33333333333333331        6.3333333333333330        1.1708473303773184E-002
  0.33333333333333331        6.6666666666666661        8.0976656145614594E-003
  0.33333333333333331        7.0000000000000000        1.2899963368952085E-002
  0.33333333333333331        7.3333333333333330        6.0878581543119502E-003
  0.33333333333333331        7.6666666666666661        5.6166005196470071E-003
  0.33333333333333331        8.0000000000000000        4.4082951088066577E-003
  0.33333333333333331        8.3333333333333321        3.0646977636703426E-003
  0.33333333333333331        8.6666666666666661        2.4101838627104315E-003
  0.33333333333333331        9.0000000000000000        1.7827414343693127E-003
  0.33333333333333331        9.3333333333333321        9.9397781391131123E-004
  0.33333333333333331        9.6666666666666661        4.3472480576573765E-004
  0.33333333333333331        10.000000000000000        0.0000000000000000     
 
  0.66666666666666663        0.0000000000000000        0.0000000000000000     
  0.66666666666666663       0.33333333333333331        3.9601486789899169E-004
  0.66666666666666663       0.66666666666666663        6.8559822006606481E-004
  0.66666666666666663        1.0000000000000000        1.5968072916879182E-003
  0.66666666666666663        1.3333333333333333        1.3838937295773445E-003
  0.66666666666666663        1.6666666666666665        1.8119897784349061E-003
  0.66666666666666663        2.0000000000000000        3.2395825601925429E-003
  0.66666666666666663        2.3333333333333330        4.3884668590791860E-003
  0.66666666666666663        2.6666666666666665        9.1419110043613524E-003
  0.66666666666666663        3.0000000000000000        7.8947105976854316E-003
  0.66666666666666663        3.3333333333333330        7.7821427059117255E-003
  0.66666666666666663        3.6666666666666665        7.0563528347525918E-003
  0.66666666666666663        4.0000000000000000        7.3602203142720899E-003
  0.66666666666666663        4.3333333333333330        8.6113693313528208E-003
  0.66666666666666663        4.6666666666666661        0.0000000000000000     
  0.66666666666666663        5.0000000000000000        2.1548998264496081E-002
  0.66666666666666663        5.3333333333333330        2.0009475530475888E-002
  0.66666666666666663        5.6666666666666661        2.1416777945492606E-002
  0.66666666666666663        6.0000000000000000        2.3636845516781108E-002
  0.66666666666666663        6.3333333333333330        2.7945340916035233E-002
  0.66666666666666663        6.6666666666666661        4.6614780005061494E-002
  0.66666666666666663        7.0000000000000000        3.7882373052493909E-002
  0.66666666666666663        7.3333333333333330        1.1625787423839231E-002
  0.66666666666666663        7.6666666666666661        1.2244316306143315E-002
  0.66666666666666663        8.0000000000000000        9.1899433688041026E-003
  0.66666666666666663        8.3333333333333321        5.6241526716742461E-003
  0.66666666666666663        8.6666666666666661        4.9514536115859396E-003
  0.66666666666666663        9.0000000000000000        3.8501512987164275E-003
  0.66666666666666663        9.3333333333333321        1.8302230797096811E-003
  0.66666666666666663        9.6666666666666661        7.7719846207303922E-004
  0.66666666666666663        10.000000000000000        0.0000000000000000     
 
   1.0000000000000000        0.0000000000000000        0.0000000000000000     
   1.0000000000000000       0.33333333333333331        7.6290087826915202E-004
   1.0000000000000000       0.66666666666666663        1.4316671179821943E-003
   1.0000000000000000        1.0000000000000000        1.9430711250042342E-003
   1.0000000000000000        1.3333333333333333        1.5968072916879182E-003
   1.0000000000000000        1.6666666666666665        5.3815903106483728E-003
   1.0000000000000000        2.0000000000000000        5.5350918896012796E-003
   1.0000000000000000        2.3333333333333330        8.4156701154810970E-003
   1.0000000000000000        2.6666666666666665        1.1028359905959578E-002
   1.0000000000000000        3.0000000000000000        1.1974001953453675E-002
   1.0000000000000000        3.3333333333333330        1.3135602527914358E-002
   1.0000000000000000        3.6666666666666665        1.0091032642235894E-002
   1.0000000000000000        4.0000000000000000        1.0745553694661181E-002
   1.0000000000000000        4.3333333333333330        1.5499740819364427E-002
   1.0000000000000000        4.6666666666666661        2.2902575292819000E-002
   1.0000000000000000        5.0000000000000000        2.4297776563172061E-002
   1.0000000000000000        5.3333333333333330        2.9800800775970873E-002
   1.0000000000000000        5.6666666666666661        3.2874967291715060E-002
   1.0000000000000000        6.0000000000000000        3.4894879439466245E-002
   1.0000000000000000        6.3333333333333330        4.9487893565238340E-002
   1.0000000000000000        6.6666666666666661        5.6896150053081351E-002
   1.0000000000000000        7.0000000000000000        5.5398937366498584E-002
   1.0000000000000000        7.3333333333333330        4.3155193502038156E-002
   1.0000000000000000        7.6666666666666661        2.3136315421747915E-002
   1.0000000000000000        8.0000000000000000        1.4967761696822767E-002
   1.0000000000000000        8.3333333333333321        1.0231064270888325E-002
   1.0000000000000000        8.6666666666666661        8.2435056487093830E-003
   1.0000000000000000        9.0000000000000000        7.0977452616639205E-003
   1.0000000000000000        9.3333333333333321        8.3595862928036917E-004
   1.0000000000000000        9.6666666666666661        9.0088088225100636E-004
   1.0000000000000000        10.000000000000000        0.0000000000000000     
 
   1.3333333333333333        0.0000000000000000        0.0000000000000000     
   1.3333333333333333       0.33333333333333331        1.2800192425980080E-003
   1.3333333333333333       0.66666666666666663        2.4416382919395748E-003
   1.3333333333333333        1.0000000000000000        3.2969042384871396E-003
   1.3333333333333333        1.3333333333333333        6.4164518257507049E-003
   1.3333333333333333        1.6666666666666665        5.6701464601310557E-003
   1.3333333333333333        2.0000000000000000        1.3982780546434032E-002
   1.3333333333333333        2.3333333333333330        1.3307645592750494E-002
   1.3333333333333333        2.6666666666666665        1.5321634597372902E-002
   1.3333333333333333        3.0000000000000000        1.6600392678826539E-002
   1.3333333333333333        3.3333333333333330        2.3484457301460131E-002
   1.3333333333333333        3.6666666666666665        4.3655595892144961E-002
   1.3333333333333333        4.0000000000000000        3.2192123479401438E-002
   1.3333333333333333        4.3333333333333330        2.8107294150800023E-002
   1.3333333333333333        4.6666666666666661        4.8048876134684858E-002
   1.3333333333333333        5.0000000000000000        4.6286934489930653E-002
   1.3333333333333333        5.3333333333333330        4.3449755298046726E-002
   1.3333333333333333        5.6666666666666661        4.6782112028293098E-002
   1.3333333333333333        6.0000000000000000        8.8760382121592055E-002
   1.3333333333333333        6.3333333333333330        7.9721135442536631E-002
   1.3333333333333333        6.6666666666666661        7.7780442672424302E-002
   1.3333333333333333        7.0000000000000000        7.3091660980992082E-002
   1.3333333333333333        7.3333333333333330        6.4641409321928953E-002
   1.3333333333333333        7.6666666666666661        1.2525255586352764E-002
   1.3333333333333333        8.0000000000000000        1.3332912574806925E-002
   1.3333333333333333        8.3333333333333321        1.2865133964308027E-002
   1.3333333333333333        8.6666666666666661        1.1222540020908001E-002
   1.3333333333333333        9.0000000000000000        9.6653613536953342E-003
   1.3333333333333333        9.3333333333333321        4.4538043232016534E-003
   1.3333333333333333        9.6666666666666661        2.0550059209809347E-003
   1.3333333333333333        10.000000000000000        0.0000000000000000     
 
   1.6666666666666665        0.0000000000000000        0.0000000000000000     
   1.6666666666666665       0.33333333333333331        2.0026710904308374E-003
   1.6666666666666665       0.66666666666666663        3.9248655036410920E-003
   1.6666666666666665        1.0000000000000000        5.7331801051059561E-003
   1.6666666666666665        1.3333333333333333        7.6409481378452802E-003
   1.6666666666666665        1.6666666666666665        1.6503882522201318E-002
   1.6666666666666665        2.0000000000000000        1.5598067700271995E-002
   1.6666666666666665        2.3333333333333330        1.6393182446436817E-002
   1.6666666666666665        2.6666666666666665        2.1305709673357875E-002
   1.6666666666666665        3.0000000000000000        4.4405568758312183E-002
   1.6666666666666665        3.3333333333333330        4.1920356008683102E-002
   1.6666666666666665        3.6666666666666665        4.5744819174753426E-002
   1.6666666666666665        4.0000000000000000        3.8069786038785837E-002
   1.6666666666666665        4.3333333333333330        3.8220917319107317E-002
   1.6666666666666665        4.6666666666666661        5.0460739096725299E-002
   1.6666666666666665        5.0000000000000000        5.1249504403728767E-002
   1.6666666666666665        5.3333333333333330        5.2808096759590396E-002
   1.6666666666666665        5.6666666666666661        6.5806920368150681E-002
   1.6666666666666665        6.0000000000000000        9.9806767776838085E-002
   1.6666666666666665        6.3333333333333330       0.10473857534746724     
   1.6666666666666665        6.6666666666666661       0.10331713468890164     
   1.6666666666666665        7.0000000000000000        9.6446115903384075E-002
   1.6666666666666665        7.3333333333333330        7.9533372682759632E-002
   1.6666666666666665        7.6666666666666661        1.1371823215525731E-002
   1.6666666666666665        8.0000000000000000        1.3765483532621648E-002
   1.6666666666666665        8.3333333333333321        1.7424994862264963E-002
   1.6666666666666665        8.6666666666666661        1.4786277307261328E-002
   1.6666666666666665        9.0000000000000000        1.1274244370720573E-002
   1.6666666666666665        9.3333333333333321        7.1387081266426709E-003
   1.6666666666666665        9.6666666666666661        3.0011955637520840E-003
   1.6666666666666665        10.000000000000000        0.0000000000000000     
 
   2.0000000000000000        0.0000000000000000        0.0000000000000000     
   2.0000000000000000       0.33333333333333331        2.9307141611940334E-003
   2.0000000000000000       0.66666666666666663        5.7676862739850414E-003
   2.0000000000000000        1.0000000000000000        8.4336019768691973E-003
   2.0000000000000000        1.3333333333333333        1.1273529256721728E-002
   2.0000000000000000        1.6666666666666665        1.8401260371073834E-002
   2.0000000000000000        2.0000000000000000        1.6503882522201318E-002
   2.0000000000000000        2.3333333333333330        3.1748531201342960E-002
   2.0000000000000000        2.6666666666666665        3.3412291721543155E-002
   2.0000000000000000        3.0000000000000000        4.8802875239501088E-002
   2.0000000000000000        3.3333333333333330        5.5856242891684470E-002
   2.0000000000000000        3.6666666666666665        6.1350771610547854E-002
   2.0000000000000000        4.0000000000000000        9.8953172430237490E-002
   2.0000000000000000        4.3333333333333330        9.4287735499358524E-002
   2.0000000000000000        4.6666666666666661        6.6645685654369693E-002
   2.0000000000000000        5.0000000000000000        5.7716705330091690E-002
   2.0000000000000000        5.3333333333333330        0.0000000000000000     
   2.0000000000000000        5.6666666666666661       0.18919026957802051     
   2.0000000000000000        6.0000000000000000       0.14183191741520343     
   2.0000000000000000        6.3333333333333330       0.13801953853325427     
   2.0000000000000000        6.6666666666666661       0.13623550044612528     
   2.0000000000000000        7.0000000000000000       0.13181180800424766     
   2.0000000000000000        7.3333333333333330        9.0107455781863431E-003
   2.0000000000000000        7.6666666666666661        9.7936019411392437E-003
   2.0000000000000000        8.0000000000000000        4.5190254313426097E-002
   2.0000000000000000        8.3333333333333321        2.9158874450331208E-002
   2.0000000000000000        8.6666666666666661        2.0008943309673947E-002
   2.0000000000000000        9.0000000000000000        1.4152482145840571E-002
   2.0000000000000000        9.3333333333333321        1.0255889596641601E-002
   2.0000000000000000        9.6666666666666661        2.0527429118297248E-003
   2.0000000000000000        10.000000000000000        0.0000000000000000     
 
   2.3333333333333330        0.0000000000000000        0.0000000000000000     
   2.3333333333333330       0.33333333333333331        4.1174427846562937E-003
   2.3333333333333330       0.66666666666666663        8.1055851816739070E-003
   2.3333333333333330        1.0000000000000000        1.1436920652067695E-002
   2.3333333333333330        1.3333333333333333        2.9679732401167083E-002
   2.3333333333333330        1.6666666666666665        3.0300622327513044E-002
   2.3333333333333330        2.0000000000000000        5.8958005077806491E-002
   2.3333333333333330        2.3333333333333330        7.1030456263527247E-002
   2.3333333333333330        2.6666666666666665        7.0334592828237855E-002
   2.3333333333333330        3.0000000000000000        6.3475311465384252E-002
   2.3333333333333330        3.3333333333333330        7.3386339234478987E-002
   2.3333333333333330        3.6666666666666665        8.4594628025382146E-002
   2.3333333333333330        4.0000000000000000       0.10182947920967329     
   2.3333333333333330        4.3333333333333330       0.12458944970080157     
   2.3333333333333330        4.6666666666666661       0.21604677598699687     
   2.3333333333333330        5.0000000000000000       0.25099735728530148     
   2.3333333333333330        5.3333333333333330       0.25524043755100284     
   2.3333333333333330        5.6666666666666661       0.23725140911102172     
   2.3333333333333330        6.0000000000000000       0.20256468147820283     
   2.3333333333333330        6.3333333333333330       0.17093939842348044     
   2.3333333333333330        6.6666666666666661       0.17348547420638430     
   2.3333333333333330        7.0000000000000000       0.16453423241242277     
   2.3333333333333330        7.3333333333333330       0.18035084493796233     
   2.3333333333333330        7.6666666666666661       0.10879279961026055     
   2.3333333333333330        8.0000000000000000        6.2550553995643854E-002
   2.3333333333333330        8.3333333333333321        3.5113080197853752E-002
   2.3333333333333330        8.6666666666666661        2.2862478655106655E-002
   2.3333333333333330        9.0000000000000000        1.5821191390153200E-002
   2.3333333333333330        9.3333333333333321        1.0064423067947373E-002
   2.3333333333333330        9.6666666666666661        4.2304781442097312E-003
   2.3333333333333330        10.000000000000000        0.0000000000000000     
 
   2.6666666666666665        0.0000000000000000        0.0000000000000000     
   2.6666666666666665       0.33333333333333331        5.6403355141044576E-003
   2.6666666666666665       0.66666666666666663        1.1501223037885585E-002
   2.6666666666666665        1.0000000000000000        1.8326092034923684E-002
   2.6666666666666665        1.3333333333333333        3.0298475026247051E-002
   2.6666666666666665        1.6666666666666665        4.4066929202599837E-002
   2.6666666666666665        2.0000000000000000        6.0853757339218349E-002
   2.6666666666666665        2.3333333333333330        7.3086656706277495E-002
   2.6666666666666665        2.6666666666666665        7.9281434929298830E-002
   2.6666666666666665        3.0000000000000000        9.9901822266750651E-002
   2.6666666666666665        3.3333333333333330        9.1767808742088633E-002
   2.6666666666666665        3.6666666666666665       0.10407521134613337     
   2.6666666666666665        4.0000000000000000       0.17766681494157696     
   2.6666666666666665        4.3333333333333330       0.18023579608680973     
   2.6666666666666665        4.6666666666666661       0.21779277403430944     
   2.6666666666666665        5.0000000000000000       0.25132110885051245     
   2.6666666666666665        5.3333333333333330       0.27246322764325920     
   2.6666666666666665        5.6666666666666661       0.26690917211038234     
   2.6666666666666665        6.0000000000000000       0.23485973247469180     
   2.6666666666666665        6.3333333333333330       0.25675183487977127     
   2.6666666666666665        6.6666666666666661       0.22332360063422479     
   2.6666666666666665        7.0000000000000000       0.18968638987630623     
   2.6666666666666665        7.3333333333333330       0.18214117703751739     
   2.6666666666666665        7.6666666666666661       0.15667460813449133     
   2.6666666666666665        8.0000000000000000        2.5836693099178496E-002
   2.6666666666666665        8.3333333333333321        2.7091829818750975E-002
   2.6666666666666665        8.6666666666666661        2.1524640321389441E-002
   2.6666666666666665        9.0000000000000000        1.7021869560599510E-002
   2.6666666666666665        9.3333333333333321        1.0515379559697164E-002
   2.6666666666666665        9.6666666666666661        5.0512030341323642E-003
   2.6666666666666665        10.000000000000000        0.0000000000000000     
 
   3.0000000000000000        0.0000000000000000        0.0000000000000000     
   3.0000000000000000       0.33333333333333331        7.1971787024334545E-003
   3.0000000000000000       0.66666666666666663        1.4437327846802244E-002
   3.0000000000000000        1.0000000000000000        2.0833962545808955E-002
   3.0000000000000000        1.3333333333333333        5.1561539534220893E-002
   3.0000000000000000        1.6666666666666665        5.6281936216336509E-002
   3.0000000000000000        2.0000000000000000        6.9076711289072071E-002
   3.0000000000000000        2.3333333333333330        8.3092470774439417E-002
   3.0000000000000000        2.6666666666666665        9.6365997121178035E-002
   3.0000000000000000        3.0000000000000000       0.10995363989890117     
   3.0000000000000000        3.3333333333333330       0.14685764869045567     
   3.0000000000000000        3.6666666666666665       0.13781157120539814     
   3.0000000000000000        4.0000000000000000       0.20078680159658435     
   3.0000000000000000        4.3333333333333330       0.20307150448316266     
   3.0000000000000000        4.6666666666666661       0.22489892864332431     
   3.0000000000000000        5.0000000000000000       0.26398623511879205     
   3.0000000000000000        5.3333333333333330       0.31498133229204622     
   3.0000000000000000        5.6666666666666661       0.32159885396088850     
   3.0000000000000000        6.0000000000000000       0.33397019656617283     
   3.0000000000000000        6.3333333333333330       0.28882940018924119     
   3.0000000000000000        6.6666666666666661       0.27308994131118347     
   3.0000000000000000        7.0000000000000000       0.22774776005675468     
   3.0000000000000000        7.3333333333333330       0.20322697327228867     
   3.0000000000000000        7.6666666666666661       0.18066571589691163     
   3.0000000000000000        8.0000000000000000       0.14530986653028263     
   3.0000000000000000        8.3333333333333321        1.9041991441915943E-002
   3.0000000000000000        8.6666666666666661        2.0192280249540784E-002
   3.0000000000000000        9.0000000000000000        2.1127004990103750E-002
   3.0000000000000000        9.3333333333333321        1.0645928163046298E-002
   3.0000000000000000        9.6666666666666661        5.7468058116044102E-003
   3.0000000000000000        10.000000000000000        0.0000000000000000     
 
   3.3333333333333330        0.0000000000000000        0.0000000000000000     
   3.3333333333333330       0.33333333333333331        9.0067003374938847E-003
   3.3333333333333330       0.66666666666666663        1.8790568739349502E-002
   3.3333333333333330        1.0000000000000000        3.0531212524362809E-002
   3.3333333333333330        1.3333333333333333        4.8375115625077715E-002
   3.3333333333333330        1.6666666666666665        6.2007544447392766E-002
   3.3333333333333330        2.0000000000000000        7.7776422432204173E-002
   3.3333333333333330        2.3333333333333330        9.5572689367822081E-002
   3.3333333333333330        2.6666666666666665       0.11481916540110090     
   3.3333333333333330        3.0000000000000000       0.13519546677341840     
   3.3333333333333330        3.3333333333333330       0.15705458152109986     
   3.3333333333333330        3.6666666666666665       0.16384607837387910     
   3.3333333333333330        4.0000000000000000       0.20776900210771099     
   3.3333333333333330        4.3333333333333330       0.20822591271361290     
   3.3333333333333330        4.6666666666666661       0.21581745811626832     
   3.3333333333333330        5.0000000000000000       0.44001123066425307     
   3.3333333333333330        5.3333333333333330       0.39830770341747290     
   3.3333333333333330        5.6666666666666661       0.37888200182212528     
   3.3333333333333330        6.0000000000000000       0.37434934753948645     
   3.3333333333333330        6.3333333333333330       0.34340879122409351     
   3.3333333333333330        6.6666666666666661       0.30502324683753346     
   3.3333333333333330        7.0000000000000000       0.25232470646753646     
   3.3333333333333330        7.3333333333333330       0.22316806074963860     
   3.3333333333333330        7.6666666666666661       0.18346567330115163     
   3.3333333333333330        8.0000000000000000       0.14791806053746320     
   3.3333333333333330        8.3333333333333321        7.9137871903997056E-002
   3.3333333333333330        8.6666666666666661        3.8338558411373271E-002
   3.3333333333333330        9.0000000000000000        2.7257207776597778E-002
   3.3333333333333330        9.3333333333333321        1.6087278102320243E-002
   3.3333333333333330        9.6666666666666661        7.5937573669787248E-003
   3.3333333333333330        10.000000000000000        0.0000000000000000     
 
   3.6666666666666665        0.0000000000000000        0.0000000000000000     
   3.6666666666666665       0.33333333333333331        1.0378360914817652E-002
   3.6666666666666665       0.66666666666666663        2.1858413704566305E-002
   3.6666666666666665        1.0000000000000000        3.5120207059985399E-002
   3.6666666666666665        1.3333333333333333        5.0776733772482145E-002
   3.6666666666666665        1.6666666666666665        6.7126118943945476E-002
   3.6666666666666665        2.0000000000000000        8.6018034369419544E-002
   3.6666666666666665        2.3333333333333330       0.10809075094240454     
   3.6666666666666665        2.6666666666666665       0.13343513455154205     
   3.6666666666666665        3.0000000000000000       0.15998789297623162     
   3.6666666666666665        3.3333333333333330       0.18307679024423376     
   3.6666666666666665        3.6666666666666665       0.19740972610087065     
   3.6666666666666665        4.0000000000000000       0.20849873246814521     
   3.6666666666666665        4.3333333333333330       0.20776900210771099     
   3.6666666666666665        4.6666666666666661       0.51033470229862432     
   3.6666666666666665        5.0000000000000000       0.47127358229970218     
   3.6666666666666665        5.3333333333333330       0.45117484111980932     
   3.6666666666666665        5.6666666666666661       0.41417283094102453     
   3.6666666666666665        6.0000000000000000       0.40331537986835270     
   3.6666666666666665        6.3333333333333330       0.37641041467516106     
   3.6666666666666665        6.6666666666666661       0.34774382497798267     
   3.6666666666666665        7.0000000000000000       0.28328830054505683     
   3.6666666666666665        7.3333333333333330       0.25375524758020551     
   3.6666666666666665        7.6666666666666661       0.11450853131658000     
   3.6666666666666665        8.0000000000000000       0.11721710845006773     
   3.6666666666666665        8.3333333333333321        8.1669622817386281E-002
   3.6666666666666665        8.6666666666666661        5.0967789004500288E-002
   3.6666666666666665        9.0000000000000000        3.4683295694766622E-002
   3.6666666666666665        9.3333333333333321        1.9607542896152713E-002
   3.6666666666666665        9.6666666666666661        8.9123629919555768E-003
   3.6666666666666665        10.000000000000000        0.0000000000000000     
 
   4.0000000000000000        0.0000000000000000        0.0000000000000000     
   4.0000000000000000       0.33333333333333331        1.1018831877366447E-002
   4.0000000000000000       0.66666666666666663        2.3881416742301161E-002
   4.0000000000000000        1.0000000000000000        3.8389094678220471E-002
   4.0000000000000000        1.3333333333333333        5.3834190958776680E-002
   4.0000000000000000        1.6666666666666665        7.1168865375740437E-002
   4.0000000000000000        2.0000000000000000        9.2501440072681435E-002
   4.0000000000000000        2.3333333333333330       0.11854027833690946     
   4.0000000000000000        2.6666666666666665       0.15164326899023764     
   4.0000000000000000        3.0000000000000000       0.18855026027177305     
   4.0000000000000000        3.3333333333333330       0.21777662488029720     
   4.0000000000000000        3.6666666666666665       0.23413311338807227     
   4.0000000000000000        4.0000000000000000       0.22156299001550703     
   4.0000000000000000        4.3333333333333330       0.54326200165703087     
   4.0000000000000000        4.6666666666666661       0.53484835097421424     
   4.0000000000000000        5.0000000000000000       0.53595287820540893     
   4.0000000000000000        5.3333333333333330       0.50958132675884105     
   4.0000000000000000        5.6666666666666661       0.47593009071929882     
   4.0000000000000000        6.0000000000000000       0.43968986865809068     
   4.0000000000000000        6.3333333333333330       0.40396647806652486     
   4.0000000000000000        6.6666666666666661       0.35610856898598470     
   4.0000000000000000        7.0000000000000000       0.31034708564165486     
   4.0000000000000000        7.3333333333333330       0.20893728180496102     
   4.0000000000000000        7.6666666666666661       0.14124213002926364     
   4.0000000000000000        8.0000000000000000       0.12717815553667058     
   4.0000000000000000        8.3333333333333321        8.9985931251511816E-002
   4.0000000000000000        8.6666666666666661        5.1272818004231002E-002
   4.0000000000000000        9.0000000000000000        4.2267932062905543E-002
   4.0000000000000000        9.3333333333333321        1.5880192895416315E-002
   4.0000000000000000        9.6666666666666661        8.8562181761584879E-003
   4.0000000000000000        10.000000000000000        0.0000000000000000     
 
   4.3333333333333330        0.0000000000000000        0.0000000000000000     
   4.3333333333333330       0.33333333333333331        1.0198125208257663E-002
   4.3333333333333330       0.66666666666666663        2.5042259834707484E-002
   4.3333333333333330        1.0000000000000000        4.1863288606255787E-002
   4.3333333333333330        1.3333333333333333        5.6375564271445057E-002
   4.3333333333333330        1.6666666666666665        7.2653361766586558E-002
   4.3333333333333330        2.0000000000000000        9.5584906106189901E-002
   4.3333333333333330        2.3333333333333330       0.12286986609491223     
   4.3333333333333330        2.6666666666666665       0.16628674833409332     
   4.3333333333333330        3.0000000000000000       0.22410270656990131     
   4.3333333333333330        3.3333333333333330       0.26389227392936015     
   4.3333333333333330        3.6666666666666665       0.29808642900982363     
   4.3333333333333330        4.0000000000000000       0.51835609669288296     
   4.3333333333333330        4.3333333333333330       0.53484633388745129     
   4.3333333333333330        4.6666666666666661       0.55465724836879560     
   4.3333333333333330        5.0000000000000000       0.54524918050068449     
   4.3333333333333330        5.3333333333333330       0.52631936160156045     
   4.3333333333333330        5.6666666666666661       0.49887643605550230     
   4.3333333333333330        6.0000000000000000       0.46453153488810911     
   4.3333333333333330        6.3333333333333330       0.43473039052380225     
   4.3333333333333330        6.6666666666666661       0.34014414817688587     
   4.3333333333333330        7.0000000000000000       0.28758114122785217     
   4.3333333333333330        7.3333333333333330       0.20876945079713385     
   4.3333333333333330        7.6666666666666661       0.15706166618958547     
   4.3333333333333330        8.0000000000000000       0.12514791002954809     
   4.3333333333333330        8.3333333333333321        9.2134120195797281E-002
   4.3333333333333330        8.6666666666666661        6.1966230348569004E-002
   4.3333333333333330        9.0000000000000000        4.2370734511337375E-002
   4.3333333333333330        9.3333333333333321        2.3548669457099197E-002
   4.3333333333333330        9.6666666666666661        1.1010197620953444E-002
   4.3333333333333330        10.000000000000000        0.0000000000000000     
 
   4.6666666666666661        0.0000000000000000        0.0000000000000000     
   4.6666666666666661       0.33333333333333331        5.0832319908116702E-003
   4.6666666666666661       0.66666666666666663        4.7268359570198031E-002
   4.6666666666666661        1.0000000000000000        4.8902739964885790E-002
   4.6666666666666661        1.3333333333333333        5.8604111585752350E-002
   4.6666666666666661        1.6666666666666665        6.8963801336165198E-002
   4.6666666666666661        2.0000000000000000       0.10428550754830762     
   4.6666666666666661        2.3333333333333330       0.11193885240017488     
   4.6666666666666661        2.6666666666666665       0.27923552916058914     
   4.6666666666666661        3.0000000000000000       0.27570424599243515     
   4.6666666666666661        3.3333333333333330       0.31215723509219923     
   4.6666666666666661        3.6666666666666665       0.39138487494773766     
   4.6666666666666661        4.0000000000000000       0.48604104455214248     
   4.6666666666666661        4.3333333333333330       0.52628160879217467     
   4.6666666666666661        4.6666666666666661       0.54577513335078420     
   4.6666666666666661        5.0000000000000000       0.54636575566845713     
   4.6666666666666661        5.3333333333333330       0.53507850573818172     
   4.6666666666666661        5.6666666666666661       0.51393207828848342     
   4.6666666666666661        6.0000000000000000       0.47217565707307652     
   4.6666666666666661        6.3333333333333330       0.42483438577474442     
   4.6666666666666661        6.6666666666666661       0.38669088646476185     
   4.6666666666666661        7.0000000000000000       0.18013681578490764     
   4.6666666666666661        7.3333333333333330       0.18108976796201279     
   4.6666666666666661        7.6666666666666661       0.15424538817547326     
   4.6666666666666661        8.0000000000000000       0.12599305622980783     
   4.6666666666666661        8.3333333333333321        9.3363004265331159E-002
   4.6666666666666661        8.6666666666666661        6.3809537855728765E-002
   4.6666666666666661        9.0000000000000000        4.3103560150430119E-002
   4.6666666666666661        9.3333333333333321        2.5803065717260740E-002
   4.6666666666666661        9.6666666666666661        1.2071802123271384E-002
   4.6666666666666661        10.000000000000000        0.0000000000000000     
 
   5.0000000000000000        0.0000000000000000        0.0000000000000000     
   5.0000000000000000       0.33333333333333331        5.2367143374131269E-003
   5.0000000000000000       0.66666666666666663        4.0394857004952718E-002
   5.0000000000000000        1.0000000000000000        4.9396448662912096E-002
   5.0000000000000000        1.3333333333333333        6.1756957477199267E-002
   5.0000000000000000        1.6666666666666665        7.7252034464078245E-002
   5.0000000000000000        2.0000000000000000        9.8199249137236225E-002
   5.0000000000000000        2.3333333333333330       0.11001598412752601     
   5.0000000000000000        2.6666666666666665       0.28700915495802920     
   5.0000000000000000        3.0000000000000000       0.28371795471298555     
   5.0000000000000000        3.3333333333333330       0.47292650015054027     
   5.0000000000000000        3.6666666666666665       0.45996015018819725     
   5.0000000000000000        4.0000000000000000       0.49404162906799159     
   5.0000000000000000        4.3333333333333330       0.52216392910607623     
   5.0000000000000000        4.6666666666666661       0.53818292036411508     
   5.0000000000000000        5.0000000000000000       0.54162811767234509     
   5.0000000000000000        5.3333333333333330       0.53661772782450989     
   5.0000000000000000        5.6666666666666661       0.53379998603538126     
   5.0000000000000000        6.0000000000000000       0.39794420412541065     
   5.0000000000000000        6.3333333333333330       0.39528758359572136     
   5.0000000000000000        6.6666666666666661       0.29997767122598590     
   5.0000000000000000        7.0000000000000000       0.20606882399337220     
   5.0000000000000000        7.3333333333333330       0.18185992450413077     
   5.0000000000000000        7.6666666666666661       0.15408821974089709     
   5.0000000000000000        8.0000000000000000       0.13290399211412407     
   5.0000000000000000        8.3333333333333321        6.8780970102456859E-002
   5.0000000000000000        8.6666666666666661        5.8522848106731445E-002
   5.0000000000000000        9.0000000000000000        4.1821291063452656E-002
   5.0000000000000000        9.3333333333333321        2.5421131394425950E-002
   5.0000000000000000        9.6666666666666661        1.1941341271926458E-002
   5.0000000000000000        10.000000000000000        0.0000000000000000     
 
   5.3333333333333330        0.0000000000000000        0.0000000000000000     
   5.3333333333333330       0.33333333333333331        1.0818458021262986E-002
   5.3333333333333330       0.66666666666666663        3.2725068842453284E-002
   5.3333333333333330        1.0000000000000000        4.8029832396328076E-002
   5.3333333333333330        1.3333333333333333        6.3384800308088574E-002
   5.3333333333333330        1.6666666666666665        8.1736034002157232E-002
   5.3333333333333330        2.0000000000000000       0.10282985084131827     
   5.3333333333333330        2.3333333333333330       0.12134894450505164     
   5.3333333333333330        2.6666666666666665       0.25608550955893827     
   5.3333333333333330        3.0000000000000000       0.28498510524595888     
   5.3333333333333330        3.3333333333333330       0.45019633902170519     
   5.3333333333333330        3.6666666666666665       0.46915910473168915     
   5.3333333333333330        4.0000000000000000       0.49380626412827633     
   5.3333333333333330        4.3333333333333330       0.51429007104323088     
   5.3333333333333330        4.6666666666666661       0.52620482102767407     
   5.3333333333333330        5.0000000000000000       0.52802203988296459     
   5.3333333333333330        5.3333333333333330       0.51883040925241464     
   5.3333333333333330        5.6666666666666661       0.41438809454809628     
   5.3333333333333330        6.0000000000000000       0.39173157377387241     
   5.3333333333333330        6.3333333333333330       0.35427565829322821     
   5.3333333333333330        6.6666666666666661       0.29608481534229647     
   5.3333333333333330        7.0000000000000000       0.23004658657071014     
   5.3333333333333330        7.3333333333333330       0.18673999166748215     
   5.3333333333333330        7.6666666666666661       0.14858168244249922     
   5.3333333333333330        8.0000000000000000       0.12025538155468965     
   5.3333333333333330        8.3333333333333321        8.0968092054504254E-002
   5.3333333333333330        8.6666666666666661        6.1433312022821242E-002
   5.3333333333333330        9.0000000000000000        4.1635638910847171E-002
   5.3333333333333330        9.3333333333333321        2.3056231890099949E-002
   5.3333333333333330        9.6666666666666661        1.0741698378325977E-002
   5.3333333333333330        10.000000000000000        0.0000000000000000     
 
   5.6666666666666661        0.0000000000000000        0.0000000000000000     
   5.6666666666666661       0.33333333333333331        5.6888180851450490E-003
   5.6666666666666661       0.66666666666666663        1.3701021006924465E-002
   5.6666666666666661        1.0000000000000000        4.3794947707249170E-002
   5.6666666666666661        1.3333333333333333        6.3589001427066097E-002
   5.6666666666666661        1.6666666666666665        8.5095165726139094E-002
   5.6666666666666661        2.0000000000000000       0.11154032202361534     
   5.6666666666666661        2.3333333333333330       0.15238368233988708     
   5.6666666666666661        2.6666666666666665       0.22467232190634812     
   5.6666666666666661        3.0000000000000000       0.31156681846529322     
   5.6666666666666661        3.3333333333333330       0.42016028379726716     
   5.6666666666666661        3.6666666666666665       0.46041258682362785     
   5.6666666666666661        4.0000000000000000       0.48400943493462373     
   5.6666666666666661        4.3333333333333330       0.49994453641626097     
   5.6666666666666661        4.6666666666666661       0.50836961692921379     
   5.6666666666666661        5.0000000000000000       0.50911188102556970     
   5.6666666666666661        5.3333333333333330       0.47593079637292546     
   5.6666666666666661        5.6666666666666661       0.42723023716647929     
   5.6666666666666661        6.0000000000000000       0.33010376875259911     
   5.6666666666666661        6.3333333333333330       0.32724666255387136     
   5.6666666666666661        6.6666666666666661       0.23613362718874031     
   5.6666666666666661        7.0000000000000000       0.18173256008705080     
   5.6666666666666661        7.3333333333333330       0.13792253063151552     
   5.6666666666666661        7.6666666666666661       0.13450546560657956     
   5.6666666666666661        8.0000000000000000        8.1517145023285692E-002
   5.6666666666666661        8.3333333333333321        7.5339498284225440E-002
   5.6666666666666661        8.6666666666666661        6.6431411526001058E-002
   5.6666666666666661        9.0000000000000000        1.4581899343849000E-002
   5.6666666666666661        9.3333333333333321        1.5310316174301378E-002
   5.6666666666666661        9.6666666666666661        8.4105534998397645E-003
   5.6666666666666661        10.000000000000000        0.0000000000000000     
 
   6.0000000000000000        0.0000000000000000        0.0000000000000000     
   6.0000000000000000       0.33333333333333331        6.4694057385655708E-003
   6.0000000000000000       0.66666666666666663        1.4311319755134139E-002
   6.0000000000000000        1.0000000000000000        2.5235971737388729E-002
   6.0000000000000000        1.3333333333333333        0.0000000000000000     
   6.0000000000000000        1.6666666666666665       0.10497211777649175     
   6.0000000000000000        2.0000000000000000       0.10729898832510923     
   6.0000000000000000        2.3333333333333330       0.15461104350029659     
   6.0000000000000000        2.6666666666666665       0.17707237102227763     
   6.0000000000000000        3.0000000000000000       0.45953290250728723     
   6.0000000000000000        3.3333333333333330       0.44898289967226446     
   6.0000000000000000        3.6666666666666665       0.45693554795545077     
   6.0000000000000000        4.0000000000000000       0.46915663213683995     
   6.0000000000000000        4.3333333333333330       0.47932216592965710     
   6.0000000000000000        4.6666666666666661       0.48367627333026203     
   6.0000000000000000        5.0000000000000000       0.43822740787164899     
   6.0000000000000000        5.3333333333333330       0.43526088477545283     
   6.0000000000000000        5.6666666666666661       0.38076593667838415     
   6.0000000000000000        6.0000000000000000       0.32739158944384622     
   6.0000000000000000        6.3333333333333330       0.29188667089220743     
   6.0000000000000000        6.6666666666666661       0.23458461178365705     
   6.0000000000000000        7.0000000000000000       0.18207969364266827     
   6.0000000000000000        7.3333333333333330       0.14288808757194249     
   6.0000000000000000        7.6666666666666661       0.11861340095193235     
   6.0000000000000000        8.0000000000000000        8.9887563650150562E-002
   6.0000000000000000        8.3333333333333321        7.4561997526071511E-002
   6.0000000000000000        8.6666666666666661        6.4576016235413980E-002
   6.0000000000000000        9.0000000000000000        2.2961687608537142E-002
   6.0000000000000000        9.3333333333333321        1.5886906419846067E-002
   6.0000000000000000        9.6666666666666661        7.9751896427219995E-003
   6.0000000000000000        10.000000000000000        0.0000000000000000     
 
   6.3333333333333330        0.0000000000000000        0.0000000000000000     
   6.3333333333333330       0.33333333333333331        6.1514063215450353E-003
   6.3333333333333330       0.66666666666666663        1.2418528943435043E-002
   6.3333333333333330        1.0000000000000000        1.8466263086981880E-002
   6.3333333333333330        1.3333333333333333        5.5196292496954645E-002
   6.3333333333333330        1.6666666666666665        9.2150671522771982E-002
   6.3333333333333330        2.0000000000000000       0.10748195261297575     
   6.3333333333333330        2.3333333333333330       0.13350125201017091     
   6.3333333333333330        2.6666666666666665       0.15245110071259241     
   6.3333333333333330        3.0000000000000000       0.17102310924552105     
   6.3333333333333330        3.3333333333333330       0.44787664660874160     
   6.3333333333333330        3.6666666666666665       0.43852441696604549     
   6.3333333333333330        4.0000000000000000       0.44493903109267674     
   6.3333333333333330        4.3333333333333330       0.45234614090903641     
   6.3333333333333330        4.6666666666666661       0.45072307045605853     
   6.3333333333333330        5.0000000000000000       0.43062695486664493     
   6.3333333333333330        5.3333333333333330       0.32258130485225367     
   6.3333333333333330        5.6666666666666661       0.32498772357824335     
   6.3333333333333330        6.0000000000000000       0.30124342865166631     
   6.3333333333333330        6.3333333333333330       0.27431685070742301     
   6.3333333333333330        6.6666666666666661       0.22654101585415978     
   6.3333333333333330        7.0000000000000000       0.16924145343067773     
   6.3333333333333330        7.3333333333333330       0.13418987151059447     
   6.3333333333333330        7.6666666666666661       0.10892026143322348     
   6.3333333333333330        8.0000000000000000        8.6935759063472451E-002
   6.3333333333333330        8.3333333333333321        7.0566278334600288E-002
   6.3333333333333330        8.6666666666666661        5.4791945419953719E-002
   6.3333333333333330        9.0000000000000000        3.1075787048252750E-002
   6.3333333333333330        9.3333333333333321        1.8043670012695748E-002
   6.3333333333333330        9.6666666666666661        7.9873113096437017E-003
   6.3333333333333330        10.000000000000000        0.0000000000000000     
 
   6.6666666666666661        0.0000000000000000        0.0000000000000000     
   6.6666666666666661       0.33333333333333331        5.9976373436403376E-003
   6.6666666666666661       0.66666666666666663        1.1282637693332377E-002
   6.6666666666666661        1.0000000000000000        4.4728481997482403E-002
   6.6666666666666661        1.3333333333333333        5.7572512840369641E-002
   6.6666666666666661        1.6666666666666665        7.9304859193455660E-002
   6.6666666666666661        2.0000000000000000        9.9276805911133650E-002
   6.6666666666666661        2.3333333333333330       0.12139532114718704     
   6.6666666666666661        2.6666666666666665       0.14833243308790317     
   6.6666666666666661        3.0000000000000000       0.17309257166905301     
   6.6666666666666661        3.3333333333333330       0.32983037785794178     
   6.6666666666666661        3.6666666666666665       0.39511718549677621     
   6.6666666666666661        4.0000000000000000       0.40999393813949020     
   6.6666666666666661        4.3333333333333330       0.42405633654252217     
   6.6666666666666661        4.6666666666666661       0.42567229153494124     
   6.6666666666666661        5.0000000000000000       0.39310590697783265     
   6.6666666666666661        5.3333333333333330       0.31502936754274674     
   6.6666666666666661        5.6666666666666661       0.28993885561022503     
   6.6666666666666661        6.0000000000000000       0.27389563678049950     
   6.6666666666666661        6.3333333333333330       0.16357137776579153     
   6.6666666666666661        6.6666666666666661       0.13375327996392181     
   6.6666666666666661        7.0000000000000000       0.13457218812040628     
   6.6666666666666661        7.3333333333333330       0.11707828500911548     
   6.6666666666666661        7.6666666666666661        9.7782465389339698E-002
   6.6666666666666661        8.0000000000000000        8.0427927486697262E-002
   6.6666666666666661        8.3333333333333321        6.8033900037663422E-002
   6.6666666666666661        8.6666666666666661        3.2759079093280512E-002
   6.6666666666666661        9.0000000000000000        2.9789380395735202E-002
   6.6666666666666661        9.3333333333333321        1.1310767599066169E-002
   6.6666666666666661        9.6666666666666661        6.3200126685978280E-003
   6.6666666666666661        10.000000000000000        0.0000000000000000     
 
   7.0000000000000000        0.0000000000000000        0.0000000000000000     
   7.0000000000000000       0.33333333333333331        6.8513518546744877E-003
   7.0000000000000000       0.66666666666666663        1.5972670205793401E-002
   7.0000000000000000        1.0000000000000000        3.3808496400034846E-002
   7.0000000000000000        1.3333333333333333        5.3315324268341797E-002
   7.0000000000000000        1.6666666666666665        7.0688741603926436E-002
   7.0000000000000000        2.0000000000000000        9.1383244939117925E-002
   7.0000000000000000        2.3333333333333330       0.10675236283977144     
   7.0000000000000000        2.6666666666666665       0.17428801632978111     
   7.0000000000000000        3.0000000000000000       0.20162150957653782     
   7.0000000000000000        3.3333333333333330       0.26049289358085964     
   7.0000000000000000        3.6666666666666665       0.32875388850050674     
   7.0000000000000000        4.0000000000000000       0.36814696972982008     
   7.0000000000000000        4.3333333333333330       0.39961876597082685     
   7.0000000000000000        4.6666666666666661       0.15016322400528906     
   7.0000000000000000        5.0000000000000000       0.22396918200726798     
   7.0000000000000000        5.3333333333333330       0.24968857439338743     
   7.0000000000000000        5.6666666666666661       0.24198245263854390     
   7.0000000000000000        6.0000000000000000       0.22728017203636439     
   7.0000000000000000        6.3333333333333330       0.16449945194945206     
   7.0000000000000000        6.6666666666666661       0.13456564655722286     
   7.0000000000000000        7.0000000000000000       0.11968025653524544     
   7.0000000000000000        7.3333333333333330       0.10352532059258068     
   7.0000000000000000        7.6666666666666661        8.6687748773508669E-002
   7.0000000000000000        8.0000000000000000        7.1036902644030786E-002
   7.0000000000000000        8.3333333333333321        5.5160837973750515E-002
   7.0000000000000000        8.6666666666666661        3.7220608859540039E-002
   7.0000000000000000        9.0000000000000000        2.6896634943248815E-002
   7.0000000000000000        9.3333333333333321        1.6913645959720253E-002
   7.0000000000000000        9.6666666666666661        2.3424108105476417E-003
   7.0000000000000000        10.000000000000000        0.0000000000000000     
 
   7.3333333333333330        0.0000000000000000        0.0000000000000000     
   7.3333333333333330       0.33333333333333331        5.7810382854073424E-003
   7.3333333333333330       0.66666666666666663        1.2714715145560431E-002
   7.3333333333333330        1.0000000000000000        2.2713342588646164E-002
   7.3333333333333330        1.3333333333333333        5.5196407472057979E-002
   7.3333333333333330        1.6666666666666665        6.1256429791450288E-002
   7.3333333333333330        2.0000000000000000        9.2643614255916995E-002
   7.3333333333333330        2.3333333333333330       0.11002076533041616     
   7.3333333333333330        2.6666666666666665       0.14844204049426291     
   7.3333333333333330        3.0000000000000000       0.19936310266665572     
   7.3333333333333330        3.3333333333333330       0.24877634119035019     
   7.3333333333333330        3.6666666666666665       0.28575149585920545     
   7.3333333333333330        4.0000000000000000       0.32875388850050674     
   7.3333333333333330        4.3333333333333330       0.15016322400528906     
   7.3333333333333330        4.6666666666666661       0.15176326759792297     
   7.3333333333333330        5.0000000000000000       0.19716178724219716     
   7.3333333333333330        5.3333333333333330       0.21559820382712427     
   7.3333333333333330        5.6666666666666661       0.19903049038015330     
   7.3333333333333330        6.0000000000000000       0.12629809577849069     
   7.3333333333333330        6.3333333333333330       0.13329394264989619     
   7.3333333333333330        6.6666666666666661       0.12190834384943645     
   7.3333333333333330        7.0000000000000000       0.10790225402030561     
   7.3333333333333330        7.3333333333333330        9.2660743842214136E-002
   7.3333333333333330        7.6666666666666661        7.6479681280414713E-002
   7.3333333333333330        8.0000000000000000        6.3914854901563831E-002
   7.3333333333333330        8.3333333333333321        4.6227121028099429E-002
   7.3333333333333330        8.6666666666666661        3.5617410875997131E-002
   7.3333333333333330        9.0000000000000000        2.4914196603008351E-002
   7.3333333333333330        9.3333333333333321        1.3398690957928843E-002
   7.3333333333333330        9.6666666666666661        4.8219090967870594E-003
   7.3333333333333330        10.000000000000000        0.0000000000000000     
 
   7.6666666666666661        0.0000000000000000        0.0000000000000000     
   7.6666666666666661       0.33333333333333331        3.8665738528924258E-003
   7.6666666666666661       0.66666666666666663        7.0419390033402739E-003
   7.6666666666666661        1.0000000000000000        4.9105042656748740E-002
   7.6666666666666661        1.3333333333333333        5.1898637793793792E-002
   7.6666666666666661        1.6666666666666665        6.0591077398678875E-002
   7.6666666666666661        2.0000000000000000        7.8032187974658412E-002
   7.6666666666666661        2.3333333333333330        9.4794389234737500E-002
   7.6666666666666661        2.6666666666666665       0.11201146231008276     
   7.6666666666666661        3.0000000000000000       0.10322093579662271     
   7.6666666666666661        3.3333333333333330       0.18358355146632807     
   7.6666666666666661        3.6666666666666665       0.23475879331966060     
   7.6666666666666661        4.0000000000000000        4.9818933875935521E-002
   7.6666666666666661        4.3333333333333330        9.3081850288653178E-002
   7.6666666666666661        4.6666666666666661       0.11091719295811023     
   7.6666666666666661        5.0000000000000000        8.1112034705349570E-002
   7.6666666666666661        5.3333333333333330       0.13768134179375230     
   7.6666666666666661        5.6666666666666661       0.13894650270503317     
   7.6666666666666661        6.0000000000000000       0.12105186736604136     
   7.6666666666666661        6.3333333333333330       0.12208558298553483     
   7.6666666666666661        6.6666666666666661       0.11378402612422960     
   7.6666666666666661        7.0000000000000000        9.9478727924116106E-002
   7.6666666666666661        7.3333333333333330        8.4888253464791910E-002
   7.6666666666666661        7.6666666666666661        6.4739948825987492E-002
   7.6666666666666661        8.0000000000000000        2.8593274216991833E-002
   7.6666666666666661        8.3333333333333321        3.1949286207927231E-002
   7.6666666666666661        8.6666666666666661        1.3765176672614910E-002
   7.6666666666666661        9.0000000000000000        7.8733124703362096E-003
   7.6666666666666661        9.3333333333333321        7.6447838931585233E-003
   7.6666666666666661        9.6666666666666661        3.8171967858485023E-003
   7.6666666666666661        10.000000000000000        0.0000000000000000     
 
   8.0000000000000000        0.0000000000000000        0.0000000000000000     
   8.0000000000000000       0.33333333333333331        2.8702033830349922E-003
   8.0000000000000000       0.66666666666666663        4.9483506608345726E-003
   8.0000000000000000        1.0000000000000000        4.2859847485420134E-002
   8.0000000000000000        1.3333333333333333        4.5422855463939669E-002
   8.0000000000000000        1.6666666666666665        5.3912910132725984E-002
   8.0000000000000000        2.0000000000000000        6.6889277857373683E-002
   8.0000000000000000        2.3333333333333330        8.1863023427810905E-002
   8.0000000000000000        2.6666666666666665        9.5398883815012464E-002
   8.0000000000000000        3.0000000000000000       0.10641417491524366     
   8.0000000000000000        3.3333333333333330       0.13369857539328406     
   8.0000000000000000        3.6666666666666665        4.9818933875935521E-002
   8.0000000000000000        4.0000000000000000        5.2063886160012299E-002
   8.0000000000000000        4.3333333333333330        7.7599510259005453E-002
   8.0000000000000000        4.6666666666666661        9.0046821424994289E-002
   8.0000000000000000        5.0000000000000000        8.4147063569008487E-002
   8.0000000000000000        5.3333333333333330        8.3713576824948344E-002
   8.0000000000000000        5.6666666666666661        9.9082334783717668E-002
   8.0000000000000000        6.0000000000000000        9.8544605542196240E-002
   8.0000000000000000        6.3333333333333330        0.0000000000000000     
   8.0000000000000000        6.6666666666666661        9.0705549201486838E-002
   8.0000000000000000        7.0000000000000000        9.3700702934821675E-002
   8.0000000000000000        7.3333333333333330        2.6663446383768365E-002
   8.0000000000000000        7.6666666666666661        3.4806805141965109E-002
   8.0000000000000000        8.0000000000000000        2.6640759013147126E-002
   8.0000000000000000        8.3333333333333321        2.2483279788054460E-002
   8.0000000000000000        8.6666666666666661        1.4662938333774250E-002
   8.0000000000000000        9.0000000000000000        8.6274430775608469E-003
   8.0000000000000000        9.3333333333333321        5.9590719047304527E-003
   8.0000000000000000        9.6666666666666661        3.0402177074832192E-003
   8.0000000000000000        10.000000000000000        0.0000000000000000     
 
   8.3333333333333321        0.0000000000000000        0.0000000000000000     
   8.3333333333333321       0.33333333333333331        2.8549467520862107E-003
   8.3333333333333321       0.66666666666666663        5.2556911241984803E-003
   8.3333333333333321        1.0000000000000000        2.6069164139069401E-002
   8.3333333333333321        1.3333333333333333        3.5526834178186029E-002
   8.3333333333333321        1.6666666666666665        4.5362890508182860E-002
   8.3333333333333321        2.0000000000000000        5.6499066946110350E-002
   8.3333333333333321        2.3333333333333330        7.3234147985372505E-002
   8.3333333333333321        2.6666666666666665        8.4218542241450381E-002
   8.3333333333333321        3.0000000000000000        9.6299912102010166E-002
   8.3333333333333321        3.3333333333333330       0.11356094816572673     
   8.3333333333333321        3.6666666666666665        3.1468300644553145E-002
   8.3333333333333321        4.0000000000000000        3.3179812362670799E-002
   8.3333333333333321        4.3333333333333330        1.2177792300250590E-002
   8.3333333333333321        4.6666666666666661        1.0363211154992544E-002
   8.3333333333333321        5.0000000000000000        6.8162442615501792E-002
   8.3333333333333321        5.3333333333333330        7.0226364384973761E-002
   8.3333333333333321        5.6666666666666661        7.6809488887938177E-002
   8.3333333333333321        6.0000000000000000        7.7283283109661788E-002
   8.3333333333333321        6.3333333333333330        3.5472420386888519E-002
   8.3333333333333321        6.6666666666666661        0.0000000000000000     
   8.3333333333333321        7.0000000000000000        1.6630906718991111E-002
   8.3333333333333321        7.3333333333333330        1.9790928092857926E-002
   8.3333333333333321        7.6666666666666661        2.2615524262285216E-002
   8.3333333333333321        8.0000000000000000        2.1982592729183136E-002
   8.3333333333333321        8.3333333333333321        1.7852237521178656E-002
   8.3333333333333321        8.6666666666666661        6.6983172747031357E-003
   8.3333333333333321        9.0000000000000000        6.5905724756146989E-003
   8.3333333333333321        9.3333333333333321        4.9279258794883976E-003
   8.3333333333333321        9.6666666666666661        2.5929558095387950E-003
   8.3333333333333321        10.000000000000000        0.0000000000000000     
 
   8.6666666666666661        0.0000000000000000        0.0000000000000000     
   8.6666666666666661       0.33333333333333331        3.4973361365494321E-003
   8.6666666666666661       0.66666666666666663        8.3336958485738070E-003
   8.6666666666666661        1.0000000000000000        1.8253028669837201E-002
   8.6666666666666661        1.3333333333333333        2.7313147801749829E-002
   8.6666666666666661        1.6666666666666665        3.7884198726209586E-002
   8.6666666666666661        2.0000000000000000        4.3111971900820098E-002
   8.6666666666666661        2.3333333333333330        5.9657828957879064E-002
   8.6666666666666661        2.6666666666666665        7.4959926765635621E-002
   8.6666666666666661        3.0000000000000000        8.4057939947503588E-002
   8.6666666666666661        3.3333333333333330        0.0000000000000000     
   8.6666666666666661        3.6666666666666665        1.2819288618879709E-002
   8.6666666666666661        4.0000000000000000        1.7682530749062217E-002
   8.6666666666666661        4.3333333333333330        1.3151839976546542E-002
   8.6666666666666661        4.6666666666666661        1.1284706703927613E-002
   8.6666666666666661        5.0000000000000000        5.2285710754412872E-002
   8.6666666666666661        5.3333333333333330        5.4137166107628885E-002
   8.6666666666666661        5.6666666666666661        6.2488483365912346E-002
   8.6666666666666661        6.0000000000000000        5.8316123344389695E-002
   8.6666666666666661        6.3333333333333330        3.6860307637137962E-002
   8.6666666666666661        6.6666666666666661        1.3283612976082082E-002
   8.6666666666666661        7.0000000000000000        1.4452399001344551E-002
   8.6666666666666661        7.3333333333333330        1.4320429534458137E-002
   8.6666666666666661        7.6666666666666661        1.5020613208090493E-002
   8.6666666666666661        8.0000000000000000        8.3939242137144564E-003
   8.6666666666666661        8.3333333333333321        1.0099961033602061E-002
   8.6666666666666661        8.6666666666666661        7.3160549541303691E-003
   8.6666666666666661        9.0000000000000000        2.4539567596586999E-003
   8.6666666666666661        9.3333333333333321        1.4661756928581017E-003
   8.6666666666666661        9.6666666666666661        0.0000000000000000     
   8.6666666666666661        10.000000000000000        0.0000000000000000     
 
   9.0000000000000000        0.0000000000000000        0.0000000000000000     
   9.0000000000000000       0.33333333333333331        3.0536760089566782E-003
   9.0000000000000000       0.66666666666666663        6.9086268120071405E-003
   9.0000000000000000        1.0000000000000000        1.2489682954873819E-002
   9.0000000000000000        1.3333333333333333        1.9263217941498514E-002
   9.0000000000000000        1.6666666666666665        2.3567259237764641E-002
   9.0000000000000000        2.0000000000000000        3.7257261440134679E-002
   9.0000000000000000        2.3333333333333330        4.7199305080732945E-002
   9.0000000000000000        2.6666666666666665        8.9323701579862604E-004
   9.0000000000000000        3.0000000000000000        1.5203241155896309E-003
   9.0000000000000000        3.3333333333333330        5.8644552679914122E-003
   9.0000000000000000        3.6666666666666665        8.8338762282129460E-003
   9.0000000000000000        4.0000000000000000        1.2690401655165317E-002
   9.0000000000000000        4.3333333333333330        1.2451898944577424E-002
   9.0000000000000000        4.6666666666666661        1.0322572126422872E-003
   9.0000000000000000        5.0000000000000000        3.1949982019440756E-002
   9.0000000000000000        5.3333333333333330        3.3284849540161913E-002
   9.0000000000000000        5.6666666666666661        1.1128972032644478E-002
   9.0000000000000000        6.0000000000000000        1.3554325015444162E-002
   9.0000000000000000        6.3333333333333330        1.8106550786084221E-002
   9.0000000000000000        6.6666666666666661        1.2902811974468948E-002
   9.0000000000000000        7.0000000000000000        7.1203104781132134E-003
   9.0000000000000000        7.3333333333333330        8.8664279734232392E-003
   9.0000000000000000        7.6666666666666661        8.9880598595219220E-003
   9.0000000000000000        8.0000000000000000        7.2831234448058500E-003
   9.0000000000000000        8.3333333333333321        7.5101985834353504E-003
   9.0000000000000000        8.6666666666666661        5.6891025348426612E-003
   9.0000000000000000        9.0000000000000000        2.6764908638207421E-003
   9.0000000000000000        9.3333333333333321        1.6105553781769670E-003
   9.0000000000000000        9.6666666666666661        1.3076344761072187E-004
   9.0000000000000000        10.000000000000000        0.0000000000000000     
 
   9.3333333333333321        0.0000000000000000        0.0000000000000000     
   9.3333333333333321       0.33333333333333331        2.0355251881296688E-003
   9.3333333333333321       0.66666666666666663        4.2548254571587460E-003
   9.3333333333333321        1.0000000000000000        6.3945823190262128E-003
   9.3333333333333321        1.3333333333333333        7.1329737559063669E-003
   9.3333333333333321        1.6666666666666665        1.1317997531732508E-002
   9.3333333333333321        2.0000000000000000        1.3864646528014618E-003
   9.3333333333333321        2.3333333333333330        8.1564295451902837E-004
   9.3333333333333321        2.6666666666666665        9.8175646574828962E-004
   9.3333333333333321        3.0000000000000000        1.6621644084564551E-003
   9.3333333333333321        3.3333333333333330        3.3507540455332946E-003
   9.3333333333333321        3.6666666666666665        4.6073519790711609E-003
   9.3333333333333321        4.0000000000000000        0.0000000000000000     
   9.3333333333333321        4.3333333333333330        8.5043646108708267E-004
   9.3333333333333321        4.6666666666666661        1.1000536570960867E-003
   9.3333333333333321        5.0000000000000000        9.4273595689027267E-003
   9.3333333333333321        5.3333333333333330        1.5033388433475972E-002
   9.3333333333333321        5.6666666666666661        1.1742185500404196E-002
   9.3333333333333321        6.0000000000000000        9.6585866027559791E-003
   9.3333333333333321        6.3333333333333330        9.9045096753359006E-003
   9.3333333333333321        6.6666666666666661        8.0012514997582704E-003
   9.3333333333333321        7.0000000000000000        5.8503793814488423E-003
   9.3333333333333321        7.3333333333333330        5.6095904555764318E-003
   9.3333333333333321        7.6666666666666661        5.3639964718838586E-003
   9.3333333333333321        8.0000000000000000        4.7564944720612182E-003
   9.3333333333333321        8.3333333333333321        7.2184229704716843E-004
   9.3333333333333321        8.6666666666666661        8.0841140266355136E-004
   9.3333333333333321        9.0000000000000000        1.1797962376835348E-003
   9.3333333333333321        9.3333333333333321        8.3794094026681256E-004
   9.3333333333333321        9.6666666666666661        2.7459082089195154E-004
   9.3333333333333321        10.000000000000000        0.0000000000000000     
 
   9.6666666666666661        0.0000000000000000        0.0000000000000000     
   9.6666666666666661       0.33333333333333331        9.8934025793842497E-004
   9.6666666666666661       0.66666666666666663        1.9991273778000086E-003
   9.6666666666666661        1.0000000000000000        2.9057354167201627E-003
   9.6666666666666661        1.3333333333333333        3.4466407018615519E-003
   9.6666666666666661        1.6666666666666665        3.9966393668426871E-003
   9.6666666666666661        2.0000000000000000        1.4988546749429758E-003
   9.6666666666666661        2.3333333333333330        7.2511482579585521E-004
   9.6666666666666661        2.6666666666666665        6.4750069770538453E-004
   9.6666666666666661        3.0000000000000000        9.4172459269372777E-004
   9.6666666666666661        3.3333333333333330        1.5399268059162160E-003
   9.6666666666666661        3.6666666666666665        1.9953573483769997E-003
   9.6666666666666661        4.0000000000000000        3.1723573232902524E-004
   9.6666666666666661        4.3333333333333330        6.5352731006753718E-004
   9.6666666666666661        4.6666666666666661        1.4840739510241286E-003
   9.6666666666666661        5.0000000000000000        4.2604530946753778E-003
   9.6666666666666661        5.3333333333333330        6.3343856526255973E-003
   9.6666666666666661        5.6666666666666661        1.9101572202467607E-003
   9.6666666666666661        6.0000000000000000        3.9267058068144824E-003
   9.6666666666666661        6.3333333333333330        4.3479113728288003E-003
   9.6666666666666661        6.6666666666666661        3.7936545665803911E-003
   9.6666666666666661        7.0000000000000000        3.0456345462674000E-003
   9.6666666666666661        7.3333333333333330        2.7349378215119798E-003
   9.6666666666666661        7.6666666666666661        2.4723707387928010E-003
   9.6666666666666661        8.0000000000000000        1.9668003900992371E-003
   9.6666666666666661        8.3333333333333321        7.8437101732368466E-004
   9.6666666666666661        8.6666666666666661        5.1236073738096814E-004
   9.6666666666666661        9.0000000000000000        5.0277360432605413E-004
   9.6666666666666661        9.3333333333333321        3.6551064149778685E-004
   9.6666666666666661        9.6666666666666661        1.5621396115961763E-004
   9.6666666666666661        10.000000000000000        0.0000000000000000     
 
   10.000000000000000        0.0000000000000000        0.0000000000000000     
   10.000000000000000       0.33333333333333331        0.0000000000000000     
   10.000000000000000       0.66666666666666663        0.0000000000000000     
   10.000000000000000        1.0000000000000000        0.0000000000000000     
   10.000000000000000        1.3333333333333333        0.0000000000000000     
   10.000000000000000        1.6666666666666665        0.0000000000000000     
   10.000000000000000        2.0000000000000000        0.0000000000000000     
   10.000000000000000        2.3333333333333330        0.0000000000000000     
   10.000000000000000        2.6666666666666665        0.0000000000000000     
   10.000000000000000        3.0000000000000000        0.0000000000000000     
   10.000000000000000        3.3333333333333330        0.0000000000000000     
   10.000000000000000        3.6666666666666665        0.0000000000000000     
   10.000000000000000        4.0000000000000000        0.0000000000000000     
   10.000000000000000        4.3333333333333330        0.0000000000000000     
   10.000000000000000        4.6666666666666661        0.0000000000000000     
   10.000000000000000        5.0000000000000000        0.0000000000000000     
   10.000000000000000        5.3333333333333330        0.0000000000000000     
   10.000000000000000        5.6666666666666661        0.0000000000000000     
   10.000000000000000        6.0000000000000000        0.0000000000000000     
   10.000000000000000        6.3333333333333330        0.0000000000000000     
   10.000000000000000        6.6666666666666661        0.0000000000000000     
   10.000000000000000        7.0000000000000000        0.0000000000000000     
   10.000000000000000        7.3333333333333330        0.0000000000000000     
   10.000000000000000        7.6666666666666661        0.0000000000000000     
   10.000000000000000        8.0000000000000000        0.0000000000000000     
   10.000000000000000        8.3333333333333321        0.0000000000000000     
   10.000000000000000        8.6666666666666661        0.0000000000000000     
   10.000000000000000        9.0000000000000000        0.0000000000000000     
   10.000000000000000        9.3333333333333321        0.0000000000000000     
   10.000000000000000        9.6666666666666661        0.0000000000000000     
   10.000000000000000        10.000000000000000        0.0000000000000000     
 
