   0.0000000000000000        0.0000000000000000        0.0000000000000000     
   0.0000000000000000       0.33333333333333331        0.0000000000000000     
   0.0000000000000000       0.66666666666666663        0.0000000000000000     
   0.0000000000000000        1.0000000000000000        0.0000000000000000     
   0.0000000000000000        1.3333333333333333        0.0000000000000000     
   0.0000000000000000        1.6666666666666665        0.0000000000000000     
   0.0000000000000000        2.0000000000000000        0.0000000000000000     
   0.0000000000000000        2.3333333333333330        0.0000000000000000     
   0.0000000000000000        2.6666666666666665        0.0000000000000000     
   0.0000000000000000        3.0000000000000000        0.0000000000000000     
   0.0000000000000000        3.3333333333333330        0.0000000000000000     
   0.0000000000000000        3.6666666666666665        0.0000000000000000     
   0.0000000000000000        4.0000000000000000        0.0000000000000000     
   0.0000000000000000        4.3333333333333330        0.0000000000000000     
   0.0000000000000000        4.6666666666666661        0.0000000000000000     
   0.0000000000000000        5.0000000000000000        0.0000000000000000     
   0.0000000000000000        5.3333333333333330        0.0000000000000000     
   0.0000000000000000        5.6666666666666661        0.0000000000000000     
   0.0000000000000000        6.0000000000000000        0.0000000000000000     
   0.0000000000000000        6.3333333333333330        0.0000000000000000     
   0.0000000000000000        6.6666666666666661        0.0000000000000000     
   0.0000000000000000        7.0000000000000000        0.0000000000000000     
   0.0000000000000000        7.3333333333333330        0.0000000000000000     
   0.0000000000000000        7.6666666666666661        0.0000000000000000     
   0.0000000000000000        8.0000000000000000        0.0000000000000000     
   0.0000000000000000        8.3333333333333321        0.0000000000000000     
   0.0000000000000000        8.6666666666666661        0.0000000000000000     
   0.0000000000000000        9.0000000000000000        0.0000000000000000     
   0.0000000000000000        9.3333333333333321        0.0000000000000000     
   0.0000000000000000        9.6666666666666661        0.0000000000000000     
   0.0000000000000000        10.000000000000000        0.0000000000000000     
 
  0.33333333333333331        0.0000000000000000        0.0000000000000000     
  0.33333333333333331       0.33333333333333331        2.0266893038048075E-004
  0.33333333333333331       0.66666666666666663        3.4563693546146103E-004
  0.33333333333333331        1.0000000000000000        3.7402223199001580E-004
  0.33333333333333331        1.3333333333333333        8.0336932475197202E-004
  0.33333333333333331        1.6666666666666665        1.1894028471442998E-003
  0.33333333333333331        2.0000000000000000        1.8098287369533192E-003
  0.33333333333333331        2.3333333333333330        2.2312965686103674E-003
  0.33333333333333331        2.6666666666666665        1.9765351184770734E-003
  0.33333333333333331        3.0000000000000000        3.8198796644261768E-003
  0.33333333333333331        3.3333333333333330        4.2104310039284623E-003
  0.33333333333333331        3.6666666666666665        4.1232076440093088E-003
  0.33333333333333331        4.0000000000000000        4.1891201186378246E-003
  0.33333333333333331        4.3333333333333330        4.1828691141314531E-003
  0.33333333333333331        4.6666666666666661        2.6647358562245653E-003
  0.33333333333333331        5.0000000000000000        3.9472368157715395E-003
  0.33333333333333331        5.3333333333333330        9.3496147810924607E-003
  0.33333333333333331        5.6666666666666661        1.1283611393617315E-002
  0.33333333333333331        6.0000000000000000        1.2398933583425899E-002
  0.33333333333333331        6.3333333333333330        1.2787712386886963E-002
  0.33333333333333331        6.6666666666666661        8.8397983183022989E-003
  0.33333333333333331        7.0000000000000000        1.3986478473763947E-002
  0.33333333333333331        7.3333333333333330        6.6881496014391546E-003
  0.33333333333333331        7.6666666666666661        6.2850244629925282E-003
  0.33333333333333331        8.0000000000000000        4.9990641872158488E-003
  0.33333333333333331        8.3333333333333321        3.5288680725897585E-003
  0.33333333333333331        8.6666666666666661        2.8158091667488251E-003
  0.33333333333333331        9.0000000000000000        2.1018600953373150E-003
  0.33333333333333331        9.3333333333333321        1.1808221740785220E-003
  0.33333333333333331        9.6666666666666661        5.1907512634228822E-004
  0.33333333333333331        10.000000000000000        0.0000000000000000     
 
  0.66666666666666663        0.0000000000000000        0.0000000000000000     
  0.66666666666666663       0.33333333333333331        4.7847367670006028E-004
  0.66666666666666663       0.66666666666666663        8.2918554285891187E-004
  0.66666666666666663        1.0000000000000000        1.9597105796539754E-003
  0.66666666666666663        1.3333333333333333        1.7075905104751844E-003
  0.66666666666666663        1.6666666666666665        2.2276458194987027E-003
  0.66666666666666663        2.0000000000000000        3.9399719151356300E-003
  0.66666666666666663        2.3333333333333330        5.2819815334289233E-003
  0.66666666666666663        2.6666666666666665        1.0837003913482506E-002
  0.66666666666666663        3.0000000000000000        9.3128502650918071E-003
  0.66666666666666663        3.3333333333333330        9.1372345590410211E-003
  0.66666666666666663        3.6666666666666665        8.3296955664756457E-003
  0.66666666666666663        4.0000000000000000        8.6892700844439352E-003
  0.66666666666666663        4.3333333333333330        1.0108409276985189E-002
  0.66666666666666663        4.6666666666666661        0.0000000000000000     
  0.66666666666666663        5.0000000000000000        2.4588594409283623E-002
  0.66666666666666663        5.3333333333333330        2.2541635911101428E-002
  0.66666666666666663        5.6666666666666661        2.3794157377586535E-002
  0.66666666666666663        6.0000000000000000        2.5925036407272277E-002
  0.66666666666666663        6.3333333333333330        3.0284086163263776E-002
  0.66666666666666663        6.6666666666666661        5.0167769882949374E-002
  0.66666666666666663        7.0000000000000000        4.0788195444554032E-002
  0.66666666666666663        7.3333333333333330        1.3150300314229585E-002
  0.66666666666666663        7.6666666666666661        1.3686888040409432E-002
  0.66666666666666663        8.0000000000000000        1.0391084045380273E-002
  0.66666666666666663        8.3333333333333321        6.4660569963668870E-003
  0.66666666666666663        8.6666666666666661        5.7782513692424846E-003
  0.66666666666666663        9.0000000000000000        4.5259682716919424E-003
  0.66666666666666663        9.3333333333333321        2.1699807866500586E-003
  0.66666666666666663        9.6666666666666661        9.2606658388422289E-004
  0.66666666666666663        10.000000000000000        0.0000000000000000     
 
   1.0000000000000000        0.0000000000000000        0.0000000000000000     
   1.0000000000000000       0.33333333333333331        9.1237832787778442E-004
   1.0000000000000000       0.66666666666666663        1.7163048740873451E-003
   1.0000000000000000        1.0000000000000000        2.3462071084915199E-003
   1.0000000000000000        1.3333333333333333        1.9597105796539754E-003
   1.0000000000000000        1.6666666666666665        6.5829725389487670E-003
   1.0000000000000000        2.0000000000000000        6.6990646107815055E-003
   1.0000000000000000        2.3333333333333330        1.0003422837481702E-002
   1.0000000000000000        2.6666666666666665        1.2981052269493013E-002
   1.0000000000000000        3.0000000000000000        1.3974944722607423E-002
   1.0000000000000000        3.3333333333333330        1.5189555218778730E-002
   1.0000000000000000        3.6666666666666665        1.1833085731659268E-002
   1.0000000000000000        4.0000000000000000        1.2613446980496391E-002
   1.0000000000000000        4.3333333333333330        1.7996164543766631E-002
   1.0000000000000000        4.6666666666666661        2.6448499926451690E-002
   1.0000000000000000        5.0000000000000000        2.7716602338896064E-002
   1.0000000000000000        5.3333333333333330        3.3329152717348119E-002
   1.0000000000000000        5.6666666666666661        3.6259237091795987E-002
   1.0000000000000000        6.0000000000000000        3.8016130032248775E-002
   1.0000000000000000        6.3333333333333330        5.2941247732926418E-002
   1.0000000000000000        6.6666666666666661        6.0749860513607590E-002
   1.0000000000000000        7.0000000000000000        5.9193922943757249E-002
   1.0000000000000000        7.3333333333333330        4.6548466235940736E-002
   1.0000000000000000        7.6666666666666661        2.5426230025854105E-002
   1.0000000000000000        8.0000000000000000        1.6836396937338349E-002
   1.0000000000000000        8.3333333333333321        1.1891212128331502E-002
   1.0000000000000000        8.6666666666666661        9.6023586847858011E-003
   1.0000000000000000        9.0000000000000000        8.2975219765094033E-003
   1.0000000000000000        9.3333333333333321        1.0069329566289875E-003
   1.0000000000000000        9.6666666666666661        1.0691636987628067E-003
   1.0000000000000000        10.000000000000000        0.0000000000000000     
 
   1.3333333333333333        0.0000000000000000        0.0000000000000000     
   1.3333333333333333       0.33333333333333331        1.5095306297542295E-003
   1.3333333333333333       0.66666666666666663        2.8819244726883491E-003
   1.3333333333333333        1.0000000000000000        3.8975427601972163E-003
   1.3333333333333333        1.3333333333333333        7.6988145545797085E-003
   1.3333333333333333        1.6666666666666665        6.9114516790637912E-003
   1.3333333333333333        2.0000000000000000        1.6461788362464095E-002
   1.3333333333333333        2.3333333333333330        1.5633162130575057E-002
   1.3333333333333333        2.6666666666666665        1.7821392936721917E-002
   1.3333333333333333        3.0000000000000000        1.9144134999129540E-002
   1.3333333333333333        3.3333333333333330        2.6557255040846606E-002
   1.3333333333333333        3.6666666666666665        4.8912708257429688E-002
   1.3333333333333333        4.0000000000000000        3.6763199094872544E-002
   1.3333333333333333        4.3333333333333330        3.2168168098700496E-002
   1.3333333333333333        4.6666666666666661        5.4077160175645976E-002
   1.3333333333333333        5.0000000000000000        5.1521416409026605E-002
   1.3333333333333333        5.3333333333333330        4.8042855841385235E-002
   1.3333333333333333        5.6666666666666661        5.1079508991973568E-002
   1.3333333333333333        6.0000000000000000        9.3183489164246847E-002
   1.3333333333333333        6.3333333333333330        8.3883822032265090E-002
   1.3333333333333333        6.6666666666666661        8.1993212754679842E-002
   1.3333333333333333        7.0000000000000000        7.7319804308668680E-002
   1.3333333333333333        7.3333333333333330        6.8824665393761086E-002
   1.3333333333333333        7.6666666666666661        1.4603018204680811E-002
   1.3333333333333333        8.0000000000000000        1.5350942344374199E-002
   1.3333333333333333        8.3333333333333321        1.4777108923076404E-002
   1.3333333333333333        8.6666666666666661        1.2931285237907795E-002
   1.3333333333333333        9.0000000000000000        1.1196330388311868E-002
   1.3333333333333333        9.3333333333333321        5.1871852457862060E-003
   1.3333333333333333        9.6666666666666661        2.4045677459635702E-003
   1.3333333333333333        10.000000000000000        0.0000000000000000     
 
   1.6666666666666665        0.0000000000000000        0.0000000000000000     
   1.6666666666666665       0.33333333333333331        2.3274861097147019E-003
   1.6666666666666665       0.66666666666666663        4.5649434788393875E-003
   1.6666666666666665        1.0000000000000000        6.6838645919072162E-003
   1.6666666666666665        1.3333333333333333        8.9577552303643643E-003
   1.6666666666666665        1.6666666666666665        1.9083325338102843E-002
   1.6666666666666665        2.0000000000000000        1.8194598299749658E-002
   1.6666666666666665        2.3333333333333330        1.9093903061783598E-002
   1.6666666666666665        2.6666666666666665        2.4435476939738562E-002
   1.6666666666666665        3.0000000000000000        4.9176534290072162E-002
   1.6666666666666665        3.3333333333333330        4.6441420103574910E-002
   1.6666666666666665        3.6666666666666665        5.0785695984168051E-002
   1.6666666666666665        4.0000000000000000        4.2997097019192299E-002
   1.6666666666666665        4.3333333333333330        4.3201856124131785E-002
   1.6666666666666665        4.6666666666666661        5.6216170433562716E-002
   1.6666666666666665        5.0000000000000000        5.6842917900953131E-002
   1.6666666666666665        5.3333333333333330        5.7852078968523214E-002
   1.6666666666666665        5.6666666666666661        7.0431142219517476E-002
   1.6666666666666665        6.0000000000000000       0.10394563968236223     
   1.6666666666666665        6.3333333333333330       0.10879637105720581     
   1.6666666666666665        6.6666666666666661       0.10741534420127093     
   1.6666666666666665        7.0000000000000000       0.10067330485779311     
   1.6666666666666665        7.3333333333333330        8.4007384690625714E-002
   1.6666666666666665        7.6666666666666661        1.3532697210910744E-002
   1.6666666666666665        8.0000000000000000        1.5910276631993271E-002
   1.6666666666666665        8.3333333333333321        1.9619756437612098E-002
   1.6666666666666665        8.6666666666666661        1.6761738156834623E-002
   1.6666666666666665        9.0000000000000000        1.2909714142286170E-002
   1.6666666666666665        9.3333333333333321        8.2332615933353049E-003
   1.6666666666666665        9.6666666666666661        3.4877304736159786E-003
   1.6666666666666665        10.000000000000000        0.0000000000000000     
 
   2.0000000000000000        0.0000000000000000        0.0000000000000000     
   2.0000000000000000       0.33333333333333331        3.3531363083243791E-003
   2.0000000000000000       0.66666666666666663        6.5985799548426895E-003
   2.0000000000000000        1.0000000000000000        9.6605623958611990E-003
   2.0000000000000000        1.3333333333333333        1.2970490441164989E-002
   2.0000000000000000        1.6666666666666665        2.0906747626458163E-002
   2.0000000000000000        2.0000000000000000        1.9083325338102843E-002
   2.0000000000000000        2.3333333333333330        3.5996826062335160E-002
   2.0000000000000000        2.6666666666666665        3.7522066967903597E-002
   2.0000000000000000        3.0000000000000000        5.3604554564198686E-002
   2.0000000000000000        3.3333333333333330        6.0851383200013688E-002
   2.0000000000000000        3.6666666666666665        6.6581238431256726E-002
   2.0000000000000000        4.0000000000000000       0.10566342272268242     
   2.0000000000000000        4.3333333333333330       0.10050441780304172     
   2.0000000000000000        4.6666666666666661        7.2776336830064403E-002
   2.0000000000000000        5.0000000000000000        6.3750039955240131E-002
   2.0000000000000000        5.3333333333333330        0.0000000000000000     
   2.0000000000000000        5.6666666666666661       0.18984295174111801     
   2.0000000000000000        6.0000000000000000       0.14472553406024127     
   2.0000000000000000        6.3333333333333330       0.14125158727560000     
   2.0000000000000000        6.6666666666666661       0.13952112356871324     
   2.0000000000000000        7.0000000000000000       0.13532531444911358     
   2.0000000000000000        7.3333333333333330        1.1150921382254460E-002
   2.0000000000000000        7.6666666666666661        1.1944824335426560E-002
   2.0000000000000000        8.0000000000000000        4.8262956913452497E-002
   2.0000000000000000        8.3333333333333321        3.1809834446218058E-002
   2.0000000000000000        8.6666666666666661        2.2289277390348142E-002
   2.0000000000000000        9.0000000000000000        1.6031584664799727E-002
   2.0000000000000000        9.3333333333333321        1.1740140313815733E-002
   2.0000000000000000        9.6666666666666661        2.3691748371202676E-003
   2.0000000000000000        10.000000000000000        0.0000000000000000     
 
   2.3333333333333330        0.0000000000000000        0.0000000000000000     
   2.3333333333333330       0.33333333333333331        4.6383487835679055E-003
   2.3333333333333330       0.66666666666666663        9.1146066261223232E-003
   2.3333333333333330        1.0000000000000000        1.2831480715900054E-002
   2.3333333333333330        1.3333333333333333        3.2747310577998658E-002
   2.3333333333333330        1.6666666666666665        3.3391460836727893E-002
   2.3333333333333330        2.0000000000000000        6.3498289776957609E-002
   2.3333333333333330        2.3333333333333330        7.5908151842705579E-002
   2.3333333333333330        2.6666666666666665        7.5338312850754582E-002
   2.3333333333333330        3.0000000000000000        6.8566018024436112E-002
   2.3333333333333330        3.3333333333333330        7.8535638032528804E-002
   2.3333333333333330        3.6666666666666665        8.9941121298408852E-002
   2.3333333333333330        4.0000000000000000       0.10795933352447551     
   2.3333333333333330        4.3333333333333330       0.13036132965601549     
   2.3333333333333330        4.6666666666666661       0.21900686768473188     
   2.3333333333333330        5.0000000000000000       0.25036483562404666     
   2.3333333333333330        5.3333333333333330       0.25205003884317639     
   2.3333333333333330        5.6666666666666661       0.23499278471161911     
   2.3333333333333330        6.0000000000000000       0.20299531536420923     
   2.3333333333333330        6.3333333333333330       0.17294229683998633     
   2.3333333333333330        6.6666666666666661       0.17508873998123181     
   2.3333333333333330        7.0000000000000000       0.16686013236094471     
   2.3333333333333330        7.3333333333333330       0.18343318633627478     
   2.3333333333333330        7.6666666666666661       0.11210147597920558     
   2.3333333333333330        8.0000000000000000        6.5761922482849428E-002
   2.3333333333333330        8.3333333333333321        3.7989584975764275E-002
   2.3333333333333330        8.6666666666666661        2.5357620935738172E-002
   2.3333333333333330        9.0000000000000000        1.7854484721306432E-002
   2.3333333333333330        9.3333333333333321        1.1484723742098612E-002
   2.3333333333333330        9.6666666666666661        4.8512894523220825E-003
   2.3333333333333330        10.000000000000000        0.0000000000000000     
 
   2.6666666666666665        0.0000000000000000        0.0000000000000000     
   2.6666666666666665       0.33333333333333331        6.2713319344695493E-003
   2.6666666666666665       0.66666666666666663        1.2749599500997159E-002
   2.6666666666666665        1.0000000000000000        2.0216092592263830E-002
   2.6666666666666665        1.3333333333333333        3.3187059964313981E-002
   2.6666666666666665        1.6666666666666665        4.7613869176526220E-002
   2.6666666666666665        2.0000000000000000        6.5075058316801979E-002
   2.6666666666666665        2.3333333333333330        7.7593404411654091E-002
   2.6666666666666665        2.6666666666666665        8.3849198193538241E-002
   2.6666666666666665        3.0000000000000000       0.10429672107791939     
   2.6666666666666665        3.3333333333333330        9.6572871189169116E-002
   2.6666666666666665        3.6666666666666665       0.10853081528592085     
   2.6666666666666665        4.0000000000000000       0.18290060782926906     
   2.6666666666666665        4.3333333333333330       0.18454526786619110     
   2.6666666666666665        4.6666666666666661       0.21980539309126221     
   2.6666666666666665        5.0000000000000000       0.24988023035727061     
   2.6666666666666665        5.3333333333333330       0.26774288995494622     
   2.6666666666666665        5.6666666666666661       0.26206154511644053     
   2.6666666666666665        6.0000000000000000       0.23297739638256657     
   2.6666666666666665        6.3333333333333330       0.25212308827154672     
   2.6666666666666665        6.6666666666666661       0.22139842455858919     
   2.6666666666666665        7.0000000000000000       0.19078976004338224     
   2.6666666666666665        7.3333333333333330       0.18427862940019407     
   2.6666666666666665        7.6666666666666661       0.15947421207858656     
   2.6666666666666665        8.0000000000000000        2.8932017275338291E-002
   2.6666666666666665        8.3333333333333321        3.0022446299362442E-002
   2.6666666666666665        8.6666666666666661        2.4173464529634148E-002
   2.6666666666666665        9.0000000000000000        1.9263881781526462E-002
   2.6666666666666665        9.3333333333333321        1.1998081469255885E-002
   2.6666666666666665        9.6666666666666661        5.7722894495873039E-003
   2.6666666666666665        10.000000000000000        0.0000000000000000     
 
   3.0000000000000000        0.0000000000000000        0.0000000000000000     
   3.0000000000000000       0.33333333333333331        7.9205049807967061E-003
   3.0000000000000000       0.66666666666666663        1.5837399851193160E-002
   3.0000000000000000        1.0000000000000000        2.2762852921171865E-002
   3.0000000000000000        1.3333333333333333        5.5204741025475103E-002
   3.0000000000000000        1.6666666666666665        6.0039977430867156E-002
   3.0000000000000000        2.0000000000000000        7.3055870381285443E-002
   3.0000000000000000        2.3333333333333330        8.7093030674657818E-002
   3.0000000000000000        2.6666666666666665       0.10018621175139635     
   3.0000000000000000        3.0000000000000000       0.11350966235042546     
   3.0000000000000000        3.3333333333333330       0.14910216387654812     
   3.0000000000000000        3.6666666666666665       0.14058597329729172     
   3.0000000000000000        4.0000000000000000       0.20513889129478083     
   3.0000000000000000        4.3333333333333330       0.20643977020675830     
   3.0000000000000000        4.6666666666666661       0.22626650076849614     
   3.0000000000000000        5.0000000000000000       0.26085514438148227     
   3.0000000000000000        5.3333333333333330       0.30508036375023179     
   3.0000000000000000        5.6666666666666661       0.31059386499693292     
   3.0000000000000000        6.0000000000000000       0.32111792149897483     
   3.0000000000000000        6.3333333333333330       0.28097683233526399     
   3.0000000000000000        6.6666666666666661       0.26668726151194400     
   3.0000000000000000        7.0000000000000000       0.22655009865910747     
   3.0000000000000000        7.3333333333333330       0.20394381317506094     
   3.0000000000000000        7.6666666666666661       0.18283238039040314     
   3.0000000000000000        8.0000000000000000       0.15072520793330052     
   3.0000000000000000        8.3333333333333321        2.1948562961612531E-002
   3.0000000000000000        8.6666666666666661        2.2984832670410422E-002
   3.0000000000000000        9.0000000000000000        2.3822913257428930E-002
   3.0000000000000000        9.3333333333333321        1.1974965815436934E-002
   3.0000000000000000        9.6666666666666661        6.4957648567996540E-003
   3.0000000000000000        10.000000000000000        0.0000000000000000     
 
   3.3333333333333330        0.0000000000000000        0.0000000000000000     
   3.3333333333333330       0.33333333333333331        9.8272781618370386E-003
   3.3333333333333330       0.66666666666666663        2.0407666865065854E-002
   3.3333333333333330        1.0000000000000000        3.2910476463072609E-002
   3.3333333333333330        1.3333333333333333        5.1628851229270509E-002
   3.3333333333333330        1.6666666666666665        6.5583353605501368E-002
   3.3333333333333330        2.0000000000000000        8.1380986536025629E-002
   3.3333333333333330        2.3333333333333330        9.8898181862651660E-002
   3.3333333333333330        2.6666666666666665       0.11758018912567873     
   3.3333333333333330        3.0000000000000000       0.13722795207614516     
   3.3333333333333330        3.3333333333333330       0.15830099033335110     
   3.3333333333333330        3.6666666666666665       0.16500417485270868     
   3.3333333333333330        4.0000000000000000       0.20955732991287307     
   3.3333333333333330        4.3333333333333330       0.21077289237170990     
   3.3333333333333330        4.6666666666666661       0.21821396155051434     
   3.3333333333333330        5.0000000000000000       0.41370478003803018     
   3.3333333333333330        5.3333333333333330       0.37742829869891037     
   3.3333333333333330        5.6666666666666661       0.36055172389669582     
   3.3333333333333330        6.0000000000000000       0.35651455438185831     
   3.3333333333333330        6.3333333333333330       0.32914894114055687     
   3.3333333333333330        6.6666666666666661       0.29519850527398261     
   3.3333333333333330        7.0000000000000000       0.24848969589444214     
   3.3333333333333330        7.3333333333333330       0.22213138062686422     
   3.3333333333333330        7.6666666666666661       0.18562257218890801     
   3.3333333333333330        8.0000000000000000       0.15244829747031885     
   3.3333333333333330        8.3333333333333321        8.4947980655845273E-002
   3.3333333333333330        8.6666666666666661        4.2022183089110272E-002
   3.3333333333333330        9.0000000000000000        3.0170612362254375E-002
   3.3333333333333330        9.3333333333333321        1.7920517735939421E-002
   3.3333333333333330        9.6666666666666661        8.4994837452524851E-003
   3.3333333333333330        10.000000000000000        0.0000000000000000     
 
   3.6666666666666665        0.0000000000000000        0.0000000000000000     
   3.6666666666666665       0.33333333333333331        1.1267300512985363E-002
   3.6666666666666665       0.66666666666666663        2.3618641248206278E-002
   3.6666666666666665        1.0000000000000000        3.7667895830486672E-002
   3.6666666666666665        1.3333333333333333        5.3938518550306042E-002
   3.6666666666666665        1.6666666666666665        7.0508934591392361E-002
   3.6666666666666665        2.0000000000000000        8.9209351482624502E-002
   3.6666666666666665        2.3333333333333330       0.11064847777418051     
   3.6666666666666665        2.6666666666666665       0.13490397766818529     
   3.6666666666666665        3.0000000000000000       0.16014288787401518     
   3.6666666666666665        3.3333333333333330       0.18219447424661991     
   3.6666666666666665        3.6666666666666665       0.19641188943595406     
   3.6666666666666665        4.0000000000000000       0.20876359004332914     
   3.6666666666666665        4.3333333333333330       0.20955732991287307     
   3.6666666666666665        4.6666666666666661       0.47424311697047977     
   3.6666666666666665        5.0000000000000000       0.44057769148229253     
   3.6666666666666665        5.3333333333333330       0.42286390195787876     
   3.6666666666666665        5.6666666666666661       0.39103808219206160     
   3.6666666666666665        6.0000000000000000       0.38140962894777225     
   3.6666666666666665        6.3333333333333330       0.35787830235502677     
   3.6666666666666665        6.6666666666666661       0.33278915007998178     
   3.6666666666666665        7.0000000000000000       0.27599827404907745     
   3.6666666666666665        7.3333333333333330       0.24986864957482527     
   3.6666666666666665        7.6666666666666661       0.12045299962519766     
   3.6666666666666665        8.0000000000000000       0.12241305617438818     
   3.6666666666666665        8.3333333333333321        8.6914750858959874E-002
   3.6666666666666665        8.6666666666666661        5.5146254316524194E-002
   3.6666666666666665        9.0000000000000000        3.7930897942027468E-002
   3.6666666666666665        9.3333333333333321        2.1677000734777498E-002
   3.6666666666666665        9.6666666666666661        9.8986253702550830E-003
   3.6666666666666665        10.000000000000000        0.0000000000000000     
 
   4.0000000000000000        0.0000000000000000        0.0000000000000000     
   4.0000000000000000       0.33333333333333331        1.1932162114637126E-002
   4.0000000000000000       0.66666666666666663        2.5741888213808611E-002
   4.0000000000000000        1.0000000000000000        4.1083541052641497E-002
   4.0000000000000000        1.3333333333333333        5.7033326896766094E-002
   4.0000000000000000        1.6666666666666665        7.4454690315502933E-002
   4.0000000000000000        2.0000000000000000        9.5366538553388183E-002
   4.0000000000000000        2.3333333333333330       0.12040939551420377     
   4.0000000000000000        2.6666666666666665       0.15166924786505015     
   4.0000000000000000        3.0000000000000000       0.18618852921720691     
   4.0000000000000000        3.3333333333333330       0.21348239588949461     
   4.0000000000000000        3.6666666666666665       0.22918599529975614     
   4.0000000000000000        4.0000000000000000       0.21943511852451983     
   4.0000000000000000        4.3333333333333330       0.50191275278181924     
   4.0000000000000000        4.6666666666666661       0.49510781365533735     
   4.0000000000000000        5.0000000000000000       0.49467266385875241     
   4.0000000000000000        5.3333333333333330       0.47234240547524842     
   4.0000000000000000        5.6666666666666661       0.44335862496345912     
   4.0000000000000000        6.0000000000000000       0.41234865665376225     
   4.0000000000000000        6.3333333333333330       0.38147228833053720     
   4.0000000000000000        6.6666666666666661       0.33983384669175054     
   4.0000000000000000        7.0000000000000000       0.29933505350347761     
   4.0000000000000000        7.3333333333333330       0.20751280819633300     
   4.0000000000000000        7.6666666666666661       0.14476124209771890     
   4.0000000000000000        8.0000000000000000       0.13153225041959038     
   4.0000000000000000        8.3333333333333321        9.4779742251221807E-002
   4.0000000000000000        8.6666666666666661        5.5206414988356080E-002
   4.0000000000000000        9.0000000000000000        4.5850505025453167E-002
   4.0000000000000000        9.3333333333333321        1.7415463149382332E-002
   4.0000000000000000        9.6666666666666661        9.7615618050761310E-003
   4.0000000000000000        10.000000000000000        0.0000000000000000     
 
   4.3333333333333330        0.0000000000000000        0.0000000000000000     
   4.3333333333333330       0.33333333333333331        1.1035936060608599E-002
   4.3333333333333330       0.66666666666666663        2.6976269651123028E-002
   4.3333333333333330        1.0000000000000000        4.4818446548248791E-002
   4.3333333333333330        1.3333333333333333        5.9750216993309672E-002
   4.3333333333333330        1.6666666666666665        7.6020289648823874E-002
   4.3333333333333330        2.0000000000000000        9.8337824512410618E-002
   4.3333333333333330        2.3333333333333330       0.12452799353158715     
   4.3333333333333330        2.6666666666666665       0.16507956590954254     
   4.3333333333333330        3.0000000000000000       0.21850299950124116     
   4.3333333333333330        3.3333333333333330       0.25471124065766576     
   4.3333333333333330        3.6666666666666665       0.28552379091133145     
   4.3333333333333330        4.0000000000000000       0.47958552080898220     
   4.3333333333333330        4.3333333333333330       0.49411916670999662     
   4.3333333333333330        4.6666666666666661       0.51055329508004155     
   4.3333333333333330        5.0000000000000000       0.50253089555630659     
   4.3333333333333330        5.3333333333333330       0.48639115489295176     
   4.3333333333333330        5.6666666666666661       0.46287374597499886     
   4.3333333333333330        6.0000000000000000       0.43344424992821029     
   4.3333333333333330        6.3333333333333330       0.40778115180762997     
   4.3333333333333330        6.6666666666666661       0.32461982351633545     
   4.3333333333333330        7.0000000000000000       0.27809869322647857     
   4.3333333333333330        7.3333333333333330       0.20682462393206322     
   4.3333333333333330        7.6666666666666661       0.15908248247632278     
   4.3333333333333330        8.0000000000000000       0.12881859565449544     
   4.3333333333333330        8.3333333333333321        9.6377049205137469E-002
   4.3333333333333330        8.6666666666666661        6.5905721813874191E-002
   4.3333333333333330        9.0000000000000000        4.5644205620703267E-002
   4.3333333333333330        9.3333333333333321        2.5600098751499212E-002
   4.3333333333333330        9.6666666666666661        1.2046083849404830E-002
   4.3333333333333330        10.000000000000000        0.0000000000000000     
 
   4.6666666666666661        0.0000000000000000        0.0000000000000000     
   4.6666666666666661       0.33333333333333331        5.5252064851384654E-003
   4.6666666666666661       0.66666666666666663        5.1142456187753330E-002
   4.6666666666666661        1.0000000000000000        5.2479345631081066E-002
   4.6666666666666661        1.3333333333333333        6.2280631930790635E-002
   4.6666666666666661        1.6666666666666665        7.2674034732912410E-002
   4.6666666666666661        2.0000000000000000       0.10766645461755156     
   4.6666666666666661        2.3333333333333330       0.11477962102684176     
   4.6666666666666661        2.6666666666666665       0.26953005839933969     
   4.6666666666666661        3.0000000000000000       0.26592035730540159     
   4.6666666666666661        3.3333333333333330       0.29796332128573577     
   4.6666666666666661        3.6666666666666665       0.36811851047617161     
   4.6666666666666661        4.0000000000000000       0.45137688206277016     
   4.6666666666666661        4.3333333333333330       0.48650235875743869     
   4.6666666666666661        4.6666666666666661       0.50313335930991332     
   4.6666666666666661        5.0000000000000000       0.50354309207559800     
   4.6666666666666661        5.3333333333333330       0.49380901877163502     
   4.6666666666666661        5.6666666666666661       0.47563657756059080     
   4.6666666666666661        6.0000000000000000       0.43978781896347557     
   4.6666666666666661        6.3333333333333330       0.39885668791135653     
   4.6666666666666661        6.6666666666666661       0.36552376081689109     
   4.6666666666666661        7.0000000000000000       0.18146288323642967     
   4.6666666666666661        7.3333333333333330       0.18174459809395513     
   4.6666666666666661        7.6666666666666661       0.15648464760097963     
   4.6666666666666661        8.0000000000000000       0.12944712097373989     
   4.6666666666666661        8.3333333333333321        9.7406537756543690E-002
   4.6666666666666661        8.6666666666666661        6.7726879396152809E-002
   4.6666666666666661        9.0000000000000000        4.6339254189108961E-002
   4.6666666666666661        9.3333333333333321        2.8000172052717601E-002
   4.6666666666666661        9.6666666666666661        1.3180331630116424E-002
   4.6666666666666661        10.000000000000000        0.0000000000000000     
 
   5.0000000000000000        0.0000000000000000        0.0000000000000000     
   5.0000000000000000       0.33333333333333331        5.6927994160192140E-003
   5.0000000000000000       0.66666666666666663        4.3532058291301461E-002
   5.0000000000000000        1.0000000000000000        5.2904651584102957E-002
   5.0000000000000000        1.3333333333333333        6.5473725296762417E-002
   5.0000000000000000        1.6666666666666665        8.0978162111417326E-002
   5.0000000000000000        2.0000000000000000       0.10165737377037841     
   5.0000000000000000        2.3333333333333330       0.11305478361263310     
   5.0000000000000000        2.6666666666666665       0.27761225978227239     
   5.0000000000000000        3.0000000000000000       0.27406415853893956     
   5.0000000000000000        3.3333333333333330       0.44074078595831662     
   5.0000000000000000        3.6666666666666665       0.42931400584609020     
   5.0000000000000000        4.0000000000000000       0.45905138855068872     
   5.0000000000000000        4.3333333333333330       0.48337301785559389     
   5.0000000000000000        4.6666666666666661       0.49697541055613803     
   5.0000000000000000        5.0000000000000000       0.49969368856127566     
   5.0000000000000000        5.3333333333333330       0.49519943962743607     
   5.0000000000000000        5.6666666666666661       0.49263096288017055     
   5.0000000000000000        6.0000000000000000       0.37557278441293407     
   5.0000000000000000        6.3333333333333330       0.37310286863181563     
   5.0000000000000000        6.6666666666666661       0.28935227754109982     
   5.0000000000000000        7.0000000000000000       0.20449907911145906     
   5.0000000000000000        7.3333333333333330       0.18226283218736514     
   5.0000000000000000        7.6666666666666661       0.15629952102046379     
   5.0000000000000000        8.0000000000000000       0.13616709276650796     
   5.0000000000000000        8.3333333333333321        7.3214346384968432E-002
   5.0000000000000000        8.6666666666666661        6.2578167691466943E-002
   5.0000000000000000        9.0000000000000000        4.5090343004966393E-002
   5.0000000000000000        9.3333333333333321        2.7635975226822845E-002
   5.0000000000000000        9.6666666666666661        1.3057430110606250E-002
   5.0000000000000000        10.000000000000000        0.0000000000000000     
 
   5.3333333333333330        0.0000000000000000        0.0000000000000000     
   5.3333333333333330       0.33333333333333331        1.1710957622122617E-002
   5.3333333333333330       0.66666666666666663        3.5238342772120020E-002
   5.3333333333333330        1.0000000000000000        5.1335868693345901E-002
   5.3333333333333330        1.3333333333333333        6.6995648188194881E-002
   5.3333333333333330        1.6666666666666665        8.5359641622175228E-002
   5.3333333333333330        2.0000000000000000       0.10606669629364580     
   5.3333333333333330        2.3333333333333330       0.12370585723595219     
   5.3333333333333330        2.6666666666666665       0.24883269872984004     
   5.3333333333333330        3.0000000000000000       0.27504551869202998     
   5.3333333333333330        3.3333333333333330       0.42218854448320647     
   5.3333333333333330        3.6666666666666665       0.43845687402257100     
   5.3333333333333330        4.0000000000000000       0.45976008629041099     
   5.3333333333333330        4.3333333333333330       0.47728728732851511     
   5.3333333333333330        4.6666666666666661       0.48721941082871834     
   5.3333333333333330        5.0000000000000000       0.48834531053169611     
   5.3333333333333330        5.3333333333333330       0.48014272562547361     
   5.3333333333333330        5.6666666666666661       0.38982551788711378     
   5.3333333333333330        6.0000000000000000       0.37003778730032066     
   5.3333333333333330        6.3333333333333330       0.33694610900138960     
   5.3333333333333330        6.6666666666666661       0.28541230826306963     
   5.3333333333333330        7.0000000000000000       0.22599891132481698     
   5.3333333333333330        7.3333333333333330       0.18647768901778711     
   5.3333333333333330        7.6666666666666661       0.15091001169825510     
   5.3333333333333330        8.0000000000000000       0.12376987316533584     
   5.3333333333333330        8.3333333333333321        8.5353822539499177E-002
   5.3333333333333330        8.6666666666666661        6.5660845031360909E-002
   5.3333333333333330        9.0000000000000000        4.4927055601565138E-002
   5.3333333333333330        9.3333333333333321        2.5158436326821295E-002
   5.3333333333333330        9.6666666666666661        1.1798997491152463E-002
   5.3333333333333330        10.000000000000000        0.0000000000000000     
 
   5.6666666666666661        0.0000000000000000        0.0000000000000000     
   5.6666666666666661       0.33333333333333331        6.2205455965456515E-003
   5.6666666666666661       0.66666666666666663        1.5192872194564758E-002
   5.6666666666666661        1.0000000000000000        4.6674344122192714E-002
   5.6666666666666661        1.3333333333333333        6.7037497853473058E-002
   5.6666666666666661        1.6666666666666665        8.8608885878006804E-002
   5.6666666666666661        2.0000000000000000       0.11459852911750730     
   5.6666666666666661        2.3333333333333330       0.15272485370320016     
   5.6666666666666661        2.6666666666666665       0.21986699070114779     
   5.6666666666666661        3.0000000000000000       0.29852964887679756     
   5.6666666666666661        3.3333333333333330       0.39588814561237201     
   5.6666666666666661        3.6666666666666665       0.43161895120077937     
   5.6666666666666661        4.0000000000000000       0.45216019572959915     
   5.6666666666666661        4.3333333333333330       0.46571379014569192     
   5.6666666666666661        4.6666666666666661       0.47252990382502130     
   5.6666666666666661        5.0000000000000000       0.47237260207738935     
   5.6666666666666661        5.3333333333333330       0.44328378243231986     
   5.6666666666666661        5.6666666666666661       0.40085537301726748     
   5.6666666666666661        6.0000000000000000       0.31559741662715007     
   5.6666666666666661        6.3333333333333330       0.31297887450839540     
   5.6666666666666661        6.6666666666666661       0.23140399269153755     
   5.6666666666666661        7.0000000000000000       0.18177206634366652     
   5.6666666666666661        7.3333333333333330       0.14105863532779084     
   5.6666666666666661        7.6666666666666661       0.13777119972629667     
   5.6666666666666661        8.0000000000000000        8.6575960015351158E-002
   5.6666666666666661        8.3333333333333321        8.0244828483015535E-002
   5.6666666666666661        8.6666666666666661        7.1224387950727067E-002
   5.6666666666666661        9.0000000000000000        1.6369935204289573E-002
   5.6666666666666661        9.3333333333333321        1.6998081513113855E-002
   5.6666666666666661        9.6666666666666661        9.3468521442183778E-003
   5.6666666666666661        10.000000000000000        0.0000000000000000     
 
   6.0000000000000000        0.0000000000000000        0.0000000000000000     
   6.0000000000000000       0.33333333333333331        7.1354419308788056E-003
   6.0000000000000000       0.66666666666666663        1.5716056375847560E-002
   6.0000000000000000        1.0000000000000000        2.7295735611179754E-002
   6.0000000000000000        1.3333333333333333        0.0000000000000000     
   6.0000000000000000        1.6666666666666665       0.11021870264219580     
   6.0000000000000000        2.0000000000000000       0.11197895684279001     
   6.0000000000000000        2.3333333333333330       0.15718457451030324     
   6.0000000000000000        2.6666666666666665       0.17751766134149513     
   6.0000000000000000        3.0000000000000000       0.43231047830093711     
   6.0000000000000000        3.3333333333333330       0.42247285172082366     
   6.0000000000000000        3.6666666666666665       0.42965747540135979     
   6.0000000000000000        4.0000000000000000       0.44019173761415276     
   6.0000000000000000        4.3333333333333330       0.44872114587046941     
   6.0000000000000000        4.6666666666666661       0.45212930918301947     
   6.0000000000000000        5.0000000000000000       0.41169921020095512     
   6.0000000000000000        5.3333333333333330       0.40822664029210115     
   6.0000000000000000        5.6666666666666661       0.36008020922831174     
   6.0000000000000000        6.0000000000000000       0.31294555164124910     
   6.0000000000000000        6.3333333333333330       0.28120783336040045     
   6.0000000000000000        6.6666666666666661       0.22956745018629207     
   6.0000000000000000        7.0000000000000000       0.18163702505045731     
   6.0000000000000000        7.3333333333333330       0.14532799267713348     
   6.0000000000000000        7.6666666666666661       0.12237248180824924     
   6.0000000000000000        8.0000000000000000        9.4626724246757846E-002
   6.0000000000000000        8.3333333333333321        7.9494948551381811E-002
   6.0000000000000000        8.6666666666666661        6.9406716803046012E-002
   6.0000000000000000        9.0000000000000000        2.5503538916435885E-002
   6.0000000000000000        9.3333333333333321        1.7707078073330072E-002
   6.0000000000000000        9.6666666666666661        8.9177068865774201E-003
   6.0000000000000000        10.000000000000000        0.0000000000000000     
 
   6.3333333333333330        0.0000000000000000        0.0000000000000000     
   6.3333333333333330       0.33333333333333331        6.8381086365323189E-003
   6.3333333333333330       0.66666666666666663        1.3730620097112697E-002
   6.3333333333333330        1.0000000000000000        2.0209456950724587E-002
   6.3333333333333330        1.3333333333333333        6.1002833633121999E-002
   6.3333333333333330        1.6666666666666665        9.7929506149904380E-002
   6.3333333333333330        2.0000000000000000       0.11267995584069926     
   6.3333333333333330        2.3333333333333330       0.13762056720737442     
   6.3333333333333330        2.6666666666666665       0.15550630197396537     
   6.3333333333333330        3.0000000000000000       0.17503925473077683     
   6.3333333333333330        3.3333333333333330       0.42341954481251937     
   6.3333333333333330        3.6666666666666665       0.41452512502044503     
   6.3333333333333330        4.0000000000000000       0.41983864570251689     
   6.3333333333333330        4.3333333333333330       0.42591449329568615     
   6.3333333333333330        4.6666666666666661       0.42389357781306025     
   6.3333333333333330        5.0000000000000000       0.40569813013629508     
   6.3333333333333330        5.3333333333333330       0.30907520948569145     
   6.3333333333333330        5.6666666666666661       0.31088503922515254     
   6.3333333333333330        6.0000000000000000       0.28965606100840596     
   6.3333333333333330        6.3333333333333330       0.26541805725232015     
   6.3333333333333330        6.6666666666666661       0.22209580335484705     
   6.3333333333333330        7.0000000000000000       0.16958503596777083     
   6.3333333333333330        7.3333333333333330       0.13698554890968506     
   6.3333333333333330        7.6666666666666661       0.11298916471414627     
   6.3333333333333330        8.0000000000000000        9.1663977418550077E-002
   6.3333333333333330        8.3333333333333321        7.5385872370176382E-002
   6.3333333333333330        8.6666666666666661        5.9159068384840072E-002
   6.3333333333333330        9.0000000000000000        3.4191649935130408E-002
   6.3333333333333330        9.3333333333333321        2.0047847907260483E-002
   6.3333333333333330        9.6666666666666661        8.9480728534924014E-003
   6.3333333333333330        10.000000000000000        0.0000000000000000     
 
   6.6666666666666661        0.0000000000000000        0.0000000000000000     
   6.6666666666666661       0.33333333333333331        6.7276513633750985E-003
   6.6666666666666661       0.66666666666666663        1.2618709906784507E-002
   6.6666666666666661        1.0000000000000000        4.9433989946087435E-002
   6.6666666666666661        1.3333333333333333        6.3039465533978697E-002
   6.6666666666666661        1.6666666666666665        8.5152616096028991E-002
   6.6666666666666661        2.0000000000000000       0.10493731891432417     
   6.6666666666666661        2.3333333333333330       0.12644557496510520     
   6.6666666666666661        2.6666666666666665       0.15231724491652149     
   6.6666666666666661        3.0000000000000000       0.17625947447021648     
   6.6666666666666661        3.3333333333333330       0.31842245847923306     
   6.6666666666666661        3.6666666666666665       0.37647774356072305     
   6.6666666666666661        4.0000000000000000       0.38965070140338476     
   6.6666666666666661        4.3333333333333330       0.40168946826621560     
   6.6666666666666661        4.6666666666666661       0.40220337199175171     
   6.6666666666666661        5.0000000000000000       0.37255487226138601     
   6.6666666666666661        5.3333333333333330       0.30234000918715304     
   6.6666666666666661        5.6666666666666661       0.27960644009555569     
   6.6666666666666661        6.0000000000000000       0.26513517148108234     
   6.6666666666666661        6.3333333333333330       0.16516672995365536     
   6.6666666666666661        6.6666666666666661       0.13720042680386924     
   6.6666666666666661        7.0000000000000000       0.13761679596857793     
   6.6666666666666661        7.3333333333333330       0.12091997045528809     
   6.6666666666666661        7.6666666666666661       0.10228373054787063     
   6.6666666666666661        8.0000000000000000        8.5257401422593027E-002
   6.6666666666666661        8.3333333333333321        7.2877571629465288E-002
   6.6666666666666661        8.6666666666666661        3.6434265015866142E-002
   6.6666666666666661        9.0000000000000000        3.3145055420362904E-002
   6.6666666666666661        9.3333333333333321        1.2847355798015317E-002
   6.6666666666666661        9.6666666666666661        7.1651824946384075E-003
   6.6666666666666661        10.000000000000000        0.0000000000000000     
 
   7.0000000000000000        0.0000000000000000        0.0000000000000000     
   7.0000000000000000       0.33333333333333331        7.7115307746689604E-003
   7.0000000000000000       0.66666666666666663        1.7869011521523464E-002
   7.0000000000000000        1.0000000000000000        3.7479709964313872E-002
   7.0000000000000000        1.3333333333333333        5.8478221583024390E-002
   7.0000000000000000        1.6666666666666665        7.6721713770314712E-002
   7.0000000000000000        2.0000000000000000        9.7393930976878776E-002
   7.0000000000000000        2.3333333333333330       0.11258338493046227     
   7.0000000000000000        2.6666666666666665       0.17700295930004020     
   7.0000000000000000        3.0000000000000000       0.20235372368108509     
   7.0000000000000000        3.3333333333333330       0.25608018249955766     
   7.0000000000000000        3.6666666666666665       0.31829608402783782     
   7.0000000000000000        4.0000000000000000       0.35316863380888386     
   7.0000000000000000        4.3333333333333330       0.38086914040825415     
   7.0000000000000000        4.6666666666666661       0.15343367680108566     
   7.0000000000000000        5.0000000000000000       0.22044099599569403     
   7.0000000000000000        5.3333333333333330       0.24348211477977882     
   7.0000000000000000        5.6666666666666661       0.23626336410031520     
   7.0000000000000000        6.0000000000000000       0.22289754952735147     
   7.0000000000000000        6.3333333333333330       0.16560249180470435     
   7.0000000000000000        6.6666666666666661       0.13789481091803329     
   7.0000000000000000        7.0000000000000000       0.12373185599424223     
   7.0000000000000000        7.3333333333333330       0.10805907803286333     
   7.0000000000000000        7.6666666666666661        9.1484076406554538E-002
   7.0000000000000000        8.0000000000000000        7.5853570132285691E-002
   7.0000000000000000        8.3333333333333321        5.9656855764083382E-002
   7.0000000000000000        8.6666666666666661        4.1017961973511180E-002
   7.0000000000000000        9.0000000000000000        2.9990573814228802E-002
   7.0000000000000000        9.3333333333333321        1.9075912320784941E-002
   7.0000000000000000        9.6666666666666661        2.6917728937698071E-003
   7.0000000000000000        10.000000000000000        0.0000000000000000     
 
   7.3333333333333330        0.0000000000000000        0.0000000000000000     
   7.3333333333333330       0.33333333333333331        6.5538481222480755E-003
   7.3333333333333330       0.66666666666666663        1.4335447187481381E-002
   7.3333333333333330        1.0000000000000000        2.5428237274524489E-002
   7.3333333333333330        1.3333333333333333        6.2134955572608182E-002
   7.3333333333333330        1.6666666666666665        6.7962685583665181E-002
   7.3333333333333330        2.0000000000000000        9.9211015055508056E-002
   7.3333333333333330        2.3333333333333330       0.11588725609426556     
   7.3333333333333330        2.6666666666666665       0.15243742393077681     
   7.3333333333333330        3.0000000000000000       0.20012781308684743     
   7.3333333333333330        3.3333333333333330       0.24566530684567489     
   7.3333333333333330        3.6666666666666665       0.27944864578393885     
   7.3333333333333330        4.0000000000000000       0.31829608402783782     
   7.3333333333333330        4.3333333333333330       0.15343367680108566     
   7.3333333333333330        4.6666666666666661       0.15446625444376183     
   7.3333333333333330        5.0000000000000000       0.19599895605877762     
   7.3333333333333330        5.3333333333333330       0.21253622833593694     
   7.3333333333333330        5.6666666666666661       0.19689776356013483     
   7.3333333333333330        6.0000000000000000       0.13007374453125306     
   7.3333333333333330        6.3333333333333330       0.13671906278473986     
   7.3333333333333330        6.6666666666666661       0.12611551672640445     
   7.3333333333333330        7.0000000000000000       0.11269498442387973     
   7.3333333333333330        7.3333333333333330        9.7624025409067353E-002
   7.3333333333333330        7.6666666666666661        8.1373463947435790E-002
   7.3333333333333330        8.0000000000000000        6.8673458567649281E-002
   7.3333333333333330        8.3333333333333321        5.0439892267302902E-002
   7.3333333333333330        8.6666666666666661        3.9323311987187907E-002
   7.3333333333333330        9.0000000000000000        2.7815226233530513E-002
   7.3333333333333330        9.3333333333333321        1.5157052900914904E-002
   7.3333333333333330        9.6666666666666661        5.5087478939094860E-003
   7.3333333333333330        10.000000000000000        0.0000000000000000     
 
   7.6666666666666661        0.0000000000000000        0.0000000000000000     
   7.6666666666666661       0.33333333333333331        4.4429313446265901E-003
   7.6666666666666661       0.66666666666666663        8.0649969763521637E-003
   7.6666666666666661        1.0000000000000000        5.6224525571408612E-002
   7.6666666666666661        1.3333333333333333        5.8776527392503809E-002
   7.6666666666666661        1.6666666666666665        6.7401333740818553E-002
   7.6666666666666661        2.0000000000000000        8.4804868469322933E-002
   7.6666666666666661        2.3333333333333330       0.10130989035856149     
   7.6666666666666661        2.6666666666666665       0.11800915892915081     
   7.6666666666666661        3.0000000000000000       0.11076478577070820     
   7.6666666666666661        3.3333333333333330       0.18581393645913244     
   7.6666666666666661        3.6666666666666665       0.23304735422404757     
   7.6666666666666661        4.0000000000000000        5.5456673220423212E-002
   7.6666666666666661        4.3333333333333330        9.8651399976319484E-002
   7.6666666666666661        4.6666666666666661       0.11583827966918586     
   7.6666666666666661        5.0000000000000000        8.8488044084480938E-002
   7.6666666666666661        5.3333333333333330       0.14021634071045083     
   7.6666666666666661        5.6666666666666661       0.14100394238272920     
   7.6666666666666661        6.0000000000000000       0.12466194714009599     
   7.6666666666666661        6.3333333333333330       0.12619037879099362     
   7.6666666666666661        6.6666666666666661       0.11854415077973229     
   7.6666666666666661        7.0000000000000000       0.10491982379871787     
   7.6666666666666661        7.3333333333333330        9.0055990625420523E-002
   7.6666666666666661        7.6666666666666661        6.9392962342237630E-002
   7.6666666666666661        8.0000000000000000        3.2124864507744551E-002
   7.6666666666666661        8.3333333333333321        3.5579623475365731E-002
   7.6666666666666661        8.6666666666666661        1.6108606889793257E-002
   7.6666666666666661        9.0000000000000000        9.2459020723692949E-003
   7.6666666666666661        9.3333333333333321        8.8540335907926343E-003
   7.6666666666666661        9.6666666666666661        4.4317979217778202E-003
   7.6666666666666661        10.000000000000000        0.0000000000000000     
 
   8.0000000000000000        0.0000000000000000        0.0000000000000000     
   8.0000000000000000       0.33333333333333331        3.3590651470350487E-003
   8.0000000000000000       0.66666666666666663        5.7821074255366466E-003
   8.0000000000000000        1.0000000000000000        4.9435790147397705E-002
   8.0000000000000000        1.3333333333333333        5.1800852746302223E-002
   8.0000000000000000        1.6666666666666665        6.0474024396353888E-002
   8.0000000000000000        2.0000000000000000        7.3666129844065870E-002
   8.0000000000000000        2.3333333333333330        8.8787778531794051E-002
   8.0000000000000000        2.6666666666666665       0.10231996395129733     
   8.0000000000000000        3.0000000000000000       0.11336512609147564     
   8.0000000000000000        3.3333333333333330       0.13919529674577669     
   8.0000000000000000        3.6666666666666665        5.5456673220423212E-002
   8.0000000000000000        4.0000000000000000        5.7464889700512750E-002
   8.0000000000000000        4.3333333333333330        8.3387877300342930E-002
   8.0000000000000000        4.6666666666666661        9.6069204194022401E-002
   8.0000000000000000        5.0000000000000000        9.1070239866778022E-002
   8.0000000000000000        5.3333333333333330        8.8059052229247231E-002
   8.0000000000000000        5.6666666666666661       0.10286342880495643     
   8.0000000000000000        6.0000000000000000       0.10256156297880512     
   8.0000000000000000        6.3333333333333330        0.0000000000000000     
   8.0000000000000000        6.6666666666666661        9.7790798033528664E-002
   8.0000000000000000        7.0000000000000000       0.10023370331590888     
   8.0000000000000000        7.3333333333333330        2.9867569383840165E-002
   8.0000000000000000        7.6666666666666661        3.8359700909512129E-002
   8.0000000000000000        8.0000000000000000        2.9928295264179089E-002
   8.0000000000000000        8.3333333333333321        2.5461512019052113E-002
   8.0000000000000000        8.6666666666666661        1.6958800484753074E-002
   8.0000000000000000        9.0000000000000000        1.0135777543239183E-002
   8.0000000000000000        9.3333333333333321        7.0172884808164873E-003
   8.0000000000000000        9.6666666666666661        3.5860971850086637E-003
   8.0000000000000000        10.000000000000000        0.0000000000000000     
 
   8.3333333333333321        0.0000000000000000        0.0000000000000000     
   8.3333333333333321       0.33333333333333331        3.3876633196146511E-003
   8.3333333333333321       0.66666666666666663        6.2230286617134811E-003
   8.3333333333333321        1.0000000000000000        3.0311114482979989E-002
   8.3333333333333321        1.3333333333333333        4.0801540393611106E-002
   8.3333333333333321        1.6666666666666665        5.1361893423323715E-002
   8.3333333333333321        2.0000000000000000        6.2986587899934818E-002
   8.3333333333333321        2.3333333333333330        8.0271730614677780E-002
   8.3333333333333321        2.6666666666666665        9.1511495523499395E-002
   8.3333333333333321        3.0000000000000000       0.10356789252887721     
   8.3333333333333321        3.3333333333333330       0.12024109588942465     
   8.3333333333333321        3.6666666666666665        3.5883248541985713E-002
   8.3333333333333321        4.0000000000000000        3.7477449028003318E-002
   8.3333333333333321        4.3333333333333330        1.4852576423307420E-002
   8.3333333333333321        4.6666666666666661        1.2937477807242430E-002
   8.3333333333333321        5.0000000000000000        7.3047944115289642E-002
   8.3333333333333321        5.3333333333333330        7.4733445848849819E-002
   8.3333333333333321        5.6666666666666661        8.1094441885058391E-002
   8.3333333333333321        6.0000000000000000        8.1506499326664289E-002
   8.3333333333333321        6.3333333333333330        3.8858019131979657E-002
   8.3333333333333321        6.6666666666666661        0.0000000000000000     
   8.3333333333333321        7.0000000000000000        1.9164327687552659E-002
   8.3333333333333321        7.3333333333333330        2.2518297228589911E-002
   8.3333333333333321        7.6666666666666661        2.5506700845871443E-002
   8.3333333333333321        8.0000000000000000        2.4940076558173256E-002
   8.3333333333333321        8.3333333333333321        2.0445648512773477E-002
   8.3333333333333321        8.6666666666666661        8.0613063274800507E-003
   8.3333333333333321        9.0000000000000000        7.8691095503747466E-003
   8.3333333333333321        9.3333333333333321        5.8777247896922699E-003
   8.3333333333333321        9.6666666666666661        3.0936694698685801E-003
   8.3333333333333321        10.000000000000000        0.0000000000000000     
 
   8.6666666666666661        0.0000000000000000        0.0000000000000000     
   8.6666666666666661       0.33333333333333331        4.1620287459364766E-003
   8.6666666666666661       0.66666666666666663        9.8504084245886608E-003
   8.6666666666666661        1.0000000000000000        2.1351700960784759E-002
   8.6666666666666661        1.3333333333333333        3.1627238916194025E-002
   8.6666666666666661        1.6666666666666665        4.3328099890766456E-002
   8.6666666666666661        2.0000000000000000        4.8947006451582342E-002
   8.6666666666666661        2.3333333333333330        6.6733207108276738E-002
   8.6666666666666661        2.6666666666666665        8.2430611076144258E-002
   8.6666666666666661        3.0000000000000000        9.1670009079779749E-002
   8.6666666666666661        3.3333333333333330        0.0000000000000000     
   8.6666666666666661        3.6666666666666665        1.5173532937415317E-002
   8.6666666666666661        4.0000000000000000        2.0631952417843321E-002
   8.6666666666666661        4.3333333333333330        1.5848300862663114E-002
   8.6666666666666661        4.6666666666666661        1.3903499952177470E-002
   8.6666666666666661        5.0000000000000000        5.6734331430654331E-002
   8.6666666666666661        5.3333333333333330        5.8281418528206362E-002
   8.6666666666666661        5.6666666666666661        6.6738312214143738E-002
   8.6666666666666661        6.0000000000000000        6.2304421706973680E-002
   8.6666666666666661        6.3333333333333330        4.0045033106717698E-002
   8.6666666666666661        6.6666666666666661        1.5316126791678408E-002
   8.6666666666666661        7.0000000000000000        1.6724554772068311E-002
   8.6666666666666661        7.3333333333333330        1.6514275234071001E-002
   8.6666666666666661        7.6666666666666661        1.7243538825132659E-002
   8.6666666666666661        8.0000000000000000        9.9717721825493041E-003
   8.6666666666666661        8.3333333333333321        1.1869224234115678E-002
   8.6666666666666661        8.6666666666666661        8.7536873691325869E-003
   8.6666666666666661        9.0000000000000000        3.0690468565406559E-003
   8.6666666666666661        9.3333333333333321        1.8717580443911009E-003
   8.6666666666666661        9.6666666666666661        0.0000000000000000     
   8.6666666666666661        10.000000000000000        0.0000000000000000     
 
   9.0000000000000000        0.0000000000000000        0.0000000000000000     
   9.0000000000000000       0.33333333333333331        3.6518628356614672E-003
   9.0000000000000000       0.66666666666666663        8.2154669720305700E-003
   9.0000000000000000        1.0000000000000000        1.4738927890594195E-002
   9.0000000000000000        1.3333333333333333        2.2582301237432646E-002
   9.0000000000000000        1.6666666666666665        2.7261513152139056E-002
   9.0000000000000000        2.0000000000000000        4.2611276114527794E-002
   9.0000000000000000        2.3333333333333330        5.3541782353514790E-002
   9.0000000000000000        2.6666666666666665        1.1433238487608434E-003
   9.0000000000000000        3.0000000000000000        1.9177913222776922E-003
   9.0000000000000000        3.3333333333333330        7.1070983644214375E-003
   9.0000000000000000        3.6666666666666665        1.0581710234655558E-002
   9.0000000000000000        4.0000000000000000        1.5108851668325807E-002
   9.0000000000000000        4.3333333333333330        1.5005353963529807E-002
   9.0000000000000000        4.6666666666666661        1.2072000504189751E-003
   9.0000000000000000        5.0000000000000000        3.5211417002362175E-002
   9.0000000000000000        5.3333333333333330        3.6355544710573028E-002
   9.0000000000000000        5.6666666666666661        1.2679133802363326E-002
   9.0000000000000000        6.0000000000000000        1.5200547124317751E-002
   9.0000000000000000        6.3333333333333330        2.0085428062352868E-002
   9.0000000000000000        6.6666666666666661        1.4640858236189313E-002
   9.0000000000000000        7.0000000000000000        8.3690092760934087E-003
   9.0000000000000000        7.3333333333333330        1.0362986428741384E-002
   9.0000000000000000        7.6666666666666661        1.0511401825791893E-002
   9.0000000000000000        8.0000000000000000        8.6511545645654390E-003
   9.0000000000000000        8.3333333333333321        8.9502338254052755E-003
   9.0000000000000000        8.6666666666666661        6.8575600409152690E-003
   9.0000000000000000        9.0000000000000000        3.2984570858289935E-003
   9.0000000000000000        9.3333333333333321        2.0241830534938206E-003
   9.0000000000000000        9.6666666666666661        1.6752868552237976E-004
   9.0000000000000000        10.000000000000000        0.0000000000000000     
 
   9.3333333333333321        0.0000000000000000        0.0000000000000000     
   9.3333333333333321       0.33333333333333331        2.4479863812854451E-003
   9.3333333333333321       0.66666666666666663        5.0961210426303163E-003
   9.3333333333333321        1.0000000000000000        7.6224362704769523E-003
   9.3333333333333321        1.3333333333333333        8.4335513637389774E-003
   9.3333333333333321        1.6666666666666665        1.3239892281531425E-002
   9.3333333333333321        2.0000000000000000        1.6870537061615294E-003
   9.3333333333333321        2.3333333333333330        1.0258756888882697E-003
   9.3333333333333321        2.6666666666666665        1.2376171922505955E-003
   9.3333333333333321        3.0000000000000000        2.0671169851066945E-003
   9.3333333333333321        3.3333333333333330        4.0934945597871728E-003
   9.3333333333333321        3.6666666666666665        5.5834346824986079E-003
   9.3333333333333321        4.0000000000000000        0.0000000000000000     
   9.3333333333333321        4.3333333333333330        9.8543173267759366E-004
   9.3333333333333321        4.6666666666666661        1.2702694505611510E-003
   9.3333333333333321        5.0000000000000000        1.0514933473415148E-002
   9.3333333333333321        5.3333333333333330        1.6646986939008655E-002
   9.3333333333333321        5.6666666666666661        1.3232468399773876E-002
   9.3333333333333321        6.0000000000000000        1.0901094149251287E-002
   9.3333333333333321        6.3333333333333330        1.1156080625027947E-002
   9.3333333333333321        6.6666666666666661        9.1437772418894205E-003
   9.3333333333333321        7.0000000000000000        6.8291161651770895E-003
   9.3333333333333321        7.3333333333333330        6.6005854145890349E-003
   9.3333333333333321        7.6666666666666661        6.3414652104986455E-003
   9.3333333333333321        8.0000000000000000        5.6712922743970846E-003
   9.3333333333333321        8.3333333333333321        8.9280674905441247E-004
   9.3333333333333321        8.6666666666666661        1.0176276715078486E-003
   9.3333333333333321        9.0000000000000000        1.4738485432518882E-003
   9.3333333333333321        9.3333333333333321        1.0569545684409557E-003
   9.3333333333333321        9.6666666666666661        3.4888561850827412E-004
   9.3333333333333321        10.000000000000000        0.0000000000000000     
 
   9.6666666666666661        0.0000000000000000        0.0000000000000000     
   9.6666666666666661       0.33333333333333331        1.1945891441688978E-003
   9.6666666666666661       0.66666666666666663        2.4054195846076811E-003
   9.6666666666666661        1.0000000000000000        3.4793496820789984E-003
   9.6666666666666661        1.3333333333333333        4.0986418749298890E-003
   9.6666666666666661        1.6666666666666665        4.7185637516017533E-003
   9.6666666666666661        2.0000000000000000        1.7973591974365648E-003
   9.6666666666666661        2.3333333333333330        8.9281343202511740E-004
   9.6666666666666661        2.6666666666666665        8.1015890951630478E-004
   9.6666666666666661        3.0000000000000000        1.1710334604423693E-003
   9.6666666666666661        3.3333333333333330        1.8925891108439543E-003
   9.6666666666666661        3.6666666666666665        2.4372315633839395E-003
   9.6666666666666661        4.0000000000000000        3.6583266109661350E-004
   9.6666666666666661        4.3333333333333330        7.4908503356145323E-004
   9.6666666666666661        4.6666666666666661        1.6792551109936756E-003
   9.6666666666666661        5.0000000000000000        4.7670925001243245E-003
   9.6666666666666661        5.3333333333333330        7.0534093730370267E-003
   9.6666666666666661        5.6666666666666661        2.1806140479838708E-003
   9.6666666666666661        6.0000000000000000        4.4580608207501144E-003
   9.6666666666666661        6.3333333333333330        4.9404151155862637E-003
   9.6666666666666661        6.6666666666666661        4.3596157904964268E-003
   9.6666666666666661        7.0000000000000000        3.5580653034480740E-003
   9.6666666666666661        7.3333333333333330        3.2293979380748159E-003
   9.6666666666666661        7.6666666666666661        2.9390825729814262E-003
   9.6666666666666661        8.0000000000000000        2.3559922541120590E-003
   9.6666666666666661        8.3333333333333321        9.5623913620085268E-004
   9.6666666666666661        8.6666666666666661        6.3961220759399594E-004
   9.6666666666666661        9.0000000000000000        6.3200668734240354E-004
   9.6666666666666661        9.3333333333333321        4.6285486882661407E-004
   9.6666666666666661        9.6666666666666661        1.9892726815443022E-004
   9.6666666666666661        10.000000000000000        0.0000000000000000     
 
   10.000000000000000        0.0000000000000000        0.0000000000000000     
   10.000000000000000       0.33333333333333331        0.0000000000000000     
   10.000000000000000       0.66666666666666663        0.0000000000000000     
   10.000000000000000        1.0000000000000000        0.0000000000000000     
   10.000000000000000        1.3333333333333333        0.0000000000000000     
   10.000000000000000        1.6666666666666665        0.0000000000000000     
   10.000000000000000        2.0000000000000000        0.0000000000000000     
   10.000000000000000        2.3333333333333330        0.0000000000000000     
   10.000000000000000        2.6666666666666665        0.0000000000000000     
   10.000000000000000        3.0000000000000000        0.0000000000000000     
   10.000000000000000        3.3333333333333330        0.0000000000000000     
   10.000000000000000        3.6666666666666665        0.0000000000000000     
   10.000000000000000        4.0000000000000000        0.0000000000000000     
   10.000000000000000        4.3333333333333330        0.0000000000000000     
   10.000000000000000        4.6666666666666661        0.0000000000000000     
   10.000000000000000        5.0000000000000000        0.0000000000000000     
   10.000000000000000        5.3333333333333330        0.0000000000000000     
   10.000000000000000        5.6666666666666661        0.0000000000000000     
   10.000000000000000        6.0000000000000000        0.0000000000000000     
   10.000000000000000        6.3333333333333330        0.0000000000000000     
   10.000000000000000        6.6666666666666661        0.0000000000000000     
   10.000000000000000        7.0000000000000000        0.0000000000000000     
   10.000000000000000        7.3333333333333330        0.0000000000000000     
   10.000000000000000        7.6666666666666661        0.0000000000000000     
   10.000000000000000        8.0000000000000000        0.0000000000000000     
   10.000000000000000        8.3333333333333321        0.0000000000000000     
   10.000000000000000        8.6666666666666661        0.0000000000000000     
   10.000000000000000        9.0000000000000000        0.0000000000000000     
   10.000000000000000        9.3333333333333321        0.0000000000000000     
   10.000000000000000        9.6666666666666661        0.0000000000000000     
   10.000000000000000        10.000000000000000        0.0000000000000000     
 
