   0.0000000000000000        0.0000000000000000        0.0000000000000000     
   0.0000000000000000       0.33333333333333331        0.0000000000000000     
   0.0000000000000000       0.66666666666666663        0.0000000000000000     
   0.0000000000000000        1.0000000000000000        0.0000000000000000     
   0.0000000000000000        1.3333333333333333        0.0000000000000000     
   0.0000000000000000        1.6666666666666665        0.0000000000000000     
   0.0000000000000000        2.0000000000000000        0.0000000000000000     
   0.0000000000000000        2.3333333333333330        0.0000000000000000     
   0.0000000000000000        2.6666666666666665        0.0000000000000000     
   0.0000000000000000        3.0000000000000000        0.0000000000000000     
   0.0000000000000000        3.3333333333333330        0.0000000000000000     
   0.0000000000000000        3.6666666666666665        0.0000000000000000     
   0.0000000000000000        4.0000000000000000        0.0000000000000000     
   0.0000000000000000        4.3333333333333330        0.0000000000000000     
   0.0000000000000000        4.6666666666666661        0.0000000000000000     
   0.0000000000000000        5.0000000000000000        0.0000000000000000     
   0.0000000000000000        5.3333333333333330        0.0000000000000000     
   0.0000000000000000        5.6666666666666661        0.0000000000000000     
   0.0000000000000000        6.0000000000000000        0.0000000000000000     
   0.0000000000000000        6.3333333333333330        0.0000000000000000     
   0.0000000000000000        6.6666666666666661        0.0000000000000000     
   0.0000000000000000        7.0000000000000000        0.0000000000000000     
   0.0000000000000000        7.3333333333333330        0.0000000000000000     
   0.0000000000000000        7.6666666666666661        0.0000000000000000     
   0.0000000000000000        8.0000000000000000        0.0000000000000000     
   0.0000000000000000        8.3333333333333321        0.0000000000000000     
   0.0000000000000000        8.6666666666666661        0.0000000000000000     
   0.0000000000000000        9.0000000000000000        0.0000000000000000     
   0.0000000000000000        9.3333333333333321        0.0000000000000000     
   0.0000000000000000        9.6666666666666661        0.0000000000000000     
   0.0000000000000000        10.000000000000000        0.0000000000000000     
 
  0.33333333333333331        0.0000000000000000        0.0000000000000000     
  0.33333333333333331       0.33333333333333331        1.2678111799059684E-005
  0.33333333333333331       0.66666666666666663        2.0872375740744531E-005
  0.33333333333333331        1.0000000000000000        1.9090485851381671E-005
  0.33333333333333331        1.3333333333333333        4.2256559333977297E-005
  0.33333333333333331        1.6666666666666665        6.7800493396209409E-005
  0.33333333333333331        2.0000000000000000        1.1704346225661554E-004
  0.33333333333333331        2.3333333333333330        1.6210870844456395E-004
  0.33333333333333331        2.6666666666666665        1.5865897328364877E-004
  0.33333333333333331        3.0000000000000000        3.5608111221467772E-004
  0.33333333333333331        3.3333333333333330        4.0503813950872172E-004
  0.33333333333333331        3.6666666666666665        3.7291081721538521E-004
  0.33333333333333331        4.0000000000000000        3.6962906655141185E-004
  0.33333333333333331        4.3333333333333330        3.8738413259670147E-004
  0.33333333333333331        4.6666666666666661        2.7415422277752714E-004
  0.33333333333333331        5.0000000000000000        5.0470456888940935E-004
  0.33333333333333331        5.3333333333333330        1.3603089441979741E-003
  0.33333333333333331        5.6666666666666661        1.8560273711640967E-003
  0.33333333333333331        6.0000000000000000        2.2877852321922655E-003
  0.33333333333333331        6.3333333333333330        2.6013611336682856E-003
  0.33333333333333331        6.6666666666666661        1.7217938855615038E-003
  0.33333333333333331        7.0000000000000000        2.9281875749982761E-003
  0.33333333333333331        7.3333333333333330        1.1934651465392125E-003
  0.33333333333333331        7.6666666666666661        9.1438175993630076E-004
  0.33333333333333331        8.0000000000000000        6.2553846308200495E-004
  0.33333333333333331        8.3333333333333321        3.6917826656393565E-004
  0.33333333333333331        8.6666666666666661        2.4971724817628220E-004
  0.33333333333333331        9.0000000000000000        1.6675929569342774E-004
  0.33333333333333331        9.3333333333333321        8.4331685115796183E-005
  0.33333333333333331        9.6666666666666661        3.4479447234749329E-005
  0.33333333333333331        10.000000000000000        0.0000000000000000     
 
  0.66666666666666663        0.0000000000000000        0.0000000000000000     
  0.66666666666666663       0.33333333333333331        3.3552266389697512E-005
  0.66666666666666663       0.66666666666666663        5.7869211070192761E-005
  0.66666666666666663        1.0000000000000000        1.1696657620011500E-004
  0.66666666666666663        1.3333333333333333        9.4945320808875009E-005
  0.66666666666666663        1.6666666666666665        1.3192960422442530E-004
  0.66666666666666663        2.0000000000000000        2.7154825928919996E-004
  0.66666666666666663        2.3333333333333330        4.1724077469564838E-004
  0.66666666666666663        2.6666666666666665        1.0305710694927734E-003
  0.66666666666666663        3.0000000000000000        9.5074663352513787E-004
  0.66666666666666663        3.3333333333333330        9.9249291104562304E-004
  0.66666666666666663        3.6666666666666665        8.1304148763379686E-004
  0.66666666666666663        4.0000000000000000        8.1509878002013723E-004
  0.66666666666666663        4.3333333333333330        1.0061917647108795E-003
  0.66666666666666663        4.6666666666666661        0.0000000000000000     
  0.66666666666666663        5.0000000000000000        3.1270053296237766E-003
  0.66666666666666663        5.3333333333333330        3.3900222340467706E-003
  0.66666666666666663        5.6666666666666661        4.1818285299218168E-003
  0.66666666666666663        6.0000000000000000        5.1761852053203144E-003
  0.66666666666666663        6.3333333333333330        6.9253047652628793E-003
  0.66666666666666663        6.6666666666666661        1.1686600191921062E-002
  0.66666666666666663        7.0000000000000000        9.4004385282859607E-003
  0.66666666666666663        7.3333333333333330        1.6446640315411383E-003
  0.66666666666666663        7.6666666666666661        2.0536709385665327E-003
  0.66666666666666663        8.0000000000000000        1.3731984992954539E-003
  0.66666666666666663        8.3333333333333321        6.9792162402538714E-004
  0.66666666666666663        8.6666666666666661        5.3130659563307839E-004
  0.66666666666666663        9.0000000000000000        3.8011679548725490E-004
  0.66666666666666663        9.3333333333333321        1.6068178406563246E-004
  0.66666666666666663        9.6666666666666661        6.3858031447073648E-005
  0.66666666666666663        10.000000000000000        0.0000000000000000     
 
   1.0000000000000000        0.0000000000000000        0.0000000000000000     
   1.0000000000000000       0.33333333333333331        7.3173189349176514E-005
   1.0000000000000000       0.66666666666666663        1.3556691333041038E-004
   1.0000000000000000        1.0000000000000000        1.7322689759510676E-004
   1.0000000000000000        1.3333333333333333        1.1696657620011500E-004
   1.0000000000000000        1.6666666666666665        4.2055016517120040E-004
   1.0000000000000000        2.0000000000000000        4.9560468606258323E-004
   1.0000000000000000        2.3333333333333330        9.2947412551949390E-004
   1.0000000000000000        2.6666666666666665        1.3700574984749163E-003
   1.0000000000000000        3.0000000000000000        1.6564234600189177E-003
   1.0000000000000000        3.3333333333333330        2.0375777623621873E-003
   1.0000000000000000        3.6666666666666665        1.2748916308191012E-003
   1.0000000000000000        4.0000000000000000        1.2802890004273088E-003
   1.0000000000000000        4.3333333333333330        2.0693555905980272E-003
   1.0000000000000000        4.6666666666666661        2.8852273355288748E-003
   1.0000000000000000        5.0000000000000000        3.6055857693123141E-003
   1.0000000000000000        5.3333333333333330        5.6450844212956154E-003
   1.0000000000000000        5.6666666666666661        7.1865436735098071E-003
   1.0000000000000000        6.0000000000000000        8.3582153605454707E-003
   1.0000000000000000        6.3333333333333330        1.4323153405538495E-002
   1.0000000000000000        6.6666666666666661        1.6251324465580846E-002
   1.0000000000000000        7.0000000000000000        1.5433163483135290E-002
   1.0000000000000000        7.3333333333333330        1.0777721429383344E-002
   1.0000000000000000        7.6666666666666661        4.7568758191622422E-003
   1.0000000000000000        8.0000000000000000        2.4469206043247088E-003
   1.0000000000000000        8.3333333333333321        1.2160916450222111E-003
   1.0000000000000000        8.6666666666666661        9.4056455189053725E-004
   1.0000000000000000        9.0000000000000000        7.6687574886186421E-004
   1.0000000000000000        9.3333333333333321        6.0622641065288158E-005
   1.0000000000000000        9.6666666666666661        7.9050666360103405E-005
   1.0000000000000000        10.000000000000000        0.0000000000000000     
 
   1.3333333333333333        0.0000000000000000        0.0000000000000000     
   1.3333333333333333       0.33333333333333331        1.4349370631085509E-004
   1.3333333333333333       0.66666666666666663        2.7488301227539274E-004
   1.3333333333333333        1.0000000000000000        3.7109363237640414E-004
   1.3333333333333333        1.3333333333333333        6.4052807131940743E-004
   1.3333333333333333        1.6666666666666665        4.6535281011760542E-004
   1.3333333333333333        2.0000000000000000        1.6810386954376818E-003
   1.3333333333333333        2.3333333333333330        1.6703020761609797E-003
   1.3333333333333333        2.6666666666666665        2.1950781291909744E-003
   1.3333333333333333        3.0000000000000000        2.6494766379991275E-003
   1.3333333333333333        3.3333333333333330        4.6721514677435629E-003
   1.3333333333333333        3.6666666666666665        9.1162011279331701E-003
   1.3333333333333333        4.0000000000000000        5.2321207316230484E-003
   1.3333333333333333        4.3333333333333330        4.4154647107330636E-003
   1.3333333333333333        4.6666666666666661        8.7779605414604056E-003
   1.3333333333333333        5.0000000000000000        9.3667507877460698E-003
   1.3333333333333333        5.3333333333333330        9.5813101267784896E-003
   1.3333333333333333        5.6666666666666661        1.1979673004078055E-002
   1.3333333333333333        6.0000000000000000        3.2725321495025939E-002
   1.3333333333333333        6.3333333333333330        2.8267742932953342E-002
   1.3333333333333333        6.6666666666666661        2.6471907186125569E-002
   1.3333333333333333        7.0000000000000000        2.3470378200250674E-002
   1.3333333333333333        7.3333333333333330        1.8893535025370466E-002
   1.3333333333333333        7.6666666666666661        1.4060393270106616E-003
   1.3333333333333333        8.0000000000000000        1.7768085497158494E-003
   1.3333333333333333        8.3333333333333321        1.8038278334667197E-003
   1.3333333333333333        8.6666666666666661        1.4937866902226616E-003
   1.3333333333333333        9.0000000000000000        1.1848032185161593E-003
   1.3333333333333333        9.3333333333333321        4.9388160397252634E-004
   1.3333333333333333        9.6666666666666661        2.1440503478372430E-004
   1.3333333333333333        10.000000000000000        0.0000000000000000     
 
   1.6666666666666665        0.0000000000000000        0.0000000000000000     
   1.6666666666666665       0.33333333333333331        2.6305387584643142E-004
   1.6666666666666665       0.66666666666666663        5.2007744427426839E-004
   1.6666666666666665        1.0000000000000000        7.6004754342082182E-004
   1.6666666666666665        1.3333333333333333        9.8350992829328320E-004
   1.6666666666666665        1.6666666666666665        2.4852084553768031E-003
   1.6666666666666665        2.0000000000000000        2.1084804835791874E-003
   1.6666666666666665        2.3333333333333330        2.2802042586771870E-003
   1.6666666666666665        2.6666666666666665        3.5915798893407921E-003
   1.6666666666666665        3.0000000000000000        1.0707582215719569E-002
   1.6666666666666665        3.3333333333333330        1.0246342050078516E-002
   1.6666666666666665        3.6666666666666665        1.0892661895397100E-002
   1.6666666666666665        4.0000000000000000        7.1978124893919988E-003
   1.6666666666666665        4.3333333333333330        6.9314845543749599E-003
   1.6666666666666665        4.6666666666666661        1.0632310679071659E-002
   1.6666666666666665        5.0000000000000000        1.1058036337952932E-002
   1.6666666666666665        5.3333333333333330        1.3190576674431050E-002
   1.6666666666666665        5.6666666666666661        2.1310159834587578E-002
   1.6666666666666665        6.0000000000000000        4.2064298629940017E-002
   1.6666666666666665        6.3333333333333330        4.3904517007312995E-002
   1.6666666666666665        6.6666666666666661        4.2120359884179490E-002
   1.6666666666666665        7.0000000000000000        3.6996138658480150E-002
   1.6666666666666665        7.3333333333333330        2.5796093621784102E-002
   1.6666666666666665        7.6666666666666661        1.1794894408863319E-003
   1.6666666666666665        8.0000000000000000        1.8884300898212296E-003
   1.6666666666666665        8.3333333333333321        3.1614046837553397E-003
   1.6666666666666665        8.6666666666666661        2.4129687473155364E-003
   1.6666666666666665        9.0000000000000000        1.5953947785477701E-003
   1.6666666666666665        9.3333333333333321        9.0473212299204905E-004
   1.6666666666666665        9.6666666666666661        3.4297505771959058E-004
   1.6666666666666665        10.000000000000000        0.0000000000000000     
 
   2.0000000000000000        0.0000000000000000        0.0000000000000000     
   2.0000000000000000       0.33333333333333331        4.5310797128304337E-004
   2.0000000000000000       0.66666666666666663        9.0859529746227096E-004
   2.0000000000000000        1.0000000000000000        1.3482598704686220E-003
   2.0000000000000000        1.3333333333333333        1.7861703689918712E-003
   2.0000000000000000        1.6666666666666665        3.4218290443464553E-003
   2.0000000000000000        2.0000000000000000        2.4852084553768031E-003
   2.0000000000000000        2.3333333333333330        5.8455411962709857E-003
   2.0000000000000000        2.6666666666666665        7.0644302712745020E-003
   2.0000000000000000        3.0000000000000000        1.3114709633565064E-002
   2.0000000000000000        3.3333333333333330        1.6536837462421666E-002
   2.0000000000000000        3.6666666666666665        1.8962695543998112E-002
   2.0000000000000000        4.0000000000000000        3.2112634481877241E-002
   2.0000000000000000        4.3333333333333330        3.2728761489155746E-002
   2.0000000000000000        4.6666666666666661        1.7838065631591737E-002
   2.0000000000000000        5.0000000000000000        1.3202245931390999E-002
   2.0000000000000000        5.3333333333333330        0.0000000000000000     
   2.0000000000000000        5.6666666666666661       0.12440948725990365     
   2.0000000000000000        6.0000000000000000        7.5852192571315147E-002
   2.0000000000000000        6.3333333333333330        6.9108804817339164E-002
   2.0000000000000000        6.6666666666666661        6.6987985401776459E-002
   2.0000000000000000        7.0000000000000000        6.2034788794358212E-002
   2.0000000000000000        7.3333333333333330        5.9941692082031818E-004
   2.0000000000000000        7.6666666666666661        7.7903452131370743E-004
   2.0000000000000000        8.0000000000000000        1.3605754704629458E-002
   2.0000000000000000        8.3333333333333321        7.2204605615078304E-003
   2.0000000000000000        8.6666666666666661        3.9477322789273741E-003
   2.0000000000000000        9.0000000000000000        2.2635053475691777E-003
   2.0000000000000000        9.3333333333333321        1.4152601016535165E-003
   2.0000000000000000        9.6666666666666661        2.4328956299587344E-004
   2.0000000000000000        10.000000000000000        0.0000000000000000     
 
   2.3333333333333330        0.0000000000000000        0.0000000000000000     
   2.3333333333333330       0.33333333333333331        7.4544211382423326E-004
   2.3333333333333330       0.66666666666666663        1.5198536808297232E-003
   2.3333333333333330        1.0000000000000000        2.2401850553149072E-003
   2.3333333333333330        1.3333333333333333        7.1094568695286939E-003
   2.3333333333333330        1.6666666666666665        7.6301223883356887E-003
   2.3333333333333330        2.0000000000000000        1.8284584223082712E-002
   2.3333333333333330        2.3333333333333330        2.4409073604434325E-002
   2.3333333333333330        2.6666666666666665        2.4659519468558645E-002
   2.3333333333333330        3.0000000000000000        2.0371630303282824E-002
   2.3333333333333330        3.3333333333333330        2.6443995434341571E-002
   2.3333333333333330        3.6666666666666665        3.2363275022082354E-002
   2.3333333333333330        4.0000000000000000        3.7194188030812626E-002
   2.3333333333333330        4.3333333333333330        5.2408441424196373E-002
   2.3333333333333330        4.6666666666666661       0.12281821602964935     
   2.3333333333333330        5.0000000000000000       0.17494049875360826     
   2.3333333333333330        5.3333333333333330       0.20371048733491490     
   2.3333333333333330        5.6666666666666661       0.18314911749433552     
   2.3333333333333330        6.0000000000000000       0.13134202322548388     
   2.3333333333333330        6.3333333333333330        9.7719547874705090E-002
   2.3333333333333330        6.6666666666666661       0.10265709326343675     
   2.3333333333333330        7.0000000000000000        8.9887478989725753E-002
   2.3333333333333330        7.3333333333333330        8.8116340094853932E-002
   2.3333333333333330        7.6666666666666661        4.7437546384689902E-002
   2.3333333333333330        8.0000000000000000        2.2359866495845593E-002
   2.3333333333333330        8.3333333333333321        9.5372454880448664E-003
   2.3333333333333330        8.6666666666666661        4.7217588807599176E-003
   2.3333333333333330        9.0000000000000000        2.6154951674527299E-003
   2.3333333333333330        9.3333333333333321        1.4240953415483968E-003
   2.3333333333333330        9.6666666666666661        5.5029103852201593E-004
   2.3333333333333330        10.000000000000000        0.0000000000000000     
 
   2.6666666666666665        0.0000000000000000        0.0000000000000000     
   2.6666666666666665       0.33333333333333331        1.1706826742040530E-003
   2.6666666666666665       0.66666666666666663        2.5082216322940428E-003
   2.6666666666666665        1.0000000000000000        4.3157639617276830E-003
   2.6666666666666665        1.3333333333333333        7.9149419141058119E-003
   2.6666666666666665        1.6666666666666665        1.3719986430569391E-002
   2.6666666666666665        2.0000000000000000        2.1238214856615534E-002
   2.6666666666666665        2.3333333333333330        2.8066573328501723E-002
   2.6666666666666665        2.6666666666666665        3.2491922601310272E-002
   2.6666666666666665        3.0000000000000000        4.7670890278002080E-002
   2.6666666666666665        3.3333333333333330        4.0167588087497881E-002
   2.6666666666666665        3.6666666666666665        5.1123928447036199E-002
   2.6666666666666665        4.0000000000000000        8.3856138515349871E-002
   2.6666666666666665        4.3333333333333330        9.3984013064064995E-002
   2.6666666666666665        4.6666666666666661       0.13504800190464955     
   2.6666666666666665        5.0000000000000000       0.18821568636626579     
   2.6666666666666665        5.3333333333333330       0.23626714125976181     
   2.6666666666666665        5.6666666666666661       0.23276729759187303     
   2.6666666666666665        6.0000000000000000       0.17623037285842227     
   2.6666666666666665        6.3333333333333330       0.21194296733367701     
   2.6666666666666665        6.6666666666666661       0.16603601925092906     
   2.6666666666666665        7.0000000000000000       0.11473650813024616     
   2.6666666666666665        7.3333333333333330        9.9362568582606697E-002
   2.6666666666666665        7.6666666666666661        7.9039358050673164E-002
   2.6666666666666665        8.0000000000000000        4.5471879563058031E-003
   2.6666666666666665        8.3333333333333321        5.5634938899827820E-003
   2.6666666666666665        8.6666666666666661        3.7531144924977371E-003
   2.6666666666666665        9.0000000000000000        2.6452312295666284E-003
   2.6666666666666665        9.3333333333333321        1.4610806565679040E-003
   2.6666666666666665        9.6666666666666661        6.7253130820474382E-004
   2.6666666666666665        10.000000000000000        0.0000000000000000     
 
   3.0000000000000000        0.0000000000000000        0.0000000000000000     
   3.0000000000000000       0.33333333333333331        1.6684694451218098E-003
   3.0000000000000000       0.66666666666666663        3.5240191122113225E-003
   3.0000000000000000        1.0000000000000000        5.4154092254824733E-003
   3.0000000000000000        1.3333333333333333        1.7323209910174820E-002
   3.0000000000000000        1.6666666666666665        2.0254466746430000E-002
   3.0000000000000000        2.0000000000000000        2.7972206935741418E-002
   3.0000000000000000        2.3333333333333330        3.7894921925471739E-002
   3.0000000000000000        2.6666666666666665        4.8825582020305715E-002
   3.0000000000000000        3.0000000000000000        6.0388307282999945E-002
   3.0000000000000000        3.3333333333333330        9.5678863612377776E-002
   3.0000000000000000        3.6666666666666665        8.6118038306489592E-002
   3.0000000000000000        4.0000000000000000       0.10309007641404755     
   3.0000000000000000        4.3333333333333330       0.11459644410016548     
   3.0000000000000000        4.6666666666666661       0.14677280552227881     
   3.0000000000000000        5.0000000000000000       0.21852481718995848     
   3.0000000000000000        5.3333333333333330       0.33116837634168411     
   3.0000000000000000        5.6666666666666661       0.34602862934017808     
   3.0000000000000000        6.0000000000000000       0.36501453980380710     
   3.0000000000000000        6.3333333333333330       0.27059509447702712     
   3.0000000000000000        6.6666666666666661       0.24649753371126998     
   3.0000000000000000        7.0000000000000000       0.16072431181596517     
   3.0000000000000000        7.3333333333333330       0.12657828112234959     
   3.0000000000000000        7.6666666666666661        9.9856909007521449E-002
   3.0000000000000000        8.0000000000000000        5.8499942786850077E-002
   3.0000000000000000        8.3333333333333321        2.3170021912570951E-003
   3.0000000000000000        8.6666666666666661        2.9132237399520991E-003
   3.0000000000000000        9.0000000000000000        3.3693662802883845E-003
   3.0000000000000000        9.3333333333333321        1.6593354509694984E-003
   3.0000000000000000        9.6666666666666661        8.4735001170542664E-004
   3.0000000000000000        10.000000000000000        0.0000000000000000     
 
   3.3333333333333330        0.0000000000000000        0.0000000000000000     
   3.3333333333333330       0.33333333333333331        2.3023622694363639E-003
   3.3333333333333330       0.66666666666666663        5.1636967595894215E-003
   3.3333333333333330        1.0000000000000000        9.3778942051308441E-003
   3.3333333333333330        1.3333333333333333        1.7022402560445057E-002
   3.3333333333333330        1.6666666666666665        2.4877520696001687E-002
   3.3333333333333330        2.0000000000000000        3.6068843302378625E-002
   3.3333333333333330        2.3333333333333330        5.1008574854410828E-002
   3.3333333333333330        2.6666666666666665        6.9446772023594269E-002
   3.3333333333333330        3.0000000000000000        9.0218692427153954E-002
   3.3333333333333330        3.3333333333333330       0.11234950712033338     
   3.3333333333333330        3.6666666666666665       0.11821586851601416     
   3.3333333333333330        4.0000000000000000       0.13442763126090768     
   3.3333333333333330        4.3333333333333330       0.12568822061172399     
   3.3333333333333330        4.6666666666666661       0.13039806159214778     
   3.3333333333333330        5.0000000000000000       0.61717189600218081     
   3.3333333333333330        5.3333333333333330       0.53060301056628034     
   3.3333333333333330        5.6666666666666661       0.48078158966814216     
   3.3333333333333330        6.0000000000000000       0.46754796035010643     
   3.3333333333333330        6.3333333333333330       0.39844801729707718     
   3.3333333333333330        6.6666666666666661       0.31431929044826024     
   3.3333333333333330        7.0000000000000000       0.20719289566132842     
   3.3333333333333330        7.3333333333333330       0.15810729989252365     
   3.3333333333333330        7.6666666666666661       0.10475544506383454     
   3.3333333333333330        8.0000000000000000        6.6917020545217448E-002
   3.3333333333333330        8.3333333333333321        2.1597811948340675E-002
   3.3333333333333330        8.6666666666666661        8.3735576629361576E-003
   3.3333333333333330        9.0000000000000000        5.3284581707613741E-003
   3.3333333333333330        9.3333333333333321        2.8629234076594486E-003
   3.3333333333333330        9.6666666666666661        1.2622183711799347E-003
   3.3333333333333330        10.000000000000000        0.0000000000000000     
 
   3.6666666666666665        0.0000000000000000        0.0000000000000000     
   3.6666666666666665       0.33333333333333331        2.7998145995272320E-003
   3.6666666666666665       0.66666666666666663        6.3513159034263465E-003
   3.6666666666666665        1.0000000000000000        1.1419394174727145E-002
   3.6666666666666665        1.3333333333333333        1.8984178144723366E-002
   3.6666666666666665        1.6666666666666665        2.9372583066605978E-002
   3.6666666666666665        2.0000000000000000        4.4439467936712204E-002
   3.6666666666666665        2.3333333333333330        6.5466606828618643E-002
   3.6666666666666665        2.6666666666666665        9.3311896579614029E-002
   3.6666666666666665        3.0000000000000000       0.12491434487690227     
   3.6666666666666665        3.3333333333333330       0.15218182746464051     
   3.6666666666666665        3.6666666666666665       0.16325130631883480     
   3.6666666666666665        4.0000000000000000       0.15359589769674581     
   3.6666666666666665        4.3333333333333330       0.13442763126090768     
   3.6666666666666665        4.6666666666666661       0.78100625875560070     
   3.6666666666666665        5.0000000000000000       0.69926777212510605     
   3.6666666666666665        5.3333333333333330       0.68993600401682864     
   3.6666666666666665        5.6666666666666661       0.57889050773636364     
   3.6666666666666665        6.0000000000000000       0.55816047565139948     
   3.6666666666666665        6.3333333333333330       0.48763314814447772     
   3.6666666666666665        6.6666666666666661       0.41375266884527512     
   3.6666666666666665        7.0000000000000000       0.26603316717526226     
   3.6666666666666665        7.3333333333333330       0.20583239711432635     
   3.6666666666666665        7.6666666666666661        3.9769126126955302E-002
   3.6666666666666665        8.0000000000000000        4.6024654427406934E-002
   3.6666666666666665        8.3333333333333321        2.5509397859473825E-002
   3.6666666666666665        8.6666666666666661        1.3102610680637068E-002
   3.6666666666666665        9.0000000000000000        7.8364431615476713E-003
   3.6666666666666665        9.3333333333333321        3.8374832121928237E-003
   3.6666666666666665        9.6666666666666661        1.6284549716394359E-003
   3.6666666666666665        10.000000000000000        0.0000000000000000     
 
   4.0000000000000000        0.0000000000000000        0.0000000000000000     
   4.0000000000000000       0.33333333333333331        3.0438507217500901E-003
   4.0000000000000000       0.66666666666666663        7.0926590441246391E-003
   4.0000000000000000        1.0000000000000000        1.2728497988765082E-002
   4.0000000000000000        1.3333333333333333        2.0732402194409576E-002
   4.0000000000000000        1.6666666666666665        3.2666608623312693E-002
   4.0000000000000000        2.0000000000000000        5.1238039915634866E-002
   4.0000000000000000        2.3333333333333330        7.8356417382957719E-002
   4.0000000000000000        2.6666666666666665       0.11933630023425633     
   4.0000000000000000        3.0000000000000000       0.17022188903061494     
   4.0000000000000000        3.3333333333333330       0.21461503112006780     
   4.0000000000000000        3.6666666666666665       0.23586321413760264     
   4.0000000000000000        4.0000000000000000       0.19120975379357208     
   4.0000000000000000        4.3333333333333330       0.90823055460890345     
   4.0000000000000000        4.6666666666666661       0.85262049284587405     
   4.0000000000000000        5.0000000000000000        1.0426540633707158     
   4.0000000000000000        5.3333333333333330       0.93252094584212275     
   4.0000000000000000        5.6666666666666661       0.82085384740716516     
   4.0000000000000000        6.0000000000000000       0.69128530762329965     
   4.0000000000000000        6.3333333333333330       0.57844110339765198     
   4.0000000000000000        6.6666666666666661       0.44289455816505641     
   4.0000000000000000        7.0000000000000000       0.33724808414050705     
   4.0000000000000000        7.3333333333333330       0.15921129263492256     
   4.0000000000000000        7.6666666666666661        7.3871973229584470E-002
   4.0000000000000000        8.0000000000000000        5.8389925982940551E-002
   4.0000000000000000        8.3333333333333321        3.2457434311060449E-002
   4.0000000000000000        8.6666666666666661        1.4276056300994051E-002
   4.0000000000000000        9.0000000000000000        1.0623826936468869E-002
   4.0000000000000000        9.3333333333333321        3.4015711365084985E-003
   4.0000000000000000        9.6666666666666661        1.7730933816615046E-003
   4.0000000000000000        10.000000000000000        0.0000000000000000     
 
   4.3333333333333330        0.0000000000000000        0.0000000000000000     
   4.3333333333333330       0.33333333333333331        2.8174013092435060E-003
   4.3333333333333330       0.66666666666666663        7.4262175989385478E-003
   4.3333333333333330        1.0000000000000000        1.3607421709638003E-002
   4.3333333333333330        1.3333333333333333        2.1320885465396060E-002
   4.3333333333333330        1.6666666666666665        3.2993773636333629E-002
   4.3333333333333330        2.0000000000000000        5.4116348496743356E-002
   4.3333333333333330        2.3333333333333330        8.2853016714934780E-002
   4.3333333333333330        2.6666666666666665       0.14137628960077384     
   4.3333333333333330        3.0000000000000000       0.22770544389548825     
   4.3333333333333330        3.3333333333333330       0.30475457958350693     
   4.3333333333333330        3.6666666666666665       0.37834147162295229     
   4.3333333333333330        4.0000000000000000       0.90480989338068940     
   4.3333333333333330        4.3333333333333330       0.93702741676412749     
   4.3333333333333330        4.6666666666666661        1.1140592774337008     
   4.3333333333333330        5.0000000000000000        1.0824559044810702     
   4.3333333333333330        5.3333333333333330        1.0110256679980487     
   4.3333333333333330        5.6666666666666661       0.91102334039489608     
   4.3333333333333330        6.0000000000000000       0.78440619358265040     
   4.3333333333333330        6.3333333333333330       0.68081120397716788     
   4.3333333333333330        6.6666666666666661       0.42861668021849103     
   4.3333333333333330        7.0000000000000000       0.30975999409700966     
   4.3333333333333330        7.3333333333333330       0.16958279479629379     
   4.3333333333333330        7.6666666666666661        9.7118550367455314E-002
   4.3333333333333330        8.0000000000000000        6.2345151438601351E-002
   4.3333333333333330        8.3333333333333321        3.7321741510364256E-002
   4.3333333333333330        8.6666666666666661        2.0428998889262844E-002
   4.3333333333333330        9.0000000000000000        1.1740728671272880E-002
   4.3333333333333330        9.3333333333333321        5.7269799255209083E-003
   4.3333333333333330        9.6666666666666661        2.4383343552166273E-003
   4.3333333333333330        10.000000000000000        0.0000000000000000     
 
   4.6666666666666661        0.0000000000000000        0.0000000000000000     
   4.6666666666666661       0.33333333333333331        1.2950343208909287E-003
   4.6666666666666661       0.66666666666666663        1.2774661470207031E-002
   4.6666666666666661        1.0000000000000000        1.5064484685986521E-002
   4.6666666666666661        1.3333333333333333        2.0851187365412208E-002
   4.6666666666666661        1.6666666666666665        2.7616525545861973E-002
   4.6666666666666661        2.0000000000000000        5.2882654176384818E-002
   4.6666666666666661        2.3333333333333330        6.3134583086555424E-002
   4.6666666666666661        2.6666666666666665       0.29142413115177090     
   4.6666666666666661        3.0000000000000000       0.29927590732590231     
   4.6666666666666661        3.3333333333333330       0.39928974459576222     
   4.6666666666666661        3.6666666666666665       0.59061575696781388     
   4.6666666666666661        4.0000000000000000       0.83295905788650237     
   4.6666666666666661        4.3333333333333330       0.95798466385100989     
   4.6666666666666661        4.6666666666666661        1.0644546595251363     
   4.6666666666666661        5.0000000000000000        1.0850410891066664     
   4.6666666666666661        5.3333333333333330        1.0512982700503324     
   4.6666666666666661        5.6666666666666661       0.97513857049250352     
   4.6666666666666661        6.0000000000000000       0.81926553615997166     
   4.6666666666666661        6.3333333333333330       0.65753531448861158     
   4.6666666666666661        6.6666666666666661       0.54752806039252966     
   4.6666666666666661        7.0000000000000000       0.11078131699173771     
   4.6666666666666661        7.3333333333333330       0.12117765594173895     
   4.6666666666666661        7.6666666666666661        9.0849376007353197E-002
   4.6666666666666661        8.0000000000000000        6.3433909862612894E-002
   4.6666666666666661        8.3333333333333321        3.9061810914257256E-002
   4.6666666666666661        8.6666666666666661        2.1567247817179721E-002
   4.6666666666666661        9.0000000000000000        1.2244979535585541E-002
   4.6666666666666661        9.3333333333333321        6.4188037855885515E-003
   4.6666666666666661        9.6666666666666661        2.7444336206070442E-003
   4.6666666666666661        10.000000000000000        0.0000000000000000     
 
   5.0000000000000000        0.0000000000000000        0.0000000000000000     
   5.0000000000000000       0.33333333333333331        1.3091696790146425E-003
   5.0000000000000000       0.66666666666666663        1.1434030520321844E-002
   5.0000000000000000        1.0000000000000000        1.5475998455436629E-002
   5.0000000000000000        1.3333333333333333        2.2432200157273430E-002
   5.0000000000000000        1.6666666666666665        3.2628171122829508E-002
   5.0000000000000000        2.0000000000000000        4.8274553958645099E-002
   5.0000000000000000        2.3333333333333330        5.9460721567265160E-002
   5.0000000000000000        2.6666666666666665       0.27127933949229549     
   5.0000000000000000        3.0000000000000000       0.28404858229464336     
   5.0000000000000000        3.3333333333333330       0.75815404408008868     
   5.0000000000000000        3.6666666666666665       0.73457550629882407     
   5.0000000000000000        4.0000000000000000       0.84104641059249652     
   5.0000000000000000        4.3333333333333330       0.94529774323288018     
   5.0000000000000000        4.6666666666666661        1.0280123363607738     
   5.0000000000000000        5.0000000000000000        1.0637180622933256     
   5.0000000000000000        5.3333333333333330        1.0596831858018889     
   5.0000000000000000        5.6666666666666661        1.0556932854678158     
   5.0000000000000000        6.0000000000000000       0.56135919255401556     
   5.0000000000000000        6.3333333333333330       0.56246494379420409     
   5.0000000000000000        6.6666666666666661       0.31206503619954040     
   5.0000000000000000        7.0000000000000000       0.15700037469721886     
   5.0000000000000000        7.3333333333333330       0.12312736878912987     
   5.0000000000000000        7.6666666666666661        9.0196195640370347E-002
   5.0000000000000000        8.0000000000000000        6.8575457794050013E-002
   5.0000000000000000        8.3333333333333321        2.2367973133346056E-002
   5.0000000000000000        8.6666666666666661        1.7859242776306464E-002
   5.0000000000000000        9.0000000000000000        1.1379278983520652E-002
   5.0000000000000000        9.3333333333333321        6.1706789993355333E-003
   5.0000000000000000        9.6666666666666661        2.6673786683455809E-003
   5.0000000000000000        10.000000000000000        0.0000000000000000     
 
   5.3333333333333330        0.0000000000000000        0.0000000000000000     
   5.3333333333333330       0.33333333333333331        2.8804180725105740E-003
   5.3333333333333330       0.66666666666666663        9.3885532886960367E-003
   5.3333333333333330        1.0000000000000000        1.5472418996637954E-002
   5.3333333333333330        1.3333333333333333        2.3997384000313503E-002
   5.3333333333333330        1.6666666666666665        3.6313548066930490E-002
   5.3333333333333330        2.0000000000000000        5.3424867656144515E-002
   5.3333333333333330        2.3333333333333330        7.2820603695302896E-002
   5.3333333333333330        2.6666666666666665       0.24473698564332033     
   5.3333333333333330        3.0000000000000000       0.29153563195627463     
   5.3333333333333330        3.3333333333333330       0.65284875249785290     
   5.3333333333333330        3.6666666666666665       0.72364924182276702     
   5.3333333333333330        4.0000000000000000       0.81354334592347133     
   5.3333333333333330        4.3333333333333330       0.90113274315114655     
   5.3333333333333330        4.6666666666666661       0.97029739453144748     
   5.3333333333333330        5.0000000000000000        1.0057273491458207     
   5.3333333333333330        5.3333333333333330       0.99068923530553010     
   5.3333333333333330        5.6666666666666661       0.62762816367916385     
   5.3333333333333330        6.0000000000000000       0.55248704289902517     
   5.3333333333333330        6.3333333333333330       0.45936524400846374     
   5.3333333333333330        6.6666666666666661       0.32195658312825026     
   5.3333333333333330        7.0000000000000000       0.20114539689411534     
   5.3333333333333330        7.3333333333333330       0.13389373276415151     
   5.3333333333333330        7.6666666666666661        8.6907266511580816E-002
   5.3333333333333330        8.0000000000000000        5.9712136408578906E-002
   5.3333333333333330        8.3333333333333321        3.0450537044714000E-002
   5.3333333333333330        8.6666666666666661        1.9100704272598471E-002
   5.3333333333333330        9.0000000000000000        1.1285100202947660E-002
   5.3333333333333330        9.3333333333333321        5.4025900753988587E-003
   5.3333333333333330        9.6666666666666661        2.2917430781353131E-003
   5.3333333333333330        10.000000000000000        0.0000000000000000     
 
   5.6666666666666661        0.0000000000000000        0.0000000000000000     
   5.6666666666666661       0.33333333333333331        1.3467043328364797E-003
   5.6666666666666661       0.66666666666666663        2.8113235017334774E-003
   5.6666666666666661        1.0000000000000000        1.5060569384980280E-002
   5.6666666666666661        1.3333333333333333        2.5092486458034729E-002
   5.6666666666666661        1.6666666666666665        3.9549492877019504E-002
   5.6666666666666661        2.0000000000000000        6.1715838095828403E-002
   5.6666666666666661        2.3333333333333330       0.11175453886911944     
   5.6666666666666661        2.6666666666666665       0.20757398681399614     
   5.6666666666666661        3.0000000000000000       0.35491142106047796     
   5.6666666666666661        3.3333333333333330       0.57069683091796830     
   5.6666666666666661        3.6666666666666665       0.67307512860226615     
   5.6666666666666661        4.0000000000000000       0.75525360190958402     
   5.6666666666666661        4.3333333333333330       0.82817893293795175     
   5.6666666666666661        4.6666666666666661       0.88590484761739519     
   5.6666666666666661        5.0000000000000000       0.92922883846968563     
   5.6666666666666661        5.3333333333333330       0.83765797633351879     
   5.6666666666666661        5.6666666666666661       0.68320668343196966     
   5.6666666666666661        6.0000000000000000       0.40533670236889180     
   5.6666666666666661        6.3333333333333330       0.39867311026213953     
   5.6666666666666661        6.6666666666666661       0.21458636589190785     
   5.6666666666666661        7.0000000000000000       0.13142719457939550     
   5.6666666666666661        7.3333333333333330        7.6093327017952517E-002
   5.6666666666666661        7.6666666666666661        7.2076725367186401E-002
   5.6666666666666661        8.0000000000000000        2.8356306734398453E-002
   5.6666666666666661        8.3333333333333321        2.4947790422545683E-002
   5.6666666666666661        8.6666666666666661        1.9938616589376127E-002
   5.6666666666666661        9.0000000000000000        2.3666316511689661E-003
   5.6666666666666661        9.3333333333333321        2.9161470543103089E-003
   5.6666666666666661        9.6666666666666661        1.5677880028831365E-003
   5.6666666666666661        10.000000000000000        0.0000000000000000     
 
   6.0000000000000000        0.0000000000000000        0.0000000000000000     
   6.0000000000000000       0.33333333333333331        1.4197017943231025E-003
   6.0000000000000000       0.66666666666666663        3.3849426277360937E-003
   6.0000000000000000        1.0000000000000000        7.2625618526029881E-003
   6.0000000000000000        1.3333333333333333        0.0000000000000000     
   6.0000000000000000        1.6666666666666665        4.2179890482636588E-002
   6.0000000000000000        2.0000000000000000        4.7808517842202337E-002
   6.0000000000000000        2.3333333333333330        9.3531927193587633E-002
   6.0000000000000000        2.6666666666666665       0.12677474686660495     
   6.0000000000000000        3.0000000000000000       0.59258968291445990     
   6.0000000000000000        3.3333333333333330       0.59763744590822665     
   6.0000000000000000        3.6666666666666665       0.62926544528039630     
   6.0000000000000000        4.0000000000000000       0.68170314513157970     
   6.0000000000000000        4.3333333333333330       0.73385119598565929     
   6.0000000000000000        4.6666666666666661       0.76801475303077837     
   6.0000000000000000        5.0000000000000000       0.67267401641904234     
   6.0000000000000000        5.3333333333333330       0.69869333187646532     
   6.0000000000000000        5.6666666666666661       0.55487601324237812     
   6.0000000000000000        6.0000000000000000       0.41254145135694875     
   6.0000000000000000        6.3333333333333330       0.33275125348713808     
   6.0000000000000000        6.6666666666666661       0.22374999997598669     
   6.0000000000000000        7.0000000000000000       0.14048491912675387     
   6.0000000000000000        7.3333333333333330        8.7700886864005997E-002
   6.0000000000000000        7.6666666666666661        6.0743917741678546E-002
   6.0000000000000000        8.0000000000000000        3.6003906912768807E-002
   6.0000000000000000        8.3333333333333321        2.4938270147105274E-002
   6.0000000000000000        8.6666666666666661        1.9117103462554214E-002
   6.0000000000000000        9.0000000000000000        4.5576082109133800E-003
   6.0000000000000000        9.3333333333333321        2.9545664786403253E-003
   6.0000000000000000        9.6666666666666661        1.4053679022177762E-003
   6.0000000000000000        10.000000000000000        0.0000000000000000     
 
   6.3333333333333330        0.0000000000000000        0.0000000000000000     
   6.3333333333333330       0.33333333333333331        1.2275768676996653E-003
   6.3333333333333330       0.66666666666666663        2.6812686885168613E-003
   6.3333333333333330        1.0000000000000000        4.5534980265302940E-003
   6.3333333333333330        1.3333333333333333        1.1953657144321768E-002
   6.3333333333333330        1.6666666666666665        3.2827442475901220E-002
   6.3333333333333330        2.0000000000000000        4.5211655048180144E-002
   6.3333333333333330        2.3333333333333330        6.8272589375956191E-002
   6.3333333333333330        2.6666666666666665        8.7494377208527735E-002
   6.3333333333333330        3.0000000000000000        8.3081001025234899E-002
   6.3333333333333330        3.3333333333333330       0.55235492369960815     
   6.3333333333333330        3.6666666666666665       0.55876214224576459     
   6.3333333333333330        4.0000000000000000       0.59428914350362527     
   6.3333333333333330        4.3333333333333330       0.63454192735871373     
   6.3333333333333330        4.6666666666666661       0.65471921856765314     
   6.3333333333333330        5.0000000000000000       0.62311024844889595     
   6.3333333333333330        5.3333333333333330       0.39109153437498534     
   6.3333333333333330        5.6666666666666661       0.40832290952060807     
   6.3333333333333330        6.0000000000000000       0.35453915366128796     
   6.3333333333333330        6.3333333333333330       0.29911582300743395     
   6.3333333333333330        6.6666666666666661       0.21436693734294165     
   6.3333333333333330        7.0000000000000000       0.12703583142017233     
   6.3333333333333330        7.3333333333333330        8.0768942068225269E-002
   6.3333333333333330        7.6666666666666661        5.3560186120486089E-002
   6.3333333333333330        8.0000000000000000        3.4702063417553844E-002
   6.3333333333333330        8.3333333333333321        2.3497157234502717E-002
   6.3333333333333330        8.6666666666666661        1.5687255716650968E-002
   6.3333333333333330        9.0000000000000000        7.1079515110553633E-003
   6.3333333333333330        9.3333333333333321        3.5771566524296634E-003
   6.3333333333333330        9.6666666666666661        1.4117688462233404E-003
   6.3333333333333330        10.000000000000000        0.0000000000000000     
 
   6.6666666666666661        0.0000000000000000        0.0000000000000000     
   6.6666666666666661       0.33333333333333331        1.0634431255005091E-003
   6.6666666666666661       0.66666666666666663        2.0895103230669509E-003
   6.6666666666666661        1.0000000000000000        9.7618412321221534E-003
   6.6666666666666661        1.3333333333333333        1.4326766455745826E-002
   6.6666666666666661        1.6666666666666665        2.5200938311704429E-002
   6.6666666666666661        2.0000000000000000        3.7639184721523632E-002
   6.6666666666666661        2.3333333333333330        5.4002945639574550E-002
   6.6666666666666661        2.6666666666666665        7.5499853501881209E-002
   6.6666666666666661        3.0000000000000000        9.3327598955933816E-002
   6.6666666666666661        3.3333333333333330       0.33207296595647062     
   6.6666666666666661        3.6666666666666665       0.46073174706174991     
   6.6666666666666661        4.0000000000000000       0.49783777608102303     
   6.6666666666666661        4.3333333333333330       0.54463689820009575     
   6.6666666666666661        4.6666666666666661       0.57781320798502378     
   6.6666666666666661        5.0000000000000000       0.52706966803729483     
   6.6666666666666661        5.3333333333333330       0.37403371243167743     
   6.6666666666666661        5.6666666666666661       0.32987896356689544     
   6.6666666666666661        6.0000000000000000       0.29928575680259384     
   6.6666666666666661        6.3333333333333330       0.11076295129695825     
   6.6666666666666661        6.6666666666666661        7.5394376175927480E-002
   6.6666666666666661        7.0000000000000000        7.9804694469817083E-002
   6.6666666666666661        7.3333333333333330        6.1477972971172676E-002
   6.6666666666666661        7.6666666666666661        4.3743299939218584E-002
   6.6666666666666661        8.0000000000000000        3.0275663791631494E-002
   6.6666666666666661        8.3333333333333321        2.2230415603516813E-002
   6.6666666666666661        8.6666666666666661        6.6739176617651190E-003
   6.6666666666666661        9.0000000000000000        5.9729487904568628E-003
   6.6666666666666661        9.3333333333333321        1.7423863673107695E-003
   6.6666666666666661        9.6666666666666661        9.7544096424900502E-004
   6.6666666666666661        10.000000000000000        0.0000000000000000     
 
   7.0000000000000000        0.0000000000000000        0.0000000000000000     
   7.0000000000000000       0.33333333333333331        1.1703683740067127E-003
   7.0000000000000000       0.66666666666666663        2.9725476604684753E-003
   7.0000000000000000        1.0000000000000000        7.1220281470766771E-003
   7.0000000000000000        1.3333333333333333        1.3000544068424186E-002
   7.0000000000000000        1.6666666666666665        1.9956798346251314E-002
   7.0000000000000000        2.0000000000000000        3.1364807443050612E-002
   7.0000000000000000        2.3333333333333330        4.1219233523681661E-002
   7.0000000000000000        2.6666666666666665        9.9443702326980493E-002
   7.0000000000000000        3.0000000000000000       0.13143032736911833     
   7.0000000000000000        3.3333333333333330       0.21426239964846247     
   7.0000000000000000        3.6666666666666665       0.31272478760605615     
   7.0000000000000000        4.0000000000000000       0.39512557357329608     
   7.0000000000000000        4.3333333333333330       0.46694463247097168     
   7.0000000000000000        4.6666666666666661        8.3729239955706941E-002
   7.0000000000000000        5.0000000000000000       0.19929340680813840     
   7.0000000000000000        5.3333333333333330       0.24935802494684975     
   7.0000000000000000        5.6666666666666661       0.24046183132220417     
   7.0000000000000000        6.0000000000000000       0.21740322985415525     
   7.0000000000000000        6.3333333333333330       0.11876063648670879     
   7.0000000000000000        6.6666666666666661        7.7950736797102016E-002
   7.0000000000000000        7.0000000000000000        6.2055268701258555E-002
   7.0000000000000000        7.3333333333333330        4.7658222572932556E-002
   7.0000000000000000        7.6666666666666661        3.4784583244352310E-002
   7.0000000000000000        8.0000000000000000        2.4575001284815573E-002
   7.0000000000000000        8.3333333333333321        1.6332595125697919E-002
   7.0000000000000000        8.6666666666666661        8.7328264024572957E-003
   7.0000000000000000        9.0000000000000000        5.3654751915343168E-003
   7.0000000000000000        9.3333333333333321        2.9147981005335339E-003
   7.0000000000000000        9.6666666666666661        3.2665977495919141E-004
   7.0000000000000000        10.000000000000000        0.0000000000000000     
 
   7.3333333333333330        0.0000000000000000        0.0000000000000000     
   7.3333333333333330       0.33333333333333331        9.0689898038831497E-004
   7.3333333333333330       0.66666666666666663        2.1443895751683344E-003
   7.3333333333333330        1.0000000000000000        4.1828696301554422E-003
   7.3333333333333330        1.3333333333333333        1.0269924911081432E-002
   7.3333333333333330        1.6666666666666665        1.3631349838479750E-002
   7.3333333333333330        2.0000000000000000        3.0785560097655183E-002
   7.3333333333333330        2.3333333333333330        4.4011986268175929E-002
   7.3333333333333330        2.6666666666666665        7.7460894662896795E-002
   7.3333333333333330        3.0000000000000000       0.12977455634752946     
   7.3333333333333330        3.3333333333333330       0.19153768918001024     
   7.3333333333333330        3.6666666666666665       0.24347712095394075     
   7.3333333333333330        4.0000000000000000       0.31272478760605615     
   7.3333333333333330        4.3333333333333330        8.3729239955706941E-002
   7.3333333333333330        4.6666666666666661        9.2272176152492558E-002
   7.3333333333333330        5.0000000000000000       0.15767295221548522     
   7.3333333333333330        5.3333333333333330       0.19010529903065812     
   7.3333333333333330        5.6666666666666661       0.17135548131434325     
   7.3333333333333330        6.0000000000000000        6.7419719660136213E-002
   7.3333333333333330        6.3333333333333330        7.6104259638654040E-002
   7.3333333333333330        6.6666666666666661        6.2390208448392478E-002
   7.3333333333333330        7.0000000000000000        4.9039628631817565E-002
   7.3333333333333330        7.3333333333333330        3.7759325767778996E-002
   7.3333333333333330        7.6666666666666661        2.7681174367121808E-002
   7.3333333333333330        8.0000000000000000        2.0508588201664877E-002
   7.3333333333333330        8.3333333333333321        1.2455663914257932E-002
   7.3333333333333330        8.6666666666666661        8.1920725621108907E-003
   7.3333333333333330        9.0000000000000000        4.9404244195642337E-003
   7.3333333333333330        9.3333333333333321        2.2778044131698274E-003
   7.3333333333333330        9.6666666666666661        7.3184725515372388E-004
   7.3333333333333330        10.000000000000000        0.0000000000000000     
 
   7.6666666666666661        0.0000000000000000        0.0000000000000000     
   7.6666666666666661       0.33333333333333331        5.2293498503490300E-004
   7.6666666666666661       0.66666666666666663        9.9587517943383174E-004
   7.6666666666666661        1.0000000000000000        7.3588987873517081E-003
   7.6666666666666661        1.3333333333333333        9.0691630839294640E-003
   7.6666666666666661        1.6666666666666665        1.3283515261940377E-002
   7.6666666666666661        2.0000000000000000        2.2296341971656614E-002
   7.6666666666666661        2.3333333333333330        3.2488579516540113E-002
   7.6666666666666661        2.6666666666666665        4.4953926740746462E-002
   7.6666666666666661        3.0000000000000000        3.1546220938716167E-002
   7.6666666666666661        3.3333333333333330       0.11033518545946365     
   7.6666666666666661        3.6666666666666665       0.17050855752020655     
   7.6666666666666661        4.0000000000000000        1.1095976723245964E-002
   7.6666666666666661        4.3333333333333330        3.6736941116129504E-002
   7.6666666666666661        4.6666666666666661        5.2014740675747149E-002
   7.6666666666666661        5.0000000000000000        2.1192670552204234E-002
   7.6666666666666661        5.3333333333333330        8.3676507293309083E-002
   7.6666666666666661        5.6666666666666661        9.0946546060469091E-002
   7.6666666666666661        6.0000000000000000        6.5479149301014644E-002
   7.6666666666666661        6.3333333333333330        6.2651022552508651E-002
   7.6666666666666661        6.6666666666666661        5.2872040802691825E-002
   7.6666666666666661        7.0000000000000000        3.9660380811832464E-002
   7.6666666666666661        7.3333333333333330        3.1533435153527502E-002
   7.6666666666666661        7.6666666666666661        2.1611950931798556E-002
   7.6666666666666661        8.0000000000000000        5.5855396598243987E-003
   7.6666666666666661        8.3333333333333321        6.9394567170667420E-003
   7.6666666666666661        8.6666666666666661        1.6981983288783442E-003
   7.6666666666666661        9.0000000000000000        9.0823639040722151E-004
   7.6666666666666661        9.3333333333333321        1.0257055517012240E-003
   7.6666666666666661        9.6666666666666661        4.9204357446099879E-004
   7.6666666666666661        10.000000000000000        0.0000000000000000     
 
   8.0000000000000000        0.0000000000000000        0.0000000000000000     
   8.0000000000000000       0.33333333333333331        3.1701365680130447E-004
   8.0000000000000000       0.66666666666666663        5.5947844301997246E-004
   8.0000000000000000        1.0000000000000000        5.9024349353495511E-003
   8.0000000000000000        1.3333333333333333        7.3206093654108462E-003
   8.0000000000000000        1.6666666666666665        1.0697220434745660E-002
   8.0000000000000000        2.0000000000000000        1.6364489881406933E-002
   8.0000000000000000        2.3333333333333330        2.3557022216281032E-002
   8.0000000000000000        2.6666666666666665        3.0916455607114375E-002
   8.0000000000000000        3.0000000000000000        3.6826594800173883E-002
   8.0000000000000000        3.3333333333333330        6.0639900580266443E-002
   8.0000000000000000        3.6666666666666665        1.1095976723245964E-002
   8.0000000000000000        4.0000000000000000        1.3226856660662843E-002
   8.0000000000000000        4.3333333333333330        2.6331221108618855E-002
   8.0000000000000000        4.6666666666666661        3.2920619792297282E-002
   8.0000000000000000        5.0000000000000000        2.5008991876036463E-002
   8.0000000000000000        5.3333333333333330        3.5588764122613831E-002
   8.0000000000000000        5.6666666666666661        4.9979613226897326E-002
   8.0000000000000000        6.0000000000000000        4.7271221868377948E-002
   8.0000000000000000        6.3333333333333330        0.0000000000000000     
   8.0000000000000000        6.6666666666666661        2.5953629474010566E-002
   8.0000000000000000        7.0000000000000000        3.0429907227600347E-002
   8.0000000000000000        7.3333333333333330        5.6539935149046540E-003
   8.0000000000000000        7.6666666666666661        8.8912719180680236E-003
   8.0000000000000000        8.0000000000000000        5.3750335977649144E-003
   8.0000000000000000        8.3333333333333321        4.1188927869113840E-003
   8.0000000000000000        8.6666666666666661        2.1170147935658619E-003
   8.0000000000000000        9.0000000000000000        1.0214216581141029E-003
   8.0000000000000000        9.3333333333333321        6.7118792582738661E-004
   8.0000000000000000        9.6666666666666661        3.3114779870410470E-004
   8.0000000000000000        10.000000000000000        0.0000000000000000     
 
   8.3333333333333321        0.0000000000000000        0.0000000000000000     
   8.3333333333333321       0.33333333333333331        2.6887871056817750E-004
   8.3333333333333321       0.66666666666666663        5.1102249231999421E-004
   8.3333333333333321        1.0000000000000000        3.2808604669047666E-003
   8.3333333333333321        1.3333333333333333        5.2499730673041412E-003
   8.3333333333333321        1.6666666666666665        7.9910443076078932E-003
   8.3333333333333321        2.0000000000000000        1.1906219396741753E-002
   8.3333333333333321        2.3333333333333330        1.8420984664706479E-002
   8.3333333333333321        2.6666666666666665        2.3170155730728181E-002
   8.3333333333333321        3.0000000000000000        2.9755196600322824E-002
   8.3333333333333321        3.3333333333333330        4.2162699333049898E-002
   8.3333333333333321        3.6666666666666665        5.5323766290660947E-003
   8.3333333333333321        4.0000000000000000        6.7101306044355900E-003
   8.3333333333333321        4.3333333333333330        1.1462443052051917E-003
   8.3333333333333321        4.6666666666666661        7.5808235656043600E-004
   8.3333333333333321        5.0000000000000000        2.2103759697469510E-002
   8.3333333333333321        5.3333333333333330        2.5561361912631409E-002
   8.3333333333333321        5.6666666666666661        3.1224389745092195E-002
   8.3333333333333321        6.0000000000000000        3.1580328826596407E-002
   8.3333333333333321        6.3333333333333330        8.9022952803796997E-003
   8.3333333333333321        6.6666666666666661        0.0000000000000000     
   8.3333333333333321        7.0000000000000000        2.4902946962267283E-003
   8.3333333333333321        7.3333333333333330        3.5096356302005719E-003
   8.3333333333333321        7.6666666666666661        4.4770539471331956E-003
   8.3333333333333321        8.0000000000000000        3.9740334230491730E-003
   8.3333333333333321        8.3333333333333321        2.9033974567780263E-003
   8.3333333333333321        8.6666666666666661        6.0459354752088145E-004
   8.3333333333333321        9.0000000000000000        6.4394498944296682E-004
   8.3333333333333321        9.3333333333333321        4.7791512449537260E-004
   8.3333333333333321        9.6666666666666661        2.4729216284298007E-004
   8.3333333333333321        10.000000000000000        0.0000000000000000     
 
   8.6666666666666661        0.0000000000000000        0.0000000000000000     
   8.6666666666666661       0.33333333333333331        3.2201256489906486E-004
   8.6666666666666661       0.66666666666666663        8.4470672670062272E-004
   8.6666666666666661        1.0000000000000000        2.1262091819947257E-003
   8.6666666666666661        1.3333333333333333        3.6263000332470100E-003
   8.6666666666666661        1.6666666666666665        5.8305001656645174E-003
   8.6666666666666661        2.0000000000000000        7.2110927639117348E-003
   8.6666666666666661        2.3333333333333330        1.1393979234409090E-002
   8.6666666666666661        2.6666666666666665        1.7632425127770041E-002
   8.6666666666666661        3.0000000000000000        2.1710972249783574E-002
   8.6666666666666661        3.3333333333333330        0.0000000000000000     
   8.6666666666666661        3.6666666666666665        1.6476018454476776E-003
   8.6666666666666661        4.0000000000000000        2.6906666143795533E-003
   8.6666666666666661        4.3333333333333330        1.4458835754678657E-003
   8.6666666666666661        4.6666666666666661        9.7220413012396960E-004
   8.6666666666666661        5.0000000000000000        1.4416962413201019E-002
   8.6666666666666661        5.3333333333333330        1.6927875921523363E-002
   8.6666666666666661        5.6666666666666661        2.1758422832312326E-002
   8.6666666666666661        6.0000000000000000        2.0301219268493549E-002
   8.6666666666666661        6.3333333333333330        1.0534407256763740E-002
   8.6666666666666661        6.6666666666666661        1.9504111571509624E-003
   8.6666666666666661        7.0000000000000000        2.0391450966785107E-003
   8.6666666666666661        7.3333333333333330        2.1550996878760631E-003
   8.6666666666666661        7.6666666666666661        2.4233722283437736E-003
   8.6666666666666661        8.0000000000000000        9.0402195636874079E-004
   8.6666666666666661        8.3333333333333321        1.2552887809450970E-003
   8.6666666666666661        8.6666666666666661        7.3085875604353336E-004
   8.6666666666666661        9.0000000000000000        1.5161372918481793E-004
   8.6666666666666661        9.3333333333333321        7.2899425070251412E-005
   8.6666666666666661        9.6666666666666661        0.0000000000000000     
   8.6666666666666661        10.000000000000000        0.0000000000000000     
 
   9.0000000000000000        0.0000000000000000        0.0000000000000000     
   9.0000000000000000       0.33333333333333331        2.6421919523987011E-004
   9.0000000000000000       0.66666666666666663        6.4692198440318197E-004
   9.0000000000000000        1.0000000000000000        1.2966401554742972E-003
   9.0000000000000000        1.3333333333333333        2.1796134244627405E-003
   9.0000000000000000        1.6666666666666665        2.9940656280414905E-003
   9.0000000000000000        2.0000000000000000        5.4935506490578533E-003
   9.0000000000000000        2.3333333333333330        7.5742885697507459E-003
   9.0000000000000000        2.6666666666666665        4.4068713580874456E-005
   9.0000000000000000        3.0000000000000000        9.1710307075343290E-005
   9.0000000000000000        3.3333333333333330        5.6945294049399141E-004
   9.0000000000000000        3.6666666666666665        9.9197423295712068E-004
   9.0000000000000000        4.0000000000000000        1.5475680913394170E-003
   9.0000000000000000        4.3333333333333330        1.3298432949173564E-003
   9.0000000000000000        4.6666666666666661        1.1373347182261729E-004
   9.0000000000000000        5.0000000000000000        7.2438992970048858E-003
   9.0000000000000000        5.3333333333333330        8.6503436107408290E-003
   9.0000000000000000        5.6666666666666661        1.7088911700422231E-003
   9.0000000000000000        6.0000000000000000        2.6763687350898680E-003
   9.0000000000000000        6.3333333333333330        4.1586887893273680E-003
   9.0000000000000000        6.6666666666666661        2.3114092764024048E-003
   9.0000000000000000        7.0000000000000000        8.3932324391068657E-004
   9.0000000000000000        7.3333333333333330        1.1363306765722800E-003
   9.0000000000000000        7.6666666666666661        1.1673142832007190E-003
   9.0000000000000000        8.0000000000000000        7.8501320237063770E-004
   9.0000000000000000        8.3333333333333321        7.8713038173357913E-004
   9.0000000000000000        8.6666666666666661        5.2465250267012917E-004
   9.0000000000000000        9.0000000000000000        1.9756738133459774E-004
   9.0000000000000000        9.3333333333333321        9.6220219920269153E-005
   9.0000000000000000        9.6666666666666661        6.1135650701817173E-006
   9.0000000000000000        10.000000000000000        0.0000000000000000     
 
   9.3333333333333321        0.0000000000000000        0.0000000000000000     
   9.3333333333333321       0.33333333333333331        1.6314887631454120E-004
   9.3333333333333321       0.66666666666666663        3.6121189906310761E-004
   9.3333333333333321        1.0000000000000000        5.7983703277180419E-004
   9.3333333333333321        1.3333333333333333        6.8235371262115232E-004
   9.3333333333333321        1.6666666666666665        1.2465298177734428E-003
   9.3333333333333321        2.0000000000000000        9.6314622248332884E-005
   9.3333333333333321        2.3333333333333330        4.6560042046250306E-005
   9.3333333333333321        2.6666666666666665        5.8219926772527346E-005
   9.3333333333333321        3.0000000000000000        1.1952648883891452E-004
   9.3333333333333321        3.3333333333333330        2.9590914386472999E-004
   9.3333333333333321        3.6666666666666665        4.4879837430421299E-004
   9.3333333333333321        4.0000000000000000        0.0000000000000000     
   9.3333333333333321        4.3333333333333330        1.0499818455410672E-004
   9.3333333333333321        4.6666666666666661        1.4360815800227848E-004
   9.3333333333333321        5.0000000000000000        1.8695898462353648E-003
   9.3333333333333321        5.3333333333333330        3.3169633026835692E-003
   9.3333333333333321        5.6666666666666661        2.1043605956726228E-003
   9.3333333333333321        6.0000000000000000        1.7391535556166866E-003
   9.3333333333333321        6.3333333333333330        1.8901863566560570E-003
   9.3333333333333321        6.6666666666666661        1.3108470481958490E-003
   9.3333333333333321        7.0000000000000000        7.5291122540191901E-004
   9.3333333333333321        7.3333333333333330        6.5830957217147452E-004
   9.3333333333333321        7.6666666666666661        6.0330016372705576E-004
   9.3333333333333321        8.0000000000000000        4.8308608528567178E-004
   9.3333333333333321        8.3333333333333321        4.8218276992964113E-005
   9.3333333333333321        8.6666666666666661        4.6157898013492356E-005
   9.3333333333333321        9.0000000000000000        7.4525040457147664E-005
   9.3333333333333321        9.3333333333333321        4.7469159933326242E-005
   9.3333333333333321        9.6666666666666661        1.4223710067088407E-005
   9.3333333333333321        10.000000000000000        0.0000000000000000     
 
   9.6666666666666661        0.0000000000000000        0.0000000000000000     
   9.6666666666666661       0.33333333333333331        7.4810412374007849E-005
   9.6666666666666661       0.66666666666666663        1.5837588871006578E-004
   9.6666666666666661        1.0000000000000000        2.4395558555254099E-004
   9.6666666666666661        1.3333333333333333        3.0794840020002844E-004
   9.6666666666666661        1.6666666666666665        3.9300986283994136E-004
   9.6666666666666661        2.0000000000000000        1.2565406147851417E-004
   9.6666666666666661        2.3333333333333330        4.9455960604473393E-005
   9.6666666666666661        2.6666666666666665        4.0505054722190537E-005
   9.6666666666666661        3.0000000000000000        6.6628161415655120E-005
   9.6666666666666661        3.3333333333333330        1.2581757369786568E-004
   9.6666666666666661        3.6666666666666665        1.7567385153239185E-004
   9.6666666666666661        4.0000000000000000        4.1321136657560803E-005
   9.6666666666666661        4.3333333333333330        9.2890420818840359E-005
   9.6666666666666661        4.6666666666666661        2.4740938572099630E-004
   9.6666666666666661        5.0000000000000000        8.0842541053805753E-004
   9.6666666666666661        5.3333333333333330        1.2876840178635753E-003
   9.6666666666666661        5.6666666666666661        2.9465861328244452E-004
   9.6666666666666661        6.0000000000000000        6.5725756644004023E-004
   9.6666666666666661        6.3333333333333330        7.4066506820335035E-004
   9.6666666666666661        6.6666666666666661        5.7640931298699434E-004
   9.6666666666666661        7.0000000000000000        3.8524087204845967E-004
   9.6666666666666661        7.3333333333333330        3.0570172815741302E-004
   9.6666666666666661        7.6666666666666661        2.5744217188631310E-004
   9.6666666666666661        8.0000000000000000        1.8813694688474131E-004
   9.6666666666666661        8.3333333333333321        6.2672452732743139E-005
   9.6666666666666661        8.6666666666666661        3.2105472475561305E-005
   9.6666666666666661        9.0000000000000000        2.9302320337456449E-005
   9.6666666666666661        9.3333333333333321        1.9606337113253716E-005
   9.6666666666666661        9.6666666666666661        7.8293747063302449E-006
   9.6666666666666661        10.000000000000000        0.0000000000000000     
 
   10.000000000000000        0.0000000000000000        0.0000000000000000     
   10.000000000000000       0.33333333333333331        0.0000000000000000     
   10.000000000000000       0.66666666666666663        0.0000000000000000     
   10.000000000000000        1.0000000000000000        0.0000000000000000     
   10.000000000000000        1.3333333333333333        0.0000000000000000     
   10.000000000000000        1.6666666666666665        0.0000000000000000     
   10.000000000000000        2.0000000000000000        0.0000000000000000     
   10.000000000000000        2.3333333333333330        0.0000000000000000     
   10.000000000000000        2.6666666666666665        0.0000000000000000     
   10.000000000000000        3.0000000000000000        0.0000000000000000     
   10.000000000000000        3.3333333333333330        0.0000000000000000     
   10.000000000000000        3.6666666666666665        0.0000000000000000     
   10.000000000000000        4.0000000000000000        0.0000000000000000     
   10.000000000000000        4.3333333333333330        0.0000000000000000     
   10.000000000000000        4.6666666666666661        0.0000000000000000     
   10.000000000000000        5.0000000000000000        0.0000000000000000     
   10.000000000000000        5.3333333333333330        0.0000000000000000     
   10.000000000000000        5.6666666666666661        0.0000000000000000     
   10.000000000000000        6.0000000000000000        0.0000000000000000     
   10.000000000000000        6.3333333333333330        0.0000000000000000     
   10.000000000000000        6.6666666666666661        0.0000000000000000     
   10.000000000000000        7.0000000000000000        0.0000000000000000     
   10.000000000000000        7.3333333333333330        0.0000000000000000     
   10.000000000000000        7.6666666666666661        0.0000000000000000     
   10.000000000000000        8.0000000000000000        0.0000000000000000     
   10.000000000000000        8.3333333333333321        0.0000000000000000     
   10.000000000000000        8.6666666666666661        0.0000000000000000     
   10.000000000000000        9.0000000000000000        0.0000000000000000     
   10.000000000000000        9.3333333333333321        0.0000000000000000     
   10.000000000000000        9.6666666666666661        0.0000000000000000     
   10.000000000000000        10.000000000000000        0.0000000000000000     
 
