   0.0000000000000000        0.0000000000000000        0.0000000000000000     
   0.0000000000000000       0.33333333333333331        0.0000000000000000     
   0.0000000000000000       0.66666666666666663        0.0000000000000000     
   0.0000000000000000        1.0000000000000000        0.0000000000000000     
   0.0000000000000000        1.3333333333333333        0.0000000000000000     
   0.0000000000000000        1.6666666666666665        0.0000000000000000     
   0.0000000000000000        2.0000000000000000        0.0000000000000000     
   0.0000000000000000        2.3333333333333330        0.0000000000000000     
   0.0000000000000000        2.6666666666666665        0.0000000000000000     
   0.0000000000000000        3.0000000000000000        0.0000000000000000     
   0.0000000000000000        3.3333333333333330        0.0000000000000000     
   0.0000000000000000        3.6666666666666665        0.0000000000000000     
   0.0000000000000000        4.0000000000000000        0.0000000000000000     
   0.0000000000000000        4.3333333333333330        0.0000000000000000     
   0.0000000000000000        4.6666666666666661        0.0000000000000000     
   0.0000000000000000        5.0000000000000000        0.0000000000000000     
   0.0000000000000000        5.3333333333333330        0.0000000000000000     
   0.0000000000000000        5.6666666666666661        0.0000000000000000     
   0.0000000000000000        6.0000000000000000        0.0000000000000000     
   0.0000000000000000        6.3333333333333330        0.0000000000000000     
   0.0000000000000000        6.6666666666666661        0.0000000000000000     
   0.0000000000000000        7.0000000000000000        0.0000000000000000     
   0.0000000000000000        7.3333333333333330        0.0000000000000000     
   0.0000000000000000        7.6666666666666661        0.0000000000000000     
   0.0000000000000000        8.0000000000000000        0.0000000000000000     
   0.0000000000000000        8.3333333333333321        0.0000000000000000     
   0.0000000000000000        8.6666666666666661        0.0000000000000000     
   0.0000000000000000        9.0000000000000000        0.0000000000000000     
   0.0000000000000000        9.3333333333333321        0.0000000000000000     
   0.0000000000000000        9.6666666666666661        0.0000000000000000     
   0.0000000000000000        10.000000000000000        0.0000000000000000     
 
  0.33333333333333331        0.0000000000000000        0.0000000000000000     
  0.33333333333333331       0.33333333333333331        3.2195453302437941E-004
  0.33333333333333331       0.66666666666666663        5.5428369674715675E-004
  0.33333333333333331        1.0000000000000000        6.2053174126133271E-004
  0.33333333333333331        1.3333333333333333        1.3292955241311678E-003
  0.33333333333333331        1.6666666666666665        1.9446244923551070E-003
  0.33333333333333331        2.0000000000000000        2.8957670632699674E-003
  0.33333333333333331        2.3333333333333330        3.4930858019200845E-003
  0.33333333333333331        2.6666666666666665        3.0299867431257672E-003
  0.33333333333333331        3.0000000000000000        5.6866154644704039E-003
  0.33333333333333331        3.3333333333333330        6.2127404739490818E-003
  0.33333333333333331        3.6666666666666665        6.0972655456900835E-003
  0.33333333333333331        4.0000000000000000        6.1627146564620650E-003
  0.33333333333333331        4.3333333333333330        6.0569018510406277E-003
  0.33333333333333331        4.6666666666666661        3.7229856603541102E-003
  0.33333333333333331        5.0000000000000000        5.1929919297320874E-003
  0.33333333333333331        5.3333333333333330        1.1943255529373545E-002
  0.33333333333333331        5.6666666666666661        1.3999975131448265E-002
  0.33333333333333331        6.0000000000000000        1.4928108001114361E-002
  0.33333333333333331        6.3333333333333330        1.5013120518919745E-002
  0.33333333333333331        6.6666666666666661        1.0324943531090610E-002
  0.33333333333333331        7.0000000000000000        1.6037080894600288E-002
  0.33333333333333331        7.3333333333333330        7.9309768064398621E-003
  0.33333333333333331        7.6666666666666661        7.8225408045781691E-003
  0.33333333333333331        8.0000000000000000        6.4447060192498167E-003
  0.33333333333333331        8.3333333333333321        4.7315035546112083E-003
  0.33333333333333331        8.6666666666666661        3.9205311669364470E-003
  0.33333333333333331        9.0000000000000000        2.9940771359152243E-003
  0.33333333333333331        9.3333333333333321        1.7122279091034943E-003
  0.33333333333333331        9.6666666666666661        7.6152288347422666E-004
  0.33333333333333331        10.000000000000000        0.0000000000000000     
 
  0.66666666666666663        0.0000000000000000        0.0000000000000000     
  0.66666666666666663       0.33333333333333331        7.4392847885873439E-004
  0.66666666666666663       0.66666666666666663        1.2929364548672564E-003
  0.66666666666666663        1.0000000000000000        3.1713688762295619E-003
  0.66666666666666663        1.3333333333333333        2.7988824132574113E-003
  0.66666666666666663        1.6666666666666665        3.6203203495023422E-003
  0.66666666666666663        2.0000000000000000        6.2404657547169892E-003
  0.66666666666666663        2.3333333333333330        8.1557210664385850E-003
  0.66666666666666663        2.6666666666666665        1.6092511713295087E-002
  0.66666666666666663        3.0000000000000000        1.3659644464494866E-002
  0.66666666666666663        3.3333333333333330        1.3232713743103707E-002
  0.66666666666666663        3.6666666666666665        1.2175900659549732E-002
  0.66666666666666663        4.0000000000000000        1.2657145537300853E-002
  0.66666666666666663        4.3333333333333330        1.4491650638343161E-002
  0.66666666666666663        4.6666666666666661        0.0000000000000000     
  0.66666666666666663        5.0000000000000000        3.2335591182661778E-002
  0.66666666666666663        5.3333333333333330        2.8752752838910229E-002
  0.66666666666666663        5.6666666666666661        2.9299792068827175E-002
  0.66666666666666663        6.0000000000000000        3.0846896776681332E-002
  0.66666666666666663        6.3333333333333330        3.4917955218484224E-002
  0.66666666666666663        6.6666666666666661        5.6517947667518678E-002
  0.66666666666666663        7.0000000000000000        4.5985804094753585E-002
  0.66666666666666663        7.3333333333333330        1.6776371904597062E-002
  0.66666666666666663        7.6666666666666661        1.7009860282874573E-002
  0.66666666666666663        8.0000000000000000        1.3321085090253907E-002
  0.66666666666666663        8.3333333333333321        8.6456594651474050E-003
  0.66666666666666663        8.6666666666666661        8.0381912910490860E-003
  0.66666666666666663        9.0000000000000000        6.4109783606466630E-003
  0.66666666666666663        9.3333333333333321        3.1340195194142001E-003
  0.66666666666666663        9.6666666666666661        1.3525853623129608E-003
  0.66666666666666663        10.000000000000000        0.0000000000000000     
 
   1.0000000000000000        0.0000000000000000        0.0000000000000000     
   1.0000000000000000       0.33333333333333331        1.3836861596589164E-003
   1.0000000000000000       0.66666666666666663        2.6206278512086452E-003
   1.0000000000000000        1.0000000000000000        3.6507354688234176E-003
   1.0000000000000000        1.3333333333333333        3.1713688762295619E-003
   1.0000000000000000        1.6666666666666665        1.0579543278704332E-002
   1.0000000000000000        2.0000000000000000        1.0490600787895295E-002
   1.0000000000000000        2.3333333333333330        1.4980569499031657E-002
   1.0000000000000000        2.6666666666666665        1.8964961794512705E-002
   1.0000000000000000        3.0000000000000000        1.9987067334063947E-002
   1.0000000000000000        3.3333333333333330        2.1218103308637749E-002
   1.0000000000000000        3.6666666666666665        1.7030689459279724E-002
   1.0000000000000000        4.0000000000000000        1.8118897694441607E-002
   1.0000000000000000        4.3333333333333330        2.5109304082130020E-002
   1.0000000000000000        4.6666666666666661        3.5788345942461476E-002
   1.0000000000000000        5.0000000000000000        3.6454578669109845E-002
   1.0000000000000000        5.3333333333333330        4.1846182789746181E-002
   1.0000000000000000        5.6666666666666661        4.3943487488988173E-002
   1.0000000000000000        6.0000000000000000        4.4520958566638506E-002
   1.0000000000000000        6.3333333333333330        5.9124580719250516E-002
   1.0000000000000000        6.6666666666666661        6.7306465687255873E-002
   1.0000000000000000        7.0000000000000000        6.5612686324850192E-002
   1.0000000000000000        7.3333333333333330        5.2866034830572943E-002
   1.0000000000000000        7.6666666666666661        3.0325990076265588E-002
   1.0000000000000000        8.0000000000000000        2.1378842284465349E-002
   1.0000000000000000        8.3333333333333321        1.6458862146380111E-002
   1.0000000000000000        8.6666666666666661        1.3343286224330810E-002
   1.0000000000000000        9.0000000000000000        1.1619898485157465E-002
   1.0000000000000000        9.3333333333333321        1.5083772325861608E-003
   1.0000000000000000        9.6666666666666661        1.5476494820636517E-003
   1.0000000000000000        10.000000000000000        0.0000000000000000     
 
   1.3333333333333333        0.0000000000000000        0.0000000000000000     
   1.3333333333333333       0.33333333333333331        2.2102127941678994E-003
   1.3333333333333333       0.66666666666666663        4.2323619479265988E-003
   1.3333333333333333        1.0000000000000000        5.7523513388708040E-003
   1.3333333333333333        1.3333333333333333        1.1821016999133892E-002
   1.3333333333333333        1.6666666666666665        1.1020057718045996E-002
   1.3333333333333333        2.0000000000000000        2.4047548418437328E-002
   1.3333333333333333        2.3333333333333330        2.2731191290537568E-002
   1.3333333333333333        2.6666666666666665        2.5296374811572462E-002
   1.3333333333333333        3.0000000000000000        2.6596967785136070E-002
   1.3333333333333333        3.3333333333333330        3.5105407576245626E-002
   1.3333333333333333        3.6666666666666665        6.2790180301112580E-002
   1.3333333333333333        4.0000000000000000        4.9230719499423342E-002
   1.3333333333333333        4.3333333333333330        4.3270479693965282E-002
   1.3333333333333333        4.6666666666666661        6.9397580405613127E-002
   1.3333333333333333        5.0000000000000000        6.4121674467729053E-002
   1.3333333333333333        5.3333333333333330        5.8792150983492726E-002
   1.3333333333333333        5.6666666666666661        6.0575777453328247E-002
   1.3333333333333333        6.0000000000000000        9.9559369923017976E-002
   1.3333333333333333        6.3333333333333330        9.0002228511144644E-002
   1.3333333333333333        6.6666666666666661        8.8202072448323898E-002
   1.3333333333333333        7.0000000000000000        8.3768881773810755E-002
   1.3333333333333333        7.3333333333333330        7.5685972734184370E-002
   1.3333333333333333        7.6666666666666661        2.0357475448150451E-002
   1.3333333333333333        8.0000000000000000        2.0790905303941405E-002
   1.3333333333333333        8.3333333333333321        1.9916083634137216E-002
   1.3333333333333333        8.6666666666666661        1.7535879083865509E-002
   1.3333333333333333        9.0000000000000000        1.5354893203333192E-002
   1.3333333333333333        9.3333333333333321        7.1832908442747197E-003
   1.3333333333333333        9.6666666666666661        3.3662451566441151E-003
   1.3333333333333333        10.000000000000000        0.0000000000000000     
 
   1.6666666666666665        0.0000000000000000        0.0000000000000000     
   1.6666666666666665       0.33333333333333331        3.2829678393571848E-003
   1.6666666666666665       0.66666666666666663        6.4587483011873019E-003
   1.6666666666666665        1.0000000000000000        9.5292330065659715E-003
   1.6666666666666665        1.3333333333333333        1.2976849009612060E-002
   1.6666666666666665        1.6666666666666665        2.6689244825958823E-002
   1.6666666666666665        2.0000000000000000        2.5993808680736859E-002
   1.6666666666666665        2.3333333333333330        2.7188380300790866E-002
   1.6666666666666665        2.6666666666666665        3.3502087323606829E-002
   1.6666666666666665        3.0000000000000000        6.1509729826760728E-002
   1.6666666666666665        3.3333333333333330        5.8158365350720456E-002
   1.6666666666666665        3.6666666666666665        6.3805647546411368E-002
   1.6666666666666665        4.0000000000000000        5.6125408265163081E-002
   1.6666666666666665        4.3333333333333330        5.6304644198362723E-002
   1.6666666666666665        4.6666666666666661        7.0467147301165878E-002
   1.6666666666666665        5.0000000000000000        7.0278735819053917E-002
   1.6666666666666665        5.3333333333333330        6.9306943720949990E-002
   1.6666666666666665        5.6666666666666661        7.9551031480610365E-002
   1.6666666666666665        6.0000000000000000       0.10921845697532388     
   1.6666666666666665        6.3333333333333330       0.11323610382748391     
   1.6666666666666665        6.6666666666666661       0.11184875391219576     
   1.6666666666666665        7.0000000000000000       0.10572467393375923     
   1.6666666666666665        7.3333333333333330        9.0639218342986466E-002
   1.6666666666666665        7.6666666666666661        2.0146671760470553E-002
   1.6666666666666665        8.0000000000000000        2.1911808152899798E-002
   1.6666666666666665        8.3333333333333321        2.5255769974775556E-002
   1.6666666666666665        8.6666666666666661        2.1867437902863988E-002
   1.6666666666666665        9.0000000000000000        1.7216150221704446E-002
   1.6666666666666665        9.3333333333333321        1.1147713978896035E-002
   1.6666666666666665        9.6666666666666661        4.8056801963597484E-003
   1.6666666666666665        10.000000000000000        0.0000000000000000     
 
   2.0000000000000000        0.0000000000000000        0.0000000000000000     
   2.0000000000000000       0.33333333333333331        4.5400600735739944E-003
   2.0000000000000000       0.66666666666666663        8.9440464059327186E-003
   2.0000000000000000        1.0000000000000000        1.3161843201761324E-002
   2.0000000000000000        1.3333333333333333        1.7914034136229169E-002
   2.0000000000000000        1.6666666666666665        2.7999749850068475E-002
   2.0000000000000000        2.0000000000000000        2.6689244825958823E-002
   2.0000000000000000        2.3333333333333330        4.7830665174377764E-002
   2.0000000000000000        2.6666666666666665        4.8743692536583401E-002
   2.0000000000000000        3.0000000000000000        6.5749350968734299E-002
   2.0000000000000000        3.3333333333333330        7.3057503478696675E-002
   2.0000000000000000        3.6666666666666665        7.9081849382800079E-002
   2.0000000000000000        4.0000000000000000       0.11905302550222865     
   2.0000000000000000        4.3333333333333330       0.11288231474584978     
   2.0000000000000000        4.6666666666666661        8.6857026013742789E-002
   2.0000000000000000        5.0000000000000000        7.8101245782296436E-002
   2.0000000000000000        5.3333333333333330        0.0000000000000000     
   2.0000000000000000        5.6666666666666661       0.18200841610793692     
   2.0000000000000000        6.0000000000000000       0.14452044438794942     
   2.0000000000000000        6.3333333333333330       0.14176767944354970     
   2.0000000000000000        6.6666666666666661       0.14011839916164426     
   2.0000000000000000        7.0000000000000000       0.13659373021432944     
   2.0000000000000000        7.3333333333333330        1.8300118605949739E-002
   2.0000000000000000        7.6666666666666661        1.8924536849657128E-002
   2.0000000000000000        8.0000000000000000        5.4103534780963303E-002
   2.0000000000000000        8.3333333333333321        3.7724727091838418E-002
   2.0000000000000000        8.6666666666666661        2.7822949757164567E-002
   2.0000000000000000        9.0000000000000000        2.0803873340450217E-002
   2.0000000000000000        9.3333333333333321        1.5596901944514545E-002
   2.0000000000000000        9.6666666666666661        3.1933743644057102E-003
   2.0000000000000000        10.000000000000000        0.0000000000000000     
 
   2.3333333333333330        0.0000000000000000        0.0000000000000000     
   2.3333333333333330       0.33333333333333331        6.0256193095339656E-003
   2.3333333333333330       0.66666666666666663        1.1798841522995268E-002
   2.3333333333333330        1.0000000000000000        1.6536187499060322E-002
   2.3333333333333330        1.3333333333333333        4.0488696300944094E-002
   2.3333333333333330        1.6666666666666665        4.1262260988702330E-002
   2.3333333333333330        2.0000000000000000        7.3690154214553827E-002
   2.3333333333333330        2.3333333333333330        8.6459625976175125E-002
   2.3333333333333330        2.6666666666666665        8.6591274790501396E-002
   2.3333333333333330        3.0000000000000000        8.0543104976119773E-002
   2.3333333333333330        3.3333333333333330        9.0069766987526570E-002
   2.3333333333333330        3.6666666666666665       0.10120979395147915     
   2.3333333333333330        4.0000000000000000       0.11974412453992229     
   2.3333333333333330        4.3333333333333330       0.13953522424141968     
   2.3333333333333330        4.6666666666666661       0.21495790099246623     
   2.3333333333333330        5.0000000000000000       0.23631641300279385     
   2.3333333333333330        5.3333333333333330       0.23231227869208879     
   2.3333333333333330        5.6666666666666661       0.21822989168482662     
   2.3333333333333330        6.0000000000000000       0.19352951904095317     
   2.3333333333333330        6.3333333333333330       0.16867632634786955     
   2.3333333333333330        6.6666666666666661       0.16974746019951861     
   2.3333333333333330        7.0000000000000000       0.16347919570295888     
   2.3333333333333330        7.3333333333333330       0.18014212024337148     
   2.3333333333333330        7.6666666666666661       0.11421465153408152     
   2.3333333333333330        8.0000000000000000        7.0754086236010427E-002
   2.3333333333333330        8.3333333333333321        4.4072033434226568E-002
   2.3333333333333330        8.6666666666666661        3.1262338138793408E-002
   2.3333333333333330        9.0000000000000000        2.2910290787323675E-002
   2.3333333333333330        9.3333333333333321        1.5112124010416172E-002
   2.3333333333333330        9.6666666666666661        6.4450155858708814E-003
   2.3333333333333330        10.000000000000000        0.0000000000000000     
 
   2.6666666666666665        0.0000000000000000        0.0000000000000000     
   2.6666666666666665       0.33333333333333331        7.8666395631847262E-003
   2.6666666666666665       0.66666666666666663        1.5888775792966405E-002
   2.6666666666666665        1.0000000000000000        2.4922617624959672E-002
   2.6666666666666665        1.3333333333333333        4.0262078237574959E-002
   2.6666666666666665        1.6666666666666665        5.5859369420208513E-002
   2.6666666666666665        2.0000000000000000        7.4320591757670570E-002
   2.6666666666666665        2.3333333333333330        8.7079926181262507E-002
   2.6666666666666665        2.6666666666666665        9.3333961512284444E-002
   2.6666666666666665        3.0000000000000000       0.11236987540906278     
   2.6666666666666665        3.3333333333333330       0.10617455226841764     
   2.6666666666666665        3.6666666666666665       0.11657484892069145     
   2.6666666666666665        4.0000000000000000       0.18664702237810557     
   2.6666666666666665        4.3333333333333330       0.18623581622161681     
   2.6666666666666665        4.6666666666666661       0.21383561968652529     
   2.6666666666666665        5.0000000000000000       0.23438820086468926     
   2.6666666666666665        5.3333333333333330       0.24408853834036912     
   2.6666666666666665        5.6666666666666661       0.23832764132046647     
   2.6666666666666665        6.0000000000000000       0.21692870083053747     
   2.6666666666666665        6.3333333333333330       0.22876843242355627     
   2.6666666666666665        6.6666666666666661       0.20564700242957237     
   2.6666666666666665        7.0000000000000000       0.18318449096835768     
   2.6666666666666665        7.3333333333333330       0.17912695955370023     
   2.6666666666666665        7.6666666666666661       0.15738072447861101     
   2.6666666666666665        8.0000000000000000        3.6395282140488622E-002
   2.6666666666666665        8.3333333333333321        3.6885091134255595E-002
   2.6666666666666665        8.6666666666666661        3.0623600666810170E-002
   2.6666666666666665        9.0000000000000000        2.4805231396195851E-002
   2.6666666666666665        9.3333333333333321        1.5748431361916643E-002
   2.6666666666666665        9.6666666666666661        7.5857481807017259E-003
   2.6666666666666665        10.000000000000000        0.0000000000000000     
 
   3.0000000000000000        0.0000000000000000        0.0000000000000000     
   3.0000000000000000       0.33333333333333331        9.6649098299424734E-003
   3.0000000000000000       0.66666666666666663        1.9187715865785378E-002
   3.0000000000000000        1.0000000000000000        2.7331186132598769E-002
   3.0000000000000000        1.3333333333333333        6.3091359827811652E-002
   3.0000000000000000        1.6666666666666665        6.8124427836169829E-002
   3.0000000000000000        2.0000000000000000        8.1205016919133399E-002
   3.0000000000000000        2.3333333333333330        9.4739219829151095E-002
   3.0000000000000000        2.6666666666666665       0.10685120369149910     
   3.0000000000000000        3.0000000000000000       0.11891131490073033     
   3.0000000000000000        3.3333333333333330       0.14938373415347875     
   3.0000000000000000        3.6666666666666665       0.14266840245407811     
   3.0000000000000000        4.0000000000000000       0.20516301584101473     
   3.0000000000000000        4.3333333333333330       0.20437926481394311     
   3.0000000000000000        4.6666666666666661       0.21852278173818598     
   3.0000000000000000        5.0000000000000000       0.24130869569200381     
   3.0000000000000000        5.3333333333333330       0.26871446496516815     
   3.0000000000000000        5.6666666666666661       0.27146356905084795     
   3.0000000000000000        6.0000000000000000       0.27703786822950499     
   3.0000000000000000        6.3333333333333330       0.24931971357172292     
   3.0000000000000000        6.6666666666666661       0.23893943395142223     
   3.0000000000000000        7.0000000000000000       0.21187716796536696     
   3.0000000000000000        7.3333333333333330       0.19467692190202679     
   3.0000000000000000        7.6666666666666661       0.17799716594680895     
   3.0000000000000000        8.0000000000000000       0.15551427721624989     
   3.0000000000000000        8.3333333333333321        2.9445080796681726E-002
   3.0000000000000000        8.6666666666666661        2.9968559026657578E-002
   3.0000000000000000        9.0000000000000000        3.0310658891637858E-002
   3.0000000000000000        9.3333333333333321        1.5056727832344186E-002
   3.0000000000000000        9.6666666666666661        8.2733090077951842E-003
   3.0000000000000000        10.000000000000000        0.0000000000000000     
 
   3.3333333333333330        0.0000000000000000        0.0000000000000000     
   3.3333333333333330       0.33333333333333331        1.1722533809687465E-002
   3.3333333333333330       0.66666666666666663        2.4089268235439297E-002
   3.3333333333333330        1.0000000000000000        3.8184161707985699E-002
   3.3333333333333330        1.3333333333333333        5.8521436563487968E-002
   3.3333333333333330        1.6666666666666665        7.2811946259285359E-002
   3.3333333333333330        2.0000000000000000        8.8073627214071790E-002
   3.3333333333333330        2.3333333333333330       0.10418036506110809     
   3.3333333333333330        2.6666666666666665       0.12066893895778089     
   3.3333333333333330        3.0000000000000000       0.13762511663087520     
   3.3333333333333330        3.3333333333333330       0.15570558570911716     
   3.3333333333333330        3.6666666666666665       0.16181706527619813     
   3.3333333333333330        4.0000000000000000       0.20404896372773154     
   3.3333333333333330        4.3333333333333330       0.20668129806962315     
   3.3333333333333330        4.6666666666666661       0.21318616870142598     
   3.3333333333333330        5.0000000000000000       0.33740259235682962     
   3.3333333333333330        5.3333333333333330       0.31443584108612033     
   3.3333333333333330        5.6666666666666661       0.30358112875794796     
   3.3333333333333330        6.0000000000000000       0.30060348913148754     
   3.3333333333333330        6.3333333333333330       0.28199900278838219     
   3.3333333333333330        6.6666666666666661       0.25894841964553084     
   3.3333333333333330        7.0000000000000000       0.22716153673206849     
   3.3333333333333330        7.3333333333333330       0.20823574145042387     
   3.3333333333333330        7.6666666666666661       0.18084570107990347     
   3.3333333333333330        8.0000000000000000       0.15521831400419434     
   3.3333333333333330        8.3333333333333321        9.5286773529081728E-002
   3.3333333333333330        8.6666666666666661        4.9695123032011110E-002
   3.3333333333333330        9.0000000000000000        3.6580381298432274E-002
   3.3333333333333330        9.3333333333333321        2.2031600737429942E-002
   3.3333333333333330        9.6666666666666661        1.0564354637378558E-002
   3.3333333333333330        10.000000000000000        0.0000000000000000     
 
   3.6666666666666665        0.0000000000000000        0.0000000000000000     
   3.6666666666666665       0.33333333333333331        1.3257058867635105E-002
   3.6666666666666665       0.66666666666666663        2.7493763824176311E-002
   3.6666666666666665        1.0000000000000000        4.3114415109278333E-002
   3.6666666666666665        1.3333333333333333        6.0389762183988657E-002
   3.6666666666666665        1.6666666666666665        7.6907991892378055E-002
   3.6666666666666665        2.0000000000000000        9.4392447426489084E-002
   3.6666666666666665        2.3333333333333330       0.11337943739236342     
   3.6666666666666665        2.6666666666666665       0.13394098695395520     
   3.6666666666666665        3.0000000000000000       0.15487581013339005     
   3.6666666666666665        3.3333333333333330       0.17336399394587024     
   3.6666666666666665        3.6666666666666665       0.18637423338871514     
   3.6666666666666665        4.0000000000000000       0.20028132552676201     
   3.6666666666666665        4.3333333333333330       0.20404896372773154     
   3.6666666666666665        4.6666666666666661       0.37436964138648510     
   3.6666666666666665        5.0000000000000000       0.35385370153514911     
   3.6666666666666665        5.3333333333333330       0.34251508168243322     
   3.6666666666666665        5.6666666666666661       0.32272880588965636     
   3.6666666666666665        6.0000000000000000       0.31617058984995461     
   3.6666666666666665        6.3333333333333330       0.30068221863371419     
   3.6666666666666665        6.6666666666666661       0.28414412493009550     
   3.6666666666666665        7.0000000000000000       0.24617753485168214     
   3.6666666666666665        7.3333333333333330       0.22842198138545328     
   3.6666666666666665        7.6666666666666661       0.12876232099471924     
   3.6666666666666665        8.0000000000000000       0.12886524186339018     
   3.6666666666666665        8.3333333333333321        9.5694656160832184E-002
   3.6666666666666665        8.6666666666666661        6.3221986402806768E-002
   3.6666666666666665        9.0000000000000000        4.4657189168750056E-002
   3.6666666666666665        9.3333333333333321        2.6170117480349850E-002
   3.6666666666666665        9.6666666666666661        1.2078257847447964E-002
   3.6666666666666665        10.000000000000000        0.0000000000000000     
 
   4.0000000000000000        0.0000000000000000        0.0000000000000000     
   4.0000000000000000       0.33333333333333331        1.3934080672939705E-002
   4.0000000000000000       0.66666666666666663        2.9746932220629001E-002
   4.0000000000000000        1.0000000000000000        4.6703440331500624E-002
   4.0000000000000000        1.3333333333333333        6.3359713138520374E-002
   4.0000000000000000        1.6666666666666665        8.0332660757157212E-002
   4.0000000000000000        2.0000000000000000        9.9360366440830364E-002
   4.0000000000000000        2.3333333333333330       0.12091262145398810     
   4.0000000000000000        2.6666666666666665       0.14640623388679250     
   4.0000000000000000        3.0000000000000000       0.17374812541350954     
   4.0000000000000000        3.3333333333333330       0.19534137693306194     
   4.0000000000000000        3.6666666666666665       0.20872176741297285     
   4.0000000000000000        4.0000000000000000       0.20535056342737315     
   4.0000000000000000        4.3333333333333330       0.39006436190777993     
   4.0000000000000000        4.6666666666666661       0.38664672792924931     
   4.0000000000000000        5.0000000000000000       0.38562238542636390     
   4.0000000000000000        5.3333333333333330       0.37225425114809974     
   4.0000000000000000        5.6666666666666661       0.35416399886624800     
   4.0000000000000000        6.0000000000000000       0.33497804193573044     
   4.0000000000000000        6.3333333333333330       0.31531628793816258     
   4.0000000000000000        6.6666666666666661       0.28833324400997673     
   4.0000000000000000        7.0000000000000000       0.26087681789094697     
   4.0000000000000000        7.3333333333333330       0.19476703267730486     
   4.0000000000000000        7.6666666666666661       0.14643791335181541     
   4.0000000000000000        8.0000000000000000       0.13575737352146522     
   4.0000000000000000        8.3333333333333321       0.10225604996891713     
   4.0000000000000000        8.6666666666666661        6.2769021325009472E-002
   4.0000000000000000        9.0000000000000000        5.3014871886997043E-002
   4.0000000000000000        9.3333333333333321        2.0647075039784985E-002
   4.0000000000000000        9.6666666666666661        1.1706216397917833E-002
   4.0000000000000000        10.000000000000000        0.0000000000000000     
 
   4.3333333333333330        0.0000000000000000        0.0000000000000000     
   4.3333333333333330       0.33333333333333331        1.2851739972916955E-002
   4.3333333333333330       0.66666666666666663        3.1089282165056489E-002
   4.3333333333333330        1.0000000000000000        5.0903984936559704E-002
   4.3333333333333330        1.3333333333333333        6.6332367224287203E-002
   4.3333333333333330        1.6666666666666665        8.1939494162588375E-002
   4.3333333333333330        2.0000000000000000       0.10184205830262219     
   4.3333333333333330        2.3333333333333330       0.12421407810636308     
   4.3333333333333330        2.6666666666666665       0.15622376938557242     
   4.3333333333333330        3.0000000000000000       0.19695035005902242     
   4.3333333333333330        3.3333333333333330       0.22362256477637127     
   4.3333333333333330        3.6666666666666665       0.24568671471994347     
   4.3333333333333330        4.0000000000000000       0.37467580333736317     
   4.3333333333333330        4.3333333333333330       0.38438976676133146     
   4.3333333333333330        4.6666666666666661       0.39487605999208097     
   4.3333333333333330        5.0000000000000000       0.39017905645526629     
   4.3333333333333330        5.3333333333333330       0.38044647426328448     
   4.3333333333333330        5.6666666666666661       0.36596096413095847     
   4.3333333333333330        6.0000000000000000       0.34771538236771243     
   4.3333333333333330        6.3333333333333330       0.33153711720684287     
   4.3333333333333330        6.6666666666666661       0.27605785816667699     
   4.3333333333333330        7.0000000000000000       0.24444537647332154     
   4.3333333333333330        7.3333333333333330       0.19314883041378006     
   4.3333333333333330        7.6666666666666661       0.15670397580687939     
   4.3333333333333330        8.0000000000000000       0.13177217126627369     
   4.3333333333333330        8.3333333333333321       0.10244695089206600     
   4.3333333333333330        8.6666666666666661        7.2878590693433595E-002
   4.3333333333333330        9.0000000000000000        5.1980135767416301E-002
   4.3333333333333330        9.3333333333333321        2.9765587559891071E-002
   4.3333333333333330        9.6666666666666661        1.4209485385972760E-002
   4.3333333333333330        10.000000000000000        0.0000000000000000     
 
   4.6666666666666661        0.0000000000000000        0.0000000000000000     
   4.6666666666666661       0.33333333333333331        6.4901670313954416E-003
   4.6666666666666661       0.66666666666666663        5.9354845693576505E-002
   4.6666666666666661        1.0000000000000000        5.9821078329377463E-002
   4.6666666666666661        1.3333333333333333        6.9450241428545001E-002
   4.6666666666666661        1.6666666666666665        7.9479020510625178E-002
   4.6666666666666661        2.0000000000000000       0.11194536320322718     
   4.6666666666666661        2.3333333333333330       0.11750764175749452     
   4.6666666666666661        2.6666666666666665       0.23529442966480146     
   4.6666666666666661        3.0000000000000000       0.23204169820533996     
   4.6666666666666661        3.3333333333333330       0.25358061855828407     
   4.6666666666666661        3.6666666666666665       0.30109493741712701     
   4.6666666666666661        4.0000000000000000       0.35640300181955892     
   4.6666666666666661        4.3333333333333330       0.37950980311995608     
   4.6666666666666661        4.6666666666666661       0.39027804258255783     
   4.6666666666666661        5.0000000000000000       0.39072117020956337     
   4.6666666666666661        5.3333333333333330       0.38480299422968534     
   4.6666666666666661        5.6666666666666661       0.37358080773774993     
   4.6666666666666661        6.0000000000000000       0.35125081604086938     
   4.6666666666666661        6.3333333333333330       0.32512964005402217     
   4.6666666666666661        6.6666666666666661       0.30329256778080732     
   4.6666666666666661        7.0000000000000000       0.17604379870424000     
   4.6666666666666661        7.3333333333333330       0.17501072004968063     
   4.6666666666666661        7.6666666666666661       0.15472370174343236     
   4.6666666666666661        8.0000000000000000       0.13192331025900689     
   4.6666666666666661        8.3333333333333321       0.10296929597436251     
   4.6666666666666661        8.6666666666666661        7.4590199955414729E-002
   4.6666666666666661        9.0000000000000000        5.2563617285523112E-002
   4.6666666666666661        9.3333333333333321        3.2442252456712097E-002
   4.6666666666666661        9.6666666666666661        1.5483787396046124E-002
   4.6666666666666661        10.000000000000000        0.0000000000000000     
 
   5.0000000000000000        0.0000000000000000        0.0000000000000000     
   5.0000000000000000       0.33333333333333331        6.6759410531315594E-003
   5.0000000000000000       0.66666666666666663        5.0013595039440660E-002
   5.0000000000000000        1.0000000000000000        5.9971681054143744E-002
   5.0000000000000000        1.3333333333333333        7.2522082387591821E-002
   5.0000000000000000        1.6666666666666665        8.7342040271532972E-002
   5.0000000000000000        2.0000000000000000       0.10637412658128184     
   5.0000000000000000        2.3333333333333330       0.11622585316290020     
   5.0000000000000000        2.6666666666666665       0.24253477635938131     
   5.0000000000000000        3.0000000000000000       0.23914150975566070     
   5.0000000000000000        3.3333333333333330       0.35052460813931902     
   5.0000000000000000        3.6666666666666665       0.34299423197832873     
   5.0000000000000000        4.0000000000000000       0.36250706151469725     
   5.0000000000000000        4.3333333333333330       0.37825776139365586     
   5.0000000000000000        4.6666666666666661       0.38689184175523639     
   5.0000000000000000        5.0000000000000000       0.38852948632982193     
   5.0000000000000000        5.3333333333333330       0.38565364180976114     
   5.0000000000000000        5.6666666666666661       0.38400578615589459     
   5.0000000000000000        6.0000000000000000       0.30998670762579744     
   5.0000000000000000        6.3333333333333330       0.30818932354178752     
   5.0000000000000000        6.6666666666666661       0.25229268395582660     
   5.0000000000000000        7.0000000000000000       0.19167228316478382     
   5.0000000000000000        7.3333333333333330       0.17501479499972161     
   5.0000000000000000        7.6666666666666661       0.15457987780344315     
   5.0000000000000000        8.0000000000000000       0.13794412798666877     
   5.0000000000000000        8.3333333333333321        8.1349504638118825E-002
   5.0000000000000000        8.6666666666666661        7.0210856875248709E-002
   5.0000000000000000        9.0000000000000000        5.1536204078805728E-002
   5.0000000000000000        9.3333333333333321        3.2185936682454792E-002
   5.0000000000000000        9.6666666666666661        1.5408017076073704E-002
   5.0000000000000000        10.000000000000000        0.0000000000000000     
 
   5.3333333333333330        0.0000000000000000        0.0000000000000000     
   5.3333333333333330       0.33333333333333331        1.3594817024381015E-002
   5.3333333333333330       0.66666666666666663        4.0409318149541559E-002
   5.3333333333333330        1.0000000000000000        5.7899878057805762E-002
   5.3333333333333330        1.3333333333333333        7.3653562795180885E-002
   5.3333333333333330        1.6666666666666665        9.1221928014622089E-002
   5.3333333333333330        2.0000000000000000       0.11002356061460966     
   5.3333333333333330        2.3333333333333330       0.12468822224938096     
   5.3333333333333330        2.6666666666666665       0.22076059667089531     
   5.3333333333333330        3.0000000000000000       0.23950317442833816     
   5.3333333333333330        3.3333333333333330       0.34027244345537760     
   5.3333333333333330        3.6666666666666665       0.35061809637729896     
   5.3333333333333330        4.0000000000000000       0.36438690209464036     
   5.3333333333333330        4.3333333333333330       0.37551926915176670     
   5.3333333333333330        4.6666666666666661       0.38156097362594565     
   5.3333333333333330        5.0000000000000000       0.38185600562290550     
   5.3333333333333330        5.3333333333333330       0.37641678407494150     
   5.3333333333333330        5.6666666666666661       0.31901517553896341     
   5.3333333333333330        6.0000000000000000       0.30612810054002776     
   5.3333333333333330        6.3333333333333330       0.28385391417259609     
   5.3333333333333330        6.6666666666666661       0.24877944560282841     
   5.3333333333333330        7.0000000000000000       0.20673485829060345     
   5.3333333333333330        7.3333333333333330       0.17765770953548690     
   5.3333333333333330        7.6666666666666661       0.14997377484222693     
   5.3333333333333330        8.0000000000000000       0.12698152302161730     
   5.3333333333333330        8.3333333333333321        9.2839221678416184E-002
   5.3333333333333330        8.6666666666666661        7.3714868418249299E-002
   5.3333333333333330        9.0000000000000000        5.1505006347740898E-002
   5.3333333333333330        9.3333333333333321        2.9599660755240498E-002
   5.3333333333333330        9.6666666666666661        1.4092417695502131E-002
   5.3333333333333330        10.000000000000000        0.0000000000000000     
 
   5.6666666666666661        0.0000000000000000        0.0000000000000000     
   5.6666666666666661       0.33333333333333331        7.4001784712831482E-003
   5.6666666666666661       0.66666666666666663        1.8701960308186525E-002
   5.6666666666666661        1.0000000000000000        5.2350839337121091E-002
   5.6666666666666661        1.3333333333333333        7.3262863372191789E-002
   5.6666666666666661        1.6666666666666665        9.4043831664065367E-002
   5.6666666666666661        2.0000000000000000       0.11777989846795714     
   5.6666666666666661        2.3333333333333330       0.14751351762015402     
   5.6666666666666661        2.6666666666666665       0.19923462704521605     
   5.6666666666666661        3.0000000000000000       0.25521745391973344     
   5.6666666666666661        3.3333333333333330       0.32292727291660084     
   5.6666666666666661        3.6666666666666665       0.34740261446723053     
   5.6666666666666661        4.0000000000000000       0.36094591086546979     
   5.6666666666666661        4.3333333333333330       0.36946684777064248     
   5.6666666666666661        4.6666666666666661       0.37331889355209219     
   5.6666666666666661        5.0000000000000000       0.37223317595917466     
   5.6666666666666661        5.3333333333333330       0.35328028845417125     
   5.6666666666666661        5.6666666666666661       0.32585663956287797     
   5.6666666666666661        6.0000000000000000       0.26955047959618611     
   5.6666666666666661        6.3333333333333330       0.26761345724856062     
   5.6666666666666661        6.6666666666666661       0.21092098673776513     
   5.6666666666666661        7.0000000000000000       0.17467038390286621     
   5.6666666666666661        7.3333333333333330       0.14306779845780371     
   5.6666666666666661        7.6666666666666661       0.14010407761825491     
   5.6666666666666661        8.0000000000000000        9.6105416838998856E-002
   5.6666666666666661        8.3333333333333321        8.9577940901374012E-002
   5.6666666666666661        8.6666666666666661        8.0681093687872088E-002
   5.6666666666666661        9.0000000000000000        2.0591503640612033E-002
   5.6666666666666661        9.3333333333333321        2.0862638209915001E-002
   5.6666666666666661        9.6666666666666661        1.1494579261676003E-002
   5.6666666666666661        10.000000000000000        0.0000000000000000     
 
   6.0000000000000000        0.0000000000000000        0.0000000000000000     
   6.0000000000000000       0.33333333333333331        8.6767577436529988E-003
   6.0000000000000000       0.66666666666666663        1.8927923712615067E-002
   6.0000000000000000        1.0000000000000000        3.1723300040704332E-002
   6.0000000000000000        1.3333333333333333        0.0000000000000000     
   6.0000000000000000        1.6666666666666665       0.11910914597745009     
   6.0000000000000000        2.0000000000000000       0.11942732877244279     
   6.0000000000000000        2.3333333333333330       0.15708746382030245     
   6.0000000000000000        2.6666666666666665       0.17129548756921664     
   6.0000000000000000        3.0000000000000000       0.34966302827470669     
   6.0000000000000000        3.3333333333333330       0.34248403049768295     
   6.0000000000000000        3.6666666666666665       0.34792333869898001     
   6.0000000000000000        4.0000000000000000       0.35482167620634242     
   6.0000000000000000        4.3333333333333330       0.36003148055623552     
   6.0000000000000000        4.6666666666666661       0.36178172884695731     
   6.0000000000000000        5.0000000000000000       0.33468751001344471     
   6.0000000000000000        5.3333333333333330       0.33114170171320878     
   6.0000000000000000        5.6666666666666661       0.29892189971056465     
   6.0000000000000000        6.0000000000000000       0.26732381085386664     
   6.0000000000000000        6.3333333333333330       0.24532833277736374     
   6.0000000000000000        6.6666666666666661       0.20877051332838731     
   6.0000000000000000        7.0000000000000000       0.17361452646525508     
   6.0000000000000000        7.3333333333333330       0.14573897479034667     
   6.0000000000000000        7.6666666666666661       0.12700181479055658     
   6.0000000000000000        8.0000000000000000       0.10307052463417021     
   6.0000000000000000        8.3333333333333321        8.9123098451829919E-002
   6.0000000000000000        8.6666666666666661        7.9225137257395842E-002
   6.0000000000000000        9.0000000000000000        3.1495158860220564E-002
   6.0000000000000000        9.3333333333333321        2.2004682988840035E-002
   6.0000000000000000        9.6666666666666661        1.1156884225712040E-002
   6.0000000000000000        10.000000000000000        0.0000000000000000     
 
   6.3333333333333330        0.0000000000000000        0.0000000000000000     
   6.3333333333333330       0.33333333333333331        8.4764844870035064E-003
   6.3333333333333330       0.66666666666666663        1.6809887972065552E-002
   6.3333333333333330        1.0000000000000000        2.4145732060586532E-002
   6.3333333333333330        1.3333333333333333        7.4780557536240799E-002
   6.3333333333333330        1.6666666666666665       0.10930539689842160     
   6.3333333333333330        2.0000000000000000       0.12160493127375863     
   6.3333333333333330        2.3333333333333330       0.14238734637322412     
   6.3333333333333330        2.6666666666666665       0.15656680154411695     
   6.3333333333333330        3.0000000000000000       0.17631461724798630     
   6.3333333333333330        3.3333333333333330       0.34670395005890570     
   6.3333333333333330        3.6666666666666665       0.33991365895821407     
   6.3333333333333330        4.0000000000000000       0.34305905274613474     
   6.3333333333333330        4.3333333333333330       0.34650762143502895     
   6.3333333333333330        4.6666666666666661       0.34435114510444426     
   6.3333333333333330        5.0000000000000000       0.33164577873131862     
   6.3333333333333330        5.3333333333333330       0.26535226626862068     
   6.3333333333333330        5.6666666666666661       0.26605634374160159     
   6.3333333333333330        6.0000000000000000       0.25137568170488650     
   6.3333333333333330        6.3333333333333330       0.23424979761934273     
   6.3333333333333330        6.6666666666666661       0.20306349793045184     
   6.3333333333333330        7.0000000000000000       0.16416763498142203     
   6.3333333333333330        7.3333333333333330       0.13886852350350767     
   6.3333333333333330        7.6666666666666661       0.11906297437511880     
   6.3333333333333330        8.0000000000000000       0.10039141499354874     
   6.3333333333333330        8.3333333333333321        8.5092733290168990E-002
   6.3333333333333330        8.6666666666666661        6.8390458680844257E-002
   6.3333333333333330        9.0000000000000000        4.1372457118167436E-002
   6.3333333333333330        9.3333333333333321        2.4781534365833673E-002
   6.3333333333333330        9.6666666666666661        1.1273747562173149E-002
   6.3333333333333330        10.000000000000000        0.0000000000000000     
 
   6.6666666666666661        0.0000000000000000        0.0000000000000000     
   6.6666666666666661       0.33333333333333331        8.5266996044644720E-003
   6.6666666666666661       0.66666666666666663        1.5887532196264261E-002
   6.6666666666666661        1.0000000000000000        6.0634000778340927E-002
   6.6666666666666661        1.3333333333333333        7.5683750101173008E-002
   6.6666666666666661        1.6666666666666665        9.7580156461493234E-002
   6.6666666666666661        2.0000000000000000       0.11563020717694736     
   6.6666666666666661        2.3333333333333330       0.13422126698238487     
   6.6666666666666661        2.6666666666666665       0.15560913513388722     
   6.6666666666666661        3.0000000000000000       0.17579223925728571     
   6.6666666666666661        3.3333333333333330       0.27641601065451571     
   6.6666666666666661        3.6666666666666665       0.31538322067157060     
   6.6666666666666661        4.0000000000000000       0.32426763765246408     
   6.6666666666666661        4.3333333333333330       0.33169378760299650     
   6.6666666666666661        4.6666666666666661       0.33060447070054783     
   6.6666666666666661        5.0000000000000000       0.30948913771612940     
   6.6666666666666661        5.3333333333333330       0.26065315748606083     
   6.6666666666666661        5.6666666666666661       0.24451406189795560     
   6.6666666666666661        6.0000000000000000       0.23432644207372322     
   6.6666666666666661        6.3333333333333330       0.16300990645812261     
   6.6666666666666661        6.6666666666666661       0.14082623270031644     
   6.6666666666666661        7.0000000000000000       0.14024679851654287     
   6.6666666666666661        7.3333333333333330       0.12624739351833941     
   6.6666666666666661        7.6666666666666661       0.11010977155158738     
   6.6666666666666661        8.0000000000000000        9.4721399231997669E-002
   6.6666666666666661        8.3333333333333321        8.2971436761842224E-002
   6.6666666666666661        8.6666666666666661        4.5378313430701096E-002
   6.6666666666666661        9.0000000000000000        4.1274992355718236E-002
   6.6666666666666661        9.3333333333333321        1.6809486129235003E-002
   6.6666666666666661        9.6666666666666661        9.3110883392226278E-003
   6.6666666666666661        10.000000000000000        0.0000000000000000     
 
   7.0000000000000000        0.0000000000000000        0.0000000000000000     
   7.0000000000000000       0.33333333333333331        9.8650327163467815E-003
   7.0000000000000000       0.66666666666666663        2.2546553293834544E-002
   7.0000000000000000        1.0000000000000000        4.6320938415040855E-002
   7.0000000000000000        1.3333333333333333        7.0545662843062462E-002
   7.0000000000000000        1.6666666666666665        9.0410829396194159E-002
   7.0000000000000000        2.0000000000000000       0.10961420577064754     
   7.0000000000000000        2.3333333333333330       0.12345511134143576     
   7.0000000000000000        2.6666666666666665       0.17593214470519641     
   7.0000000000000000        3.0000000000000000       0.19482358978509906     
   7.0000000000000000        3.3333333333333330       0.23339992583112942     
   7.0000000000000000        3.6666666666666665       0.27793857063964167     
   7.0000000000000000        4.0000000000000000       0.30105167732037030     
   7.0000000000000000        4.3333333333333330       0.31918142015793910     
   7.0000000000000000        4.6666666666666661       0.15622268773377754     
   7.0000000000000000        5.0000000000000000       0.20365090287586068     
   7.0000000000000000        5.3333333333333330       0.21941883605229409     
   7.0000000000000000        5.6666666666666661       0.21372186926357264     
   7.0000000000000000        6.0000000000000000       0.20413631008532476     
   7.0000000000000000        6.3333333333333330       0.16238547455798666     
   7.0000000000000000        6.6666666666666661       0.14128489255012086     
   7.0000000000000000        7.0000000000000000       0.12955172747055985     
   7.0000000000000000        7.3333333333333330       0.11581691589913194     
   7.0000000000000000        7.6666666666666661       0.10070097939591385     
   7.0000000000000000        8.0000000000000000        8.5882230759355513E-002
   7.0000000000000000        8.3333333333333321        6.9656576010897128E-002
   7.0000000000000000        8.6666666666666661        5.0082261810745890E-002
   7.0000000000000000        9.0000000000000000        3.7617098173148102E-002
   7.0000000000000000        9.3333333333333321        2.4589370988093370E-002
   7.0000000000000000        9.6666666666666661        3.6402002296038391E-003
   7.0000000000000000        10.000000000000000        0.0000000000000000     
 
   7.3333333333333330        0.0000000000000000        0.0000000000000000     
   7.3333333333333330       0.33333333333333331        8.5357817541409243E-003
   7.3333333333333330       0.66666666666666663        1.8431644199939715E-002
   7.3333333333333330        1.0000000000000000        3.2146375619054063E-002
   7.3333333333333330        1.3333333333333333        8.0280382018456525E-002
   7.3333333333333330        1.6666666666666665        8.4756973429308310E-002
   7.3333333333333330        2.0000000000000000       0.11345550955868856     
   7.3333333333333330        2.3333333333333330       0.12702657220958402     
   7.3333333333333330        2.6666666666666665       0.15639920889568523     
   7.3333333333333330        3.0000000000000000       0.19295597507868495     
   7.3333333333333330        3.3333333333333330       0.22647539788980176     
   7.3333333333333330        3.6666666666666665       0.25086376168549629     
   7.3333333333333330        4.0000000000000000       0.27793857063964167     
   7.3333333333333330        4.3333333333333330       0.15622268773377754     
   7.3333333333333330        4.6666666666666661       0.15603712500176373     
   7.3333333333333330        5.0000000000000000       0.18605774825265595     
   7.3333333333333330        5.3333333333333330       0.19723532202434596     
   7.3333333333333330        5.6666666666666661       0.18453441551505678     
   7.3333333333333330        6.0000000000000000       0.13489257580071851     
   7.3333333333333330        6.3333333333333330       0.14041636573030719     
   7.3333333333333330        6.6666666666666661       0.13224113001923760     
   7.3333333333333330        7.0000000000000000       0.12094438032411160     
   7.3333333333333330        7.3333333333333330       0.10704605347665194     
   7.3333333333333330        7.6666666666666661        9.1435545679421415E-002
   7.3333333333333330        8.0000000000000000        7.9002446623291922E-002
   7.3333333333333330        8.3333333333333321        6.0295641582480942E-002
   7.3333333333333330        8.6666666666666661        4.8273792749677816E-002
   7.3333333333333330        9.0000000000000000        3.5040960840271015E-002
   7.3333333333333330        9.3333333333333321        1.9729617107517739E-002
   7.3333333333333330        9.6666666666666661        7.3511793623354969E-003
   7.3333333333333330        10.000000000000000        0.0000000000000000     
 
   7.6666666666666661        0.0000000000000000        0.0000000000000000     
   7.6666666666666661       0.33333333333333331        5.9867529852944933E-003
   7.6666666666666661       0.66666666666666663        1.0783967286266167E-002
   7.6666666666666661        1.0000000000000000        7.5657283090760058E-002
   7.6666666666666661        1.3333333333333333        7.7119656052241053E-002
   7.6666666666666661        1.6666666666666665        8.4748593087426549E-002
   7.6666666666666661        2.0000000000000000       0.10072559349424583     
   7.6666666666666661        2.3333333333333330       0.11532420302427387     
   7.6666666666666661        2.6666666666666665       0.12952521033393463     
   7.6666666666666661        3.0000000000000000       0.12685876190386480     
   7.6666666666666661        3.3333333333333330       0.18350941528984646     
   7.6666666666666661        3.6666666666666665       0.21810817425368387     
   7.6666666666666661        4.0000000000000000        7.0672866848709229E-002
   7.6666666666666661        4.3333333333333330       0.11089371847443062     
   7.6666666666666661        4.6666666666666661       0.12537901646198674     
   7.6666666666666661        5.0000000000000000       0.10618552461309738     
   7.6666666666666661        5.3333333333333330       0.14149840882588891     
   7.6666666666666661        5.6666666666666661       0.14120697053632711     
   7.6666666666666661        6.0000000000000000       0.12936348152734686     
   7.6666666666666661        6.3333333333333330       0.13203954631647644     
   7.6666666666666661        6.6666666666666661       0.12642194225124978     
   7.6666666666666661        7.0000000000000000       0.11524168103848231     
   7.6666666666666661        7.3333333333333330       0.10042816884022758     
   7.6666666666666661        7.6666666666666661        7.9537317331805052E-002
   7.6666666666666661        8.0000000000000000        4.1450907680521759E-002
   7.6666666666666661        8.3333333333333321        4.4885654974626682E-002
   7.6666666666666661        8.6666666666666661        2.3001958886617539E-002
   7.6666666666666661        9.0000000000000000        1.3274565964101211E-002
   7.6666666666666661        9.3333333333333321        1.2265332628619553E-002
   7.6666666666666661        9.6666666666666661        6.1710354633901657E-003
   7.6666666666666661        10.000000000000000        0.0000000000000000     
 
   8.0000000000000000        0.0000000000000000        0.0000000000000000     
   8.0000000000000000       0.33333333333333331        4.7409703624976219E-003
   8.0000000000000000       0.66666666666666663        8.1324367220436070E-003
   8.0000000000000000        1.0000000000000000        6.7745452595072239E-002
   8.0000000000000000        1.3333333333333333        6.9146186898169773E-002
   8.0000000000000000        1.6666666666666665        7.7620671510060843E-002
   8.0000000000000000        2.0000000000000000        9.0412622599408798E-002
   8.0000000000000000        2.3333333333333330       0.10483736369112931     
   8.0000000000000000        2.6666666666666665       0.11741030833734034     
   8.0000000000000000        3.0000000000000000       0.12779399650508322     
   8.0000000000000000        3.3333333333333330       0.14817506044737569     
   8.0000000000000000        3.6666666666666665        7.0672866848709229E-002
   8.0000000000000000        4.0000000000000000        7.1838853175388379E-002
   8.0000000000000000        4.3333333333333330        9.7162351577927852E-002
   8.0000000000000000        4.6666666666666661       0.10968809470534732     
   8.0000000000000000        5.0000000000000000       0.10739114838218071     
   8.0000000000000000        5.3333333333333330        9.6369246632435498E-002
   8.0000000000000000        5.6666666666666661       0.10906574941282907     
   8.0000000000000000        6.0000000000000000       0.10932186047939033     
   8.0000000000000000        6.3333333333333330        0.0000000000000000     
   8.0000000000000000        6.6666666666666661       0.11279985342974441     
   8.0000000000000000        7.0000000000000000       0.11365596921303581     
   8.0000000000000000        7.3333333333333330        3.8411304050126306E-002
   8.0000000000000000        7.6666666666666661        4.7348659025824372E-002
   8.0000000000000000        8.0000000000000000        3.8699664041632602E-002
   8.0000000000000000        8.3333333333333321        3.3573221998504911E-002
   8.0000000000000000        8.6666666666666661        2.3553910580255018E-002
   8.0000000000000000        9.0000000000000000        1.4605204919850861E-002
   8.0000000000000000        9.3333333333333321        1.0149625139855237E-002
   8.0000000000000000        9.6666666666666661        5.2022718039231820E-003
   8.0000000000000000        10.000000000000000        0.0000000000000000     
 
   8.3333333333333321        0.0000000000000000        0.0000000000000000     
   8.3333333333333321       0.33333333333333331        4.9512330737767800E-003
   8.3333333333333321       0.66666666666666663        9.0532039993166825E-003
   8.3333333333333321        1.0000000000000000        4.2366541388722458E-002
   8.3333333333333321        1.3333333333333333        5.5400942918096864E-002
   8.3333333333333321        1.6666666666666665        6.7419301333636217E-002
   8.3333333333333321        2.0000000000000000        7.9619621497367482E-002
   8.3333333333333321        2.3333333333333330        9.7233918496425278E-002
   8.3333333333333321        2.6666666666666665       0.10838407452092554     
   8.3333333333333321        3.0000000000000000       0.11953476979874107     
   8.3333333333333321        3.3333333333333330       0.13351107961008396     
   8.3333333333333321        3.6666666666666665        4.8867459841656087E-002
   8.3333333333333321        4.0000000000000000        4.9936242142603372E-002
   8.3333333333333321        4.3333333333333330        2.4297515211140285E-002
   8.3333333333333321        4.6666666666666661        2.2454166286132646E-002
   8.3333333333333321        5.0000000000000000        8.3467303388832223E-002
   8.3333333333333321        5.3333333333333330        8.4066960664172533E-002
   8.3333333333333321        5.6666666666666661        8.9556814664885576E-002
   8.3333333333333321        6.0000000000000000        8.9767385064884811E-002
   8.3333333333333321        6.3333333333333330        4.6935119397084939E-002
   8.3333333333333321        6.6666666666666661        0.0000000000000000     
   8.3333333333333321        7.0000000000000000        2.6404104008849912E-002
   8.3333333333333321        7.3333333333333330        3.0106623264356716E-002
   8.3333333333333321        7.6666666666666661        3.3379639686140446E-002
   8.3333333333333321        8.0000000000000000        3.3075148141279286E-002
   8.3333333333333321        8.3333333333333321        2.7764753628197730E-002
   8.3333333333333321        8.6666666666666661        1.2349862779904084E-002
   8.3333333333333321        9.0000000000000000        1.1802309182155671E-002
   8.3333333333333321        9.3333333333333321        8.7772552512879673E-003
   8.3333333333333321        9.6666666666666661        4.6181737730218953E-003
   8.3333333333333321        10.000000000000000        0.0000000000000000     
 
   8.6666666666666661        0.0000000000000000        0.0000000000000000     
   8.6666666666666661       0.33333333333333331        6.1350040857216254E-003
   8.6666666666666661       0.66666666666666663        1.4300371647092185E-002
   8.6666666666666661        1.0000000000000000        3.0269459044034330E-002
   8.6666666666666661        1.3333333333333333        4.3783699556273474E-002
   8.6666666666666661        1.6666666666666665        5.8225922513470238E-002
   8.6666666666666661        2.0000000000000000        6.4599414486141662E-002
   8.6666666666666661        2.3333333333333330        8.4737796598189197E-002
   8.6666666666666661        2.6666666666666665       0.10044114416066074     
   8.6666666666666661        3.0000000000000000       0.10941270047071001     
   8.6666666666666661        3.3333333333333330        0.0000000000000000     
   8.6666666666666661        3.6666666666666665        2.2960970180159111E-002
   8.6666666666666661        4.0000000000000000        3.0117667675419225E-002
   8.6666666666666661        4.3333333333333330        2.5180361249500093E-002
   8.6666666666666661        4.6666666666666661        2.3368513817274079E-002
   8.6666666666666661        5.0000000000000000        6.6764691900834894E-002
   8.6666666666666661        5.3333333333333330        6.7386786919992878E-002
   8.6666666666666661        5.6666666666666661        7.5754530823944274E-002
   8.6666666666666661        6.0000000000000000        7.0833694762960614E-002
   8.6666666666666661        6.3333333333333330        4.7470849450554693E-002
   8.6666666666666661        6.6666666666666661        2.1107530908167353E-002
   8.6666666666666661        7.0000000000000000        2.3269705955632679E-002
   8.6666666666666661        7.3333333333333330        2.2814269011392798E-002
   8.6666666666666661        7.6666666666666661        2.3581887236873350E-002
   8.6666666666666661        8.0000000000000000        1.4839503215837969E-002
   8.6666666666666661        8.3333333333333321        1.7214361128315460E-002
   8.6666666666666661        8.6666666666666661        1.3258303477711758E-002
   8.6666666666666661        9.0000000000000000        5.2023247212917602E-003
   8.6666666666666661        9.3333333333333321        3.3424302372786715E-003
   8.6666666666666661        9.6666666666666661        0.0000000000000000     
   8.6666666666666661        10.000000000000000        0.0000000000000000     
 
   9.0000000000000000        0.0000000000000000        0.0000000000000000     
   9.0000000000000000       0.33333333333333331        5.4466616662665075E-003
   9.0000000000000000       0.66666666666666663        1.2097911451053907E-002
   9.0000000000000000        1.0000000000000000        2.1327165778644384E-002
   9.0000000000000000        1.3333333333333333        3.2177578603464742E-002
   9.0000000000000000        1.6666666666666665        3.7520368148004864E-002
   9.0000000000000000        2.0000000000000000        5.7115023386365746E-002
   9.0000000000000000        2.3333333333333330        7.0311217700140233E-002
   9.0000000000000000        2.6666666666666665        2.0842592724188620E-003
   9.0000000000000000        3.0000000000000000        3.3889317952575404E-003
   9.0000000000000000        3.3333333333333330        1.1401928522705506E-002
   9.0000000000000000        3.6666666666666665        1.6502495608775890E-002
   9.0000000000000000        4.0000000000000000        2.3228189007405725E-002
   9.0000000000000000        4.3333333333333330        2.3799585473910416E-002
   9.0000000000000000        4.6666666666666661        1.6975721361754078E-003
   9.0000000000000000        5.0000000000000000        4.2991518903769600E-002
   9.0000000000000000        5.3333333333333330        4.3506346475972617E-002
   9.0000000000000000        5.6666666666666661        1.6798123222085046E-002
   9.0000000000000000        6.0000000000000000        1.9496605641006966E-002
   9.0000000000000000        6.3333333333333330        2.5123212415432576E-002
   9.0000000000000000        6.6666666666666661        1.9398642003865079E-002
   9.0000000000000000        7.0000000000000000        1.2100673643672143E-002
   9.0000000000000000        7.3333333333333330        1.4795196949191354E-002
   9.0000000000000000        7.6666666666666661        1.5048389215510570E-002
   9.0000000000000000        8.0000000000000000        1.2869287094376512E-002
   9.0000000000000000        8.3333333333333321        1.3432582261909366E-002
   9.0000000000000000        8.6666666666666661        1.0589141452588827E-002
   9.0000000000000000        9.0000000000000000        5.3944441330375853E-003
   9.0000000000000000        9.3333333333333321        3.4786843174624709E-003
   9.0000000000000000        9.6666666666666661        3.0139528213416660E-004
   9.0000000000000000        10.000000000000000        0.0000000000000000     
 
   9.3333333333333321        0.0000000000000000        0.0000000000000000     
   9.3333333333333321       0.33333333333333331        3.6988400835185993E-003
   9.3333333333333321       0.66666666666666663        7.6292232411070138E-003
   9.3333333333333321        1.0000000000000000        1.1287546465385925E-002
   9.3333333333333321        1.3333333333333333        1.2215225992453818E-002
   9.3333333333333321        1.6666666666666665        1.8709201268683685E-002
   9.3333333333333321        2.0000000000000000        2.6284375068858739E-003
   9.3333333333333321        2.3333333333333330        1.7811222564582895E-003
   9.3333333333333321        2.6666666666666665        2.1749747264003818E-003
   9.3333333333333321        3.0000000000000000        3.5298411745084408E-003
   9.3333333333333321        3.3333333333333330        6.6970561209961799E-003
   9.3333333333333321        3.6666666666666665        8.9578273622049256E-003
   9.3333333333333321        4.0000000000000000        0.0000000000000000     
   9.3333333333333321        4.3333333333333330        1.3562399350716878E-003
   9.3333333333333321        4.6666666666666661        1.7350748110299217E-003
   9.3333333333333321        5.0000000000000000        1.3227182358137060E-002
   9.3333333333333321        5.3333333333333330        2.0601203211325563E-002
   9.3333333333333321        5.6666666666666661        1.7100783533425024E-002
   9.3333333333333321        6.0000000000000000        1.4181564605040716E-002
   9.3333333333333321        6.3333333333333330        1.4483853952618430E-002
   9.3333333333333321        6.6666666666666661        1.2325487039758786E-002
   9.3333333333333321        7.0000000000000000        9.7091230098901079E-003
   9.3333333333333321        7.3333333333333330        9.5749857948972655E-003
   9.3333333333333321        7.6666666666666661        9.3148012936586227E-003
   9.3333333333333321        8.0000000000000000        8.5071967554050283E-003
   9.3333333333333321        8.3333333333333321        1.4672874074160673E-003
   9.3333333333333321        8.6666666666666661        1.7526164736051772E-003
   9.3333333333333321        9.0000000000000000        2.4929365804910253E-003
   9.3333333333333321        9.3333333333333321        1.8313860394845788E-003
   9.3333333333333321        9.6666666666666661        6.1522056468987449E-004
   9.3333333333333321        10.000000000000000        0.0000000000000000     
 
   9.6666666666666661        0.0000000000000000        0.0000000000000000     
   9.6666666666666661       0.33333333333333331        1.8213699477145483E-003
   9.6666666666666661       0.66666666666666663        3.6379402838726837E-003
   9.6666666666666661        1.0000000000000000        5.2015992395010027E-003
   9.6666666666666661        1.3333333333333333        6.0202562457129516E-003
   9.6666666666666661        1.6666666666666665        6.8176581437290242E-003
   9.6666666666666661        2.0000000000000000        2.7072830799087446E-003
   9.6666666666666661        2.3333333333333330        1.4579050067154247E-003
   9.6666666666666661        2.6666666666666665        1.3936965096986713E-003
   9.6666666666666661        3.0000000000000000        1.9965607139776111E-003
   9.6666666666666661        3.3333333333333330        3.1404859773869753E-003
   9.6666666666666661        3.6666666666666665        3.9848693900775105E-003
   9.6666666666666661        4.0000000000000000        4.9774322152314817E-004
   9.6666666666666661        4.3333333333333330        1.0053264307467748E-003
   9.6666666666666661        4.6666666666666661        2.1862461745203710E-003
   9.6666666666666661        5.0000000000000000        6.0410362374922269E-003
   9.6666666666666661        5.3333333333333330        8.8396576681933313E-003
   9.6666666666666661        5.6666666666666661        2.9150782740684665E-003
   9.6666666666666661        6.0000000000000000        5.8852937283115367E-003
   9.6666666666666661        6.3333333333333330        6.5506954652187165E-003
   9.6666666666666661        6.6666666666666661        5.9547346321258800E-003
   9.6666666666666661        7.0000000000000000        5.0664757384241890E-003
   9.6666666666666661        7.3333333333333330        4.7231213060630025E-003
   9.6666666666666661        7.6666666666666661        4.3732739034817100E-003
   9.6666666666666661        8.0000000000000000        3.5740306825142632E-003
   9.6666666666666661        8.3333333333333321        1.5179312806330122E-003
   9.6666666666666661        8.6666666666666661        1.0790334671665718E-003
   9.6666666666666661        9.0000000000000000        1.0850532584293555E-003
   9.6666666666666661        9.3333333333333321        8.0932813835326353E-004
   9.6666666666666661        9.6666666666666661        3.5259617456388120E-004
   9.6666666666666661        10.000000000000000        0.0000000000000000     
 
   10.000000000000000        0.0000000000000000        0.0000000000000000     
   10.000000000000000       0.33333333333333331        0.0000000000000000     
   10.000000000000000       0.66666666666666663        0.0000000000000000     
   10.000000000000000        1.0000000000000000        0.0000000000000000     
   10.000000000000000        1.3333333333333333        0.0000000000000000     
   10.000000000000000        1.6666666666666665        0.0000000000000000     
   10.000000000000000        2.0000000000000000        0.0000000000000000     
   10.000000000000000        2.3333333333333330        0.0000000000000000     
   10.000000000000000        2.6666666666666665        0.0000000000000000     
   10.000000000000000        3.0000000000000000        0.0000000000000000     
   10.000000000000000        3.3333333333333330        0.0000000000000000     
   10.000000000000000        3.6666666666666665        0.0000000000000000     
   10.000000000000000        4.0000000000000000        0.0000000000000000     
   10.000000000000000        4.3333333333333330        0.0000000000000000     
   10.000000000000000        4.6666666666666661        0.0000000000000000     
   10.000000000000000        5.0000000000000000        0.0000000000000000     
   10.000000000000000        5.3333333333333330        0.0000000000000000     
   10.000000000000000        5.6666666666666661        0.0000000000000000     
   10.000000000000000        6.0000000000000000        0.0000000000000000     
   10.000000000000000        6.3333333333333330        0.0000000000000000     
   10.000000000000000        6.6666666666666661        0.0000000000000000     
   10.000000000000000        7.0000000000000000        0.0000000000000000     
   10.000000000000000        7.3333333333333330        0.0000000000000000     
   10.000000000000000        7.6666666666666661        0.0000000000000000     
   10.000000000000000        8.0000000000000000        0.0000000000000000     
   10.000000000000000        8.3333333333333321        0.0000000000000000     
   10.000000000000000        8.6666666666666661        0.0000000000000000     
   10.000000000000000        9.0000000000000000        0.0000000000000000     
   10.000000000000000        9.3333333333333321        0.0000000000000000     
   10.000000000000000        9.6666666666666661        0.0000000000000000     
   10.000000000000000        10.000000000000000        0.0000000000000000     
 
