   0.0000000000000000        0.0000000000000000        0.0000000000000000     
   0.0000000000000000       0.33333333333333331        0.0000000000000000     
   0.0000000000000000       0.66666666666666663        0.0000000000000000     
   0.0000000000000000        1.0000000000000000        0.0000000000000000     
   0.0000000000000000        1.3333333333333333        0.0000000000000000     
   0.0000000000000000        1.6666666666666665        0.0000000000000000     
   0.0000000000000000        2.0000000000000000        0.0000000000000000     
   0.0000000000000000        2.3333333333333330        0.0000000000000000     
   0.0000000000000000        2.6666666666666665        0.0000000000000000     
   0.0000000000000000        3.0000000000000000        0.0000000000000000     
   0.0000000000000000        3.3333333333333330        0.0000000000000000     
   0.0000000000000000        3.6666666666666665        0.0000000000000000     
   0.0000000000000000        4.0000000000000000        0.0000000000000000     
   0.0000000000000000        4.3333333333333330        0.0000000000000000     
   0.0000000000000000        4.6666666666666661        0.0000000000000000     
   0.0000000000000000        5.0000000000000000        0.0000000000000000     
   0.0000000000000000        5.3333333333333330        0.0000000000000000     
   0.0000000000000000        5.6666666666666661        0.0000000000000000     
   0.0000000000000000        6.0000000000000000        0.0000000000000000     
   0.0000000000000000        6.3333333333333330        0.0000000000000000     
   0.0000000000000000        6.6666666666666661        0.0000000000000000     
   0.0000000000000000        7.0000000000000000        0.0000000000000000     
   0.0000000000000000        7.3333333333333330        0.0000000000000000     
   0.0000000000000000        7.6666666666666661        0.0000000000000000     
   0.0000000000000000        8.0000000000000000        0.0000000000000000     
   0.0000000000000000        8.3333333333333321        0.0000000000000000     
   0.0000000000000000        8.6666666666666661        0.0000000000000000     
   0.0000000000000000        9.0000000000000000        0.0000000000000000     
   0.0000000000000000        9.3333333333333321        0.0000000000000000     
   0.0000000000000000        9.6666666666666661        0.0000000000000000     
   0.0000000000000000        10.000000000000000        0.0000000000000000     
 
  0.33333333333333331        0.0000000000000000        0.0000000000000000     
  0.33333333333333331       0.33333333333333331        4.3969229208040902E-009
  0.33333333333333331       0.66666666666666663        7.1668841595614734E-009
  0.33333333333333331        1.0000000000000000        4.9959442750938359E-009
  0.33333333333333331        1.3333333333333333        1.2746164763798240E-008
  0.33333333333333331        1.6666666666666665        2.5888379563261579E-008
  0.33333333333333331        2.0000000000000000        5.9390889123394655E-008
  0.33333333333333331        2.3333333333333330        1.0461696275062193E-007
  0.33333333333333331        2.6666666666666665        1.2737376803241750E-007
  0.33333333333333331        3.0000000000000000        3.9129869210355998E-007
  0.33333333333333331        3.3333333333333330        4.9236067718449237E-007
  0.33333333333333331        3.6666666666666665        3.6819889360329094E-007
  0.33333333333333331        4.0000000000000000        3.1359728223440847E-007
  0.33333333333333331        4.3333333333333330        3.4785436289482247E-007
  0.33333333333333331        4.6666666666666661        2.5787423977588609E-007
  0.33333333333333331        5.0000000000000000        6.5479803213027909E-007
  0.33333333333333331        5.3333333333333330        2.2770092749031979E-006
  0.33333333333333331        5.6666666666666661        3.6269697521466423E-006
  0.33333333333333331        6.0000000000000000        5.0299718039953040E-006
  0.33333333333333331        6.3333333333333330        6.6925633879963610E-006
  0.33333333333333331        6.6666666666666661        3.4137064579798228E-006
  0.33333333333333331        7.0000000000000000        6.4713764292377617E-006
  0.33333333333333331        7.3333333333333330        1.9595666066389856E-006
  0.33333333333333331        7.6666666666666661        1.1007693676384603E-006
  0.33333333333333331        8.0000000000000000        5.8255067242338374E-007
  0.33333333333333331        8.3333333333333321        2.5205195432040448E-007
  0.33333333333333331        8.6666666666666661        1.2846506197694699E-007
  0.33333333333333331        9.0000000000000000        6.9342321200174373E-008
  0.33333333333333331        9.3333333333333321        2.7773269188633483E-008
  0.33333333333333331        9.6666666666666661        9.5693932273507790E-009
  0.33333333333333331        10.000000000000000        0.0000000000000000     
 
  0.66666666666666663        0.0000000000000000        0.0000000000000000     
  0.66666666666666663       0.33333333333333331        1.4694492139359901E-008
  0.66666666666666663       0.66666666666666663        2.6222471821564443E-008
  0.66666666666666663        1.0000000000000000        4.6193654908705739E-008
  0.66666666666666663        1.3333333333333333        3.2474644670424768E-008
  0.66666666666666663        1.6666666666666665        5.5954520833491947E-008
  0.66666666666666663        2.0000000000000000        1.6203181689210227E-007
  0.66666666666666663        2.3333333333333330        3.2661306791178861E-007
  0.66666666666666663        2.6666666666666665        1.1251707261569962E-006
  0.66666666666666663        3.0000000000000000        1.2883537030605293E-006
  0.66666666666666663        3.3333333333333330        1.6383463500292339E-006
  0.66666666666666663        3.6666666666666665        9.9151291186376448E-007
  0.66666666666666663        4.0000000000000000        8.1783772411152679E-007
  0.66666666666666663        4.3333333333333330        1.1289288973845820E-006
  0.66666666666666663        4.6666666666666661        0.0000000000000000     
  0.66666666666666663        5.0000000000000000        4.5034634984419908E-006
  0.66666666666666663        5.3333333333333330        6.7841861702099725E-006
  0.66666666666666663        5.6666666666666661        1.0299390181592904E-005
  0.66666666666666663        6.0000000000000000        1.4078309208374340E-005
  0.66666666666666663        6.3333333333333330        2.3978776731086127E-005
  0.66666666666666663        6.6666666666666661        3.4115639226058256E-005
  0.66666666666666663        7.0000000000000000        2.6031555418416956E-005
  0.66666666666666663        7.3333333333333330        1.4926866200144185E-006
  0.66666666666666663        7.6666666666666661        2.8264057426948131E-006
  0.66666666666666663        8.0000000000000000        1.4957462551934754E-006
  0.66666666666666663        8.3333333333333321        5.2779776809872900E-007
  0.66666666666666663        8.6666666666666661        3.1333468009836472E-007
  0.66666666666666663        9.0000000000000000        1.8764389449751869E-007
  0.66666666666666663        9.3333333333333321        5.9337907736028054E-008
  0.66666666666666663        9.6666666666666661        1.9987587192398631E-008
  0.66666666666666663        10.000000000000000        0.0000000000000000     
 
   1.0000000000000000        0.0000000000000000        0.0000000000000000     
   1.0000000000000000       0.33333333333333331        4.2166318353442236E-008
   1.0000000000000000       0.66666666666666663        8.1648767015081482E-008
   1.0000000000000000        1.0000000000000000        1.0373984017982363E-007
   1.0000000000000000        1.3333333333333333        4.6193654908705739E-008
   1.0000000000000000        1.6666666666666665        2.1274193660661230E-007
   1.0000000000000000        2.0000000000000000        3.5392161149757723E-007
   1.0000000000000000        2.3333333333333330        1.0053068678257207E-006
   1.0000000000000000        2.6666666666666665        1.9489429965139281E-006
   1.0000000000000000        3.0000000000000000        3.1136366689930074E-006
   1.0000000000000000        3.3333333333333330        5.1833164279076945E-006
   1.0000000000000000        3.6666666666666665        2.0044214495252413E-006
   1.0000000000000000        4.0000000000000000        1.5580953403185998E-006
   1.0000000000000000        4.3333333333333330        3.2091357525658040E-006
   1.0000000000000000        4.6666666666666661        3.2620122888374602E-006
   1.0000000000000000        5.0000000000000000        6.1189092402876842E-006
   1.0000000000000000        5.3333333333333330        1.5829628148319364E-005
   1.0000000000000000        5.6666666666666661        2.5389753155844233E-005
   1.0000000000000000        6.0000000000000000        2.8860816836337483E-005
   1.0000000000000000        6.3333333333333330        7.1127249209953833E-005
   1.0000000000000000        6.6666666666666661        7.0897771280100804E-005
   1.0000000000000000        7.0000000000000000        5.9487388259705312E-005
   1.0000000000000000        7.3333333333333330        3.1126791352525223E-005
   1.0000000000000000        7.6666666666666661        9.6781307727421389E-006
   1.0000000000000000        8.0000000000000000        3.3641705373057379E-006
   1.0000000000000000        8.3333333333333321        1.0227897152908648E-006
   1.0000000000000000        8.6666666666666661        6.9931061490199404E-007
   1.0000000000000000        9.0000000000000000        4.8541962154334873E-007
   1.0000000000000000        9.3333333333333321        1.5383438340775314E-008
   1.0000000000000000        9.6666666666666661        3.0643487121917388E-008
   1.0000000000000000        10.000000000000000        0.0000000000000000     
 
   1.3333333333333333        0.0000000000000000        0.0000000000000000     
   1.3333333333333333       0.33333333333333331        1.1150173039116310E-007
   1.3333333333333333       0.66666666666666663        2.2956673514529190E-007
   1.3333333333333333        1.0000000000000000        3.3545336961878546E-007
   1.3333333333333333        1.3333333333333333        5.6844080475851782E-007
   1.3333333333333333        1.6666666666666665        2.6817112620587168E-007
   1.3333333333333333        2.0000000000000000        1.9037428035685565E-006
   1.3333333333333333        2.3333333333333330        2.2733787294360203E-006
   1.3333333333333333        2.6666666666666665        4.2357604739778176E-006
   1.3333333333333333        3.0000000000000000        6.6856196172279894E-006
   1.3333333333333333        3.3333333333333330        1.8322327662768336E-005
   1.3333333333333333        3.6666666666666665        3.6535411207068079E-005
   1.3333333333333333        4.0000000000000000        1.2686398985922985E-005
   1.3333333333333333        4.3333333333333330        9.6981586029103573E-006
   1.3333333333333333        4.6666666666666661        2.5019613451590187E-005
   1.3333333333333333        5.0000000000000000        2.8787206140559237E-005
   1.3333333333333333        5.3333333333333330        3.8252753089300216E-005
   1.3333333333333333        5.6666666666666661        6.7551142939517391E-005
   1.3333333333333333        6.0000000000000000        2.9071613158944258E-004
   1.3333333333333333        6.3333333333333330        2.1889740896764788E-004
   1.3333333333333333        6.6666666666666661        1.7731235147523618E-004
   1.3333333333333333        7.0000000000000000        1.3096467536092489E-004
   1.3333333333333333        7.3333333333333330        7.8830801296177362E-005
   1.3333333333333333        7.6666666666666661        9.6581612786032955E-007
   1.3333333333333333        8.0000000000000000        1.8456132685057524E-006
   1.3333333333333333        8.3333333333333321        2.2613073159763057E-006
   1.3333333333333333        8.6666666666666661        1.6070487418547362E-006
   1.3333333333333333        9.0000000000000000        1.0148875596985685E-006
   1.3333333333333333        9.3333333333333321        3.1228887535070912E-007
   1.3333333333333333        9.6666666666666661        1.1668100559002089E-007
   1.3333333333333333        10.000000000000000        0.0000000000000000     
 
   1.6666666666666665        0.0000000000000000        0.0000000000000000     
   1.6666666666666665       0.33333333333333331        2.7471719259719930E-007
   1.6666666666666665       0.66666666666666663        5.9329836555896551E-007
   1.6666666666666665        1.0000000000000000        9.7205589933069329E-007
   1.6666666666666665        1.3333333333333333        1.3738207932228438E-006
   1.6666666666666665        1.6666666666666665        4.8784209070169630E-006
   1.6666666666666665        2.0000000000000000        3.2038808823981947E-006
   1.6666666666666665        2.3333333333333330        3.9193904384257488E-006
   1.6666666666666665        2.6666666666666665        9.6407673083860536E-006
   1.6666666666666665        3.0000000000000000        5.0770587026251058E-005
   1.6666666666666665        3.3333333333333330        5.8163602983465173E-005
   1.6666666666666665        3.6666666666666665        6.6486416053489024E-005
   1.6666666666666665        4.0000000000000000        2.6322127892654623E-005
   1.6666666666666665        4.3333333333333330        2.1383961041926827E-005
   1.6666666666666665        4.6666666666666661        4.5846862720463341E-005
   1.6666666666666665        5.0000000000000000        4.3321232441345422E-005
   1.6666666666666665        5.3333333333333330        7.2240695172349223E-005
   1.6666666666666665        5.6666666666666661        1.9341167313650056E-004
   1.6666666666666665        6.0000000000000000        5.9221680065605188E-004
   1.6666666666666665        6.3333333333333330        5.1127632640906814E-004
   1.6666666666666665        6.6666666666666661        4.3152330570281848E-004
   1.6666666666666665        7.0000000000000000        3.1505527908420937E-004
   1.6666666666666665        7.3333333333333330        1.3976830089527207E-004
   1.6666666666666665        7.6666666666666661        9.7660271180196686E-007
   1.6666666666666665        8.0000000000000000        2.4190866016420830E-006
   1.6666666666666665        8.3333333333333321        6.5444814132418855E-006
   1.6666666666666665        8.6666666666666661        3.8668999721217073E-006
   1.6666666666666665        9.0000000000000000        1.8573052647385793E-006
   1.6666666666666665        9.3333333333333321        7.9531192360308585E-007
   1.6666666666666665        9.6666666666666661        2.3303839347137703E-007
   1.6666666666666665        10.000000000000000        0.0000000000000000     
 
   2.0000000000000000        0.0000000000000000        0.0000000000000000     
   2.0000000000000000       0.33333333333333331        6.3247808495071729E-007
   2.0000000000000000       0.66666666666666663        1.4210169563767489E-006
   2.0000000000000000        1.0000000000000000        2.4332377347215227E-006
   2.0000000000000000        1.3333333333333333        3.7716060092853604E-006
   2.0000000000000000        1.6666666666666665        1.0715295535268670E-005
   2.0000000000000000        2.0000000000000000        4.8784209070169630E-006
   2.0000000000000000        2.3333333333333330        1.5672764966651843E-005
   2.0000000000000000        2.6666666666666665        2.8849663490547139E-005
   2.0000000000000000        3.0000000000000000        8.4950284073258668E-005
   2.0000000000000000        3.3333333333333330        1.4399148482500300E-004
   2.0000000000000000        3.6666666666666665        1.9800667253854263E-004
   2.0000000000000000        4.0000000000000000        2.5759802269583035E-004
   2.0000000000000000        4.3333333333333330        3.8813412828784762E-004
   2.0000000000000000        4.6666666666666661        1.3090425262502495E-004
   2.0000000000000000        5.0000000000000000        6.1974056669909718E-005
   2.0000000000000000        5.3333333333333330        0.0000000000000000     
   2.0000000000000000        5.6666666666666661        5.0289691514052446E-003
   2.0000000000000000        6.0000000000000000        1.8259773048561177E-003
   2.0000000000000000        6.3333333333333330        1.2009928332034393E-003
   2.0000000000000000        6.6666666666666661        1.0623975763891214E-003
   2.0000000000000000        7.0000000000000000        8.0938651871365129E-004
   2.0000000000000000        7.3333333333333330        2.0686806101736971E-007
   2.0000000000000000        7.6666666666666661        4.0493416148671966E-007
   2.0000000000000000        8.0000000000000000        5.7775437673996107E-005
   2.0000000000000000        8.3333333333333321        2.3223638231869590E-005
   2.0000000000000000        8.6666666666666661        8.8013043685641516E-006
   2.0000000000000000        9.0000000000000000        3.3798211084868205E-006
   2.0000000000000000        9.3333333333333321        1.4873134325431986E-006
   2.0000000000000000        9.6666666666666661        1.6682978863814834E-007
   2.0000000000000000        10.000000000000000        0.0000000000000000     
 
   2.3333333333333330        0.0000000000000000        0.0000000000000000     
   2.3333333333333330       0.33333333333333331        1.3899785687193300E-006
   2.3333333333333330       0.66666666666666663        3.2497146419389399E-006
   2.3333333333333330        1.0000000000000000        5.6579882937622073E-006
   2.3333333333333330        1.3333333333333333        2.7532586985783063E-005
   2.3333333333333330        1.6666666666666665        3.8272402212341492E-005
   2.3333333333333330        2.0000000000000000        1.2083244305358541E-004
   2.3333333333333330        2.3333333333333330        2.1192652261029966E-004
   2.3333333333333330        2.6666666666666665        2.6594051029428073E-004
   2.3333333333333330        3.0000000000000000        1.8446001200495324E-004
   2.3333333333333330        3.3333333333333330        3.4817697174034342E-004
   2.3333333333333330        3.6666666666666665        5.3686878980745915E-004
   2.3333333333333330        4.0000000000000000        4.6138811339542805E-004
   2.3333333333333330        4.3333333333333330        9.4290031836708594E-004
   2.3333333333333330        4.6666666666666661        3.6030068371788911E-003
   2.3333333333333330        5.0000000000000000        8.3307576864186713E-003
   2.3333333333333330        5.3333333333333330        1.4152293471754078E-002
   2.3333333333333330        5.6666666666666661        1.1776807681772198E-002
   2.3333333333333330        6.0000000000000000        4.8451674235571746E-003
   2.3333333333333330        6.3333333333333330        2.3165246161956665E-003
   2.3333333333333330        6.6666666666666661        2.6219695904204244E-003
   2.3333333333333330        7.0000000000000000        1.6818841579790043E-003
   2.3333333333333330        7.3333333333333330        9.9614182834064095E-004
   2.3333333333333330        7.6666666666666661        4.3826356885817193E-004
   2.3333333333333330        8.0000000000000000        1.4033479571386279E-004
   2.3333333333333330        8.3333333333333321        3.9289894836652418E-005
   2.3333333333333330        8.6666666666666661        1.2238657063803771E-005
   2.3333333333333330        9.0000000000000000        4.3032508154248064E-006
   2.3333333333333330        9.3333333333333321        1.5988633711545256E-006
   2.3333333333333330        9.6666666666666661        4.8624058939495385E-007
   2.3333333333333330        10.000000000000000        0.0000000000000000     
 
   2.6666666666666665        0.0000000000000000        0.0000000000000000     
   2.6666666666666665       0.33333333333333331        2.8666260109564623E-006
   2.6666666666666665       0.66666666666666663        7.3109190926520764E-006
   2.6666666666666665        1.0000000000000000        1.6077567565317131E-005
   2.6666666666666665        1.3333333333333333        3.9671223670995835E-005
   2.6666666666666665        1.6666666666666665        1.0787126720248393E-004
   2.6666666666666665        2.0000000000000000        2.1851609462339883E-004
   2.6666666666666665        2.3333333333333330        3.8051743152945310E-004
   2.6666666666666665        2.6666666666666665        5.5546247576604207E-004
   2.6666666666666665        3.0000000000000000        1.0878892578622726E-003
   2.6666666666666665        3.3333333333333330        7.9462135427924496E-004
   2.6666666666666665        3.6666666666666665        1.5422066412298673E-003
   2.6666666666666665        4.0000000000000000        1.5336129988535961E-003
   2.6666666666666665        4.3333333333333330        2.6787293804776489E-003
   2.6666666666666665        4.6666666666666661        6.1910855010898769E-003
   2.6666666666666665        5.0000000000000000        1.4068024149153180E-002
   2.6666666666666665        5.3333333333333330        2.5882483398136810E-002
   2.6666666666666665        5.6666666666666661        2.4033007888619586E-002
   2.6666666666666665        6.0000000000000000        1.0811280010337359E-002
   2.6666666666666665        6.3333333333333330        1.0813995731533266E-002
   2.6666666666666665        6.6666666666666661        7.3685522166060486E-003
   2.6666666666666665        7.0000000000000000        2.8942275016329427E-003
   2.6666666666666665        7.3333333333333330        1.7811628024990030E-003
   2.6666666666666665        7.6666666666666661        1.0860520173129023E-003
   2.6666666666666665        8.0000000000000000        7.4919899232547659E-006
   2.6666666666666665        8.3333333333333321        1.3958181468021280E-005
   2.6666666666666665        8.6666666666666661        6.9059446924922601E-006
   2.6666666666666665        9.0000000000000000        3.7044740328506571E-006
   2.6666666666666665        9.3333333333333321        1.5237880031624856E-006
   2.6666666666666665        9.6666666666666661        6.1395111942506718E-007
   2.6666666666666665        10.000000000000000        0.0000000000000000     
 
   3.0000000000000000        0.0000000000000000        0.0000000000000000     
   3.0000000000000000       0.33333333333333331        5.2118104151600316E-006
   3.0000000000000000       0.66666666666666663        1.3199718566330695E-005
   3.0000000000000000        1.0000000000000000        2.5045971935585103E-005
   3.0000000000000000        1.3333333333333333        1.4018740826488751E-004
   3.0000000000000000        1.6666666666666665        2.2121438189439996E-004
   3.0000000000000000        2.0000000000000000        4.3648116325554478E-004
   3.0000000000000000        2.3333333333333330        8.2930261873994304E-004
   3.0000000000000000        2.6666666666666665        1.4401213899901955E-003
   3.0000000000000000        3.0000000000000000        2.1894235103987617E-003
   3.0000000000000000        3.3333333333333330        4.7992873747228536E-003
   3.0000000000000000        3.6666666666666665        4.4011548228583995E-003
   3.0000000000000000        4.0000000000000000        2.2800959780927784E-003
   3.0000000000000000        4.3333333333333330        3.9581490174384771E-003
   3.0000000000000000        4.6666666666666661        8.6207523444433512E-003
   3.0000000000000000        5.0000000000000000        2.4919240916011390E-002
   3.0000000000000000        5.3333333333333330        6.7074125180224015E-002
   3.0000000000000000        5.6666666666666661        6.2710655458475081E-002
   3.0000000000000000        6.0000000000000000        5.0984329350463195E-002
   3.0000000000000000        6.3333333333333330        2.1870467506128272E-002
   3.0000000000000000        6.6666666666666661        1.8375195345164495E-002
   3.0000000000000000        7.0000000000000000        6.4240974386540741E-003
   3.0000000000000000        7.3333333333333330        3.5048903045936811E-003
   3.0000000000000000        7.6666666666666661        1.8839586037885348E-003
   3.0000000000000000        8.0000000000000000        5.2259712997909506E-004
   3.0000000000000000        8.3333333333333321        1.9251336119451080E-006
   3.0000000000000000        8.6666666666666661        3.6491613962741146E-006
   3.0000000000000000        9.0000000000000000        5.3054687590605571E-006
   3.0000000000000000        9.3333333333333321        2.2523710750115743E-006
   3.0000000000000000        9.6666666666666661        9.9262883040227501E-007
   3.0000000000000000        10.000000000000000        0.0000000000000000     
 
   3.3333333333333330        0.0000000000000000        0.0000000000000000     
   3.3333333333333330       0.33333333333333331        9.1531030022394047E-006
   3.3333333333333330       0.66666666666666663        2.6229942334532413E-005
   3.3333333333333330        1.0000000000000000        6.6449800957643133E-005
   3.3333333333333330        1.3333333333333333        1.7146523429765619E-004
   3.3333333333333330        1.6666666666666665        3.7374252275928913E-004
   3.3333333333333330        2.0000000000000000        8.1069925907238964E-004
   3.3333333333333330        2.3333333333333330        1.6782775797202459E-003
   3.3333333333333330        2.6666666666666665        3.2324332663430317E-003
   3.3333333333333330        3.0000000000000000        5.5975589586979378E-003
   3.3333333333333330        3.3333333333333330        8.5209437741996519E-003
   3.3333333333333330        3.6666666666666665        9.8724684599235373E-003
   3.3333333333333330        4.0000000000000000        7.3036880343946512E-003
   3.3333333333333330        4.3333333333333330        5.0261155969271972E-003
   3.3333333333333330        4.6666666666666661        5.0573967167602376E-003
   3.3333333333333330        5.0000000000000000       0.17459949100916311     
   3.3333333333333330        5.3333333333333330       0.19150462310014396     
   3.3333333333333330        5.6666666666666661       0.13334560697916875     
   3.3333333333333330        6.0000000000000000       0.11158930606372439     
   3.3333333333333330        6.3333333333333330        6.6693563240530510E-002
   3.3333333333333330        6.6666666666666661        3.8302749302383053E-002
   3.3333333333333330        7.0000000000000000        1.3934661323989062E-002
   3.3333333333333330        7.3333333333333330        6.5140300180239249E-003
   3.3333333333333330        7.6666666666666661        2.4936639561943903E-003
   3.3333333333333330        8.0000000000000000        9.3817825707772804E-004
   3.3333333333333330        8.3333333333333321        9.8419187828223780E-005
   3.3333333333333330        8.6666666666666661        2.6080827086674781E-005
   3.3333333333333330        9.0000000000000000        1.3134861377873570E-005
   3.3333333333333330        9.3333333333333321        5.4721150707313464E-006
   3.3333333333333330        9.6666666666666661        1.9754957485143826E-006
   3.3333333333333330        10.000000000000000        0.0000000000000000     
 
   3.6666666666666665        0.0000000000000000        0.0000000000000000     
   3.6666666666666665       0.33333333333333331        1.2788822705532873E-005
   3.6666666666666665       0.66666666666666663        3.7581625699355458E-005
   3.6666666666666665        1.0000000000000000        9.6488606823280645E-005
   3.6666666666666665        1.3333333333333333        2.4052957605751092E-004
   3.6666666666666665        1.6666666666666665        5.7819663053422119E-004
   3.6666666666666665        2.0000000000000000        1.3581259163103225E-003
   3.6666666666666665        2.3333333333333330        3.0518237891359384E-003
   3.6666666666666665        2.6666666666666665        6.4686454864580530E-003
   3.6666666666666665        3.0000000000000000        1.2219649086268849E-002
   3.6666666666666665        3.3333333333333330        1.9387795432031906E-002
   3.6666666666666665        3.6666666666666665        2.3012042895248545E-002
   3.6666666666666665        4.0000000000000000        1.4513395924352291E-002
   3.6666666666666665        4.3333333333333330        7.3036880343946512E-003
   3.6666666666666665        4.6666666666666661       0.22039766880133038     
   3.6666666666666665        5.0000000000000000       0.25140387102254291     
   3.6666666666666665        5.3333333333333330       0.48241006829797284     
   3.6666666666666665        5.6666666666666661       0.23852063981808697     
   3.6666666666666665        6.0000000000000000       0.21307847738470492     
   3.6666666666666665        6.3333333333333330       0.13559262510671746     
   3.6666666666666665        6.6666666666666661        7.8540493179192802E-002
   3.6666666666666665        7.0000000000000000        2.2557174642219024E-002
   3.6666666666666665        7.3333333333333330        1.0764300175907227E-002
   3.6666666666666665        7.6666666666666661        2.8922516268343671E-004
   3.6666666666666665        8.0000000000000000        5.2079154101194016E-004
   3.6666666666666665        8.3333333333333321        1.7904357254639122E-004
   3.6666666666666665        8.6666666666666661        6.0765379077536937E-005
   3.6666666666666665        9.0000000000000000        2.6753775129111389E-005
   3.6666666666666665        9.3333333333333321        9.2003497727396905E-006
   3.6666666666666665        9.6666666666666661        3.1441071483524654E-006
   3.6666666666666665        10.000000000000000        0.0000000000000000     
 
   4.0000000000000000        0.0000000000000000        0.0000000000000000     
   4.0000000000000000       0.33333333333333331        1.4945668348938740E-005
   4.0000000000000000       0.66666666666666663        4.5333068525902212E-005
   4.0000000000000000        1.0000000000000000        1.1799041068532498E-004
   4.0000000000000000        1.3333333333333333        3.0212348281381156E-004
   4.0000000000000000        1.6666666666666665        7.7440137443230339E-004
   4.0000000000000000        2.0000000000000000        1.9768946777766003E-003
   4.0000000000000000        2.3333333333333330        4.8318137487573954E-003
   4.0000000000000000        2.6666666666666665        1.1692351103132053E-002
   4.0000000000000000        3.0000000000000000        2.5209084246437596E-002
   4.0000000000000000        3.3333333333333330        4.5568067932332604E-002
   4.0000000000000000        3.6666666666666665        6.1762670406713384E-002
   4.0000000000000000        4.0000000000000000        2.9517847752424820E-002
   4.0000000000000000        4.3333333333333330       0.55412424556250284     
   4.0000000000000000        4.6666666666666661       0.30979101211992449     
   4.0000000000000000        5.0000000000000000        1.9286075382050856     
   4.0000000000000000        5.3333333333333330        1.4268014088956154     
   4.0000000000000000        5.6666666666666661       0.82032135537332007     
   4.0000000000000000        6.0000000000000000       0.47341233308846853     
   4.0000000000000000        6.3333333333333330       0.25821658914202378     
   4.0000000000000000        6.6666666666666661       0.10845065574782758     
   4.0000000000000000        7.0000000000000000        4.9286398534806729E-002
   4.0000000000000000        7.3333333333333330        8.2468214636132794E-003
   4.0000000000000000        7.6666666666666661        1.9902117147980458E-003
   4.0000000000000000        8.0000000000000000        1.0811372156960236E-003
   4.0000000000000000        8.3333333333333321        3.0308343193153811E-004
   4.0000000000000000        8.6666666666666661        8.2086121389257587E-005
   4.0000000000000000        9.0000000000000000        4.6102006517772846E-005
   4.0000000000000000        9.3333333333333321        9.4240345791585316E-006
   4.0000000000000000        9.6666666666666661        4.0873083081813141E-006
   4.0000000000000000        10.000000000000000        0.0000000000000000     
 
   4.3333333333333330        0.0000000000000000        0.0000000000000000     
   4.3333333333333330       0.33333333333333331        1.3924291602560369E-005
   4.3333333333333330       0.66666666666666663        4.7340316010280000E-005
   4.3333333333333330        1.0000000000000000        1.2089037711868196E-004
   4.3333333333333330        1.3333333333333333        3.0620423955699091E-004
   4.3333333333333330        1.6666666666666665        8.1094777407021018E-004
   4.3333333333333330        2.0000000000000000        2.3416640341922426E-003
   4.3333333333333330        2.3333333333333330        5.8649290594719218E-003
   4.3333333333333330        2.6666666666666665        1.7717802702702828E-002
   4.3333333333333330        3.0000000000000000        4.6424075595940223E-002
   4.3333333333333330        3.3333333333333330       0.10123583755074547     
   4.3333333333333330        3.6666666666666665       0.18105012681829397     
   4.3333333333333330        4.0000000000000000       0.87982700716194773     
   4.3333333333333330        4.3333333333333330        1.0203570772316348     
   4.3333333333333330        4.6666666666666661        2.9801701774277305     
   4.3333333333333330        5.0000000000000000        2.8278103612258563     
   4.3333333333333330        5.3333333333333330        2.2263061508176696     
   4.3333333333333330        5.6666666666666661        1.4605885951271198     
   4.3333333333333330        6.0000000000000000       0.80112717622743046     
   4.3333333333333330        6.3333333333333330       0.44091334793561920     
   4.3333333333333330        6.6666666666666661       0.10673030444937205     
   4.3333333333333330        7.0000000000000000        4.7119009840125195E-002
   4.3333333333333330        7.3333333333333330        1.3979477428397256E-002
   4.3333333333333330        7.6666666666666661        4.3426921972504542E-003
   4.3333333333333330        8.0000000000000000        1.5411635522381032E-003
   4.3333333333333330        8.3333333333333321        5.4082278301927024E-004
   4.3333333333333330        8.6666666666666661        1.8410950456327160E-004
   4.3333333333333330        9.0000000000000000        6.7194797402765109E-005
   4.3333333333333330        9.3333333333333321        2.2657205579184911E-005
   4.3333333333333330        9.6666666666666661        7.2420349308753702E-006
   4.3333333333333330        10.000000000000000        0.0000000000000000     
 
   4.6666666666666661        0.0000000000000000        0.0000000000000000     
   4.6666666666666661       0.33333333333333331        4.8009051933522714E-006
   4.6666666666666661       0.66666666666666663        5.8815672735049862E-005
   4.6666666666666661        1.0000000000000000        1.0709713175630971E-004
   4.6666666666666661        1.3333333333333333        2.2371992137390685E-004
   4.6666666666666661        1.6666666666666665        4.1303938155033991E-004
   4.6666666666666661        2.0000000000000000        1.2846962670836340E-003
   4.6666666666666661        2.3333333333333330        2.4179718511591871E-003
   4.6666666666666661        2.6666666666666665        4.2183027729433421E-002
   4.6666666666666661        3.0000000000000000        6.7475656241180279E-002
   4.6666666666666661        3.3333333333333330       0.18259952533527773     
   4.6666666666666661        3.6666666666666665       0.46060482206862829     
   4.6666666666666661        4.0000000000000000        1.0448447797357463     
   4.6666666666666661        4.3333333333333330        1.9026481122478591     
   4.6666666666666661        4.6666666666666661        3.3871307098430092     
   4.6666666666666661        5.0000000000000000        4.1973262918377472     
   4.6666666666666661        5.3333333333333330        3.4143474925471464     
   4.6666666666666661        5.6666666666666661        2.3153692791241305     
   4.6666666666666661        6.0000000000000000        1.0973590307627348     
   4.6666666666666661        6.3333333333333330       0.45229984459048395     
   4.6666666666666661        6.6666666666666661       0.22531353152613789     
   4.6666666666666661        7.0000000000000000        3.0642928659627105E-003
   4.6666666666666661        7.3333333333333330        5.3080157540949515E-003
   4.6666666666666661        7.6666666666666661        2.8554696919321468E-003
   4.6666666666666661        8.0000000000000000        1.3206399402120119E-003
   4.6666666666666661        8.3333333333333321        5.4473555892269011E-004
   4.6666666666666661        8.6666666666666661        1.9033962196328514E-004
   4.6666666666666661        9.0000000000000000        6.9962557690229451E-005
   4.6666666666666661        9.3333333333333321        2.5386750018742822E-005
   4.6666666666666661        9.6666666666666661        8.2724776699979431E-006
   4.6666666666666661        10.000000000000000        0.0000000000000000     
 
   5.0000000000000000        0.0000000000000000        0.0000000000000000     
   5.0000000000000000       0.33333333333333331        4.4757507072364531E-006
   5.0000000000000000       0.66666666666666663        5.7246848167223433E-005
   5.0000000000000000        1.0000000000000000        1.1064367435462752E-004
   5.0000000000000000        1.3333333333333333        2.4301125272527244E-004
   5.0000000000000000        1.6666666666666665        5.1913790755185834E-004
   5.0000000000000000        2.0000000000000000        1.0972626680770658E-003
   5.0000000000000000        2.3333333333333330        1.7988472081227501E-003
   5.0000000000000000        2.6666666666666665        2.0847959482356036E-002
   5.0000000000000000        3.0000000000000000        3.4598241849879106E-002
   5.0000000000000000        3.3333333333333330       0.41138942366720577     
   5.0000000000000000        3.6666666666666665       0.59748427149265637     
   5.0000000000000000        4.0000000000000000        1.1895303493838865     
   5.0000000000000000        4.3333333333333330        2.2921435063878466     
   5.0000000000000000        4.6666666666666661        4.0258576826477697     
   5.0000000000000000        5.0000000000000000        5.5901044719767148     
   5.0000000000000000        5.3333333333333330        4.4855314014836631     
   5.0000000000000000        5.6666666666666661        3.4719749894159673     
   5.0000000000000000        6.0000000000000000       0.18371776078113447     
   5.0000000000000000        6.3333333333333330       0.22087663099578955     
   5.0000000000000000        6.6666666666666661        3.1143941663948939E-002
   5.0000000000000000        7.0000000000000000        8.7491544304045873E-003
   5.0000000000000000        7.3333333333333330        5.0263205598021178E-003
   5.0000000000000000        7.6666666666666661        2.5053160566439912E-003
   5.0000000000000000        8.0000000000000000        1.3256425322636782E-003
   5.0000000000000000        8.3333333333333321        1.6423294278873274E-004
   5.0000000000000000        8.6666666666666661        1.1243679149000779E-004
   5.0000000000000000        9.0000000000000000        5.3408435652672006E-005
   5.0000000000000000        9.3333333333333321        2.1574455278765700E-005
   5.0000000000000000        9.6666666666666661        7.3802088570173137E-006
   5.0000000000000000        10.000000000000000        0.0000000000000000     
 
   5.3333333333333330        0.0000000000000000        0.0000000000000000     
   5.3333333333333330       0.33333333333333331        1.2366377974632038E-005
   5.3333333333333330       0.66666666666666663        5.0725199680207048E-005
   5.3333333333333330        1.0000000000000000        1.2382838970476735E-004
   5.3333333333333330        1.3333333333333333        3.0838266935524544E-004
   5.3333333333333330        1.6666666666666665        7.1861273761200922E-004
   5.3333333333333330        2.0000000000000000        1.6004427841523484E-003
   5.3333333333333330        2.3333333333333330        3.1813328028983349E-003
   5.3333333333333330        2.6666666666666665        2.3114391486583265E-002
   5.3333333333333330        3.0000000000000000        3.6490432771497799E-002
   5.3333333333333330        3.3333333333333330       0.29740292669168578     
   5.3333333333333330        3.6666666666666665       0.53091583137470721     
   5.3333333333333330        4.0000000000000000        1.0349462090823316     
   5.3333333333333330        4.3333333333333330        1.9280883205860870     
   5.3333333333333330        4.6666666666666661        3.2057721814443605     
   5.3333333333333330        5.0000000000000000        4.2981506200255879     
   5.3333333333333330        5.3333333333333330        3.8542369042880216     
   5.3333333333333330        5.6666666666666661       0.53171621479541753     
   5.3333333333333330        6.0000000000000000       0.24485222698416120     
   5.3333333333333330        6.3333333333333330       0.13507406434307029     
   5.3333333333333330        6.6666666666666661        5.1375796604223242E-002
   5.3333333333333330        7.0000000000000000        1.8460687185899407E-002
   5.3333333333333330        7.3333333333333330        7.0953875265365564E-003
   5.3333333333333330        7.6666666666666661        2.6472070200566542E-003
   5.3333333333333330        8.0000000000000000        1.1516914038310626E-003
   5.3333333333333330        8.3333333333333321        3.4711871275053317E-004
   5.3333333333333330        8.6666666666666661        1.3233199761755041E-004
   5.3333333333333330        9.0000000000000000        5.3385721655221141E-005
   5.3333333333333330        9.3333333333333321        1.8062475564280393E-005
   5.3333333333333330        9.6666666666666661        5.8873003275585644E-006
   5.3333333333333330        10.000000000000000        0.0000000000000000     
 
   5.6666666666666661        0.0000000000000000        0.0000000000000000     
   5.6666666666666661       0.33333333333333331        4.4647473254264619E-006
   5.6666666666666661       0.66666666666666663        8.2797880742624790E-006
   5.6666666666666661        1.0000000000000000        1.5697246275013469E-004
   5.6666666666666661        1.3333333333333333        3.8532794253710948E-004
   5.6666666666666661        1.6666666666666665        9.8225300993013548E-004
   5.6666666666666661        2.0000000000000000        2.5574004634586469E-003
   5.6666666666666661        2.3333333333333330        8.3567399623222585E-003
   5.6666666666666661        2.6666666666666665        2.4814794980731501E-002
   5.6666666666666661        3.0000000000000000        7.4334314884745928E-002
   5.6666666666666661        3.3333333333333330       0.20358569833797069     
   5.6666666666666661        3.6666666666666665       0.38907499459101497     
   5.6666666666666661        4.0000000000000000       0.73246598797721152     
   5.6666666666666661        4.3333333333333330        1.2975854978864194     
   5.6666666666666661        4.6666666666666661        2.0681210123006810     
   5.6666666666666661        5.0000000000000000        2.8979739663085886     
   5.6666666666666661        5.3333333333333330        2.1709880725325927     
   5.6666666666666661        5.6666666666666661        1.0121615264060664     
   5.6666666666666661        6.0000000000000000       0.11717594827463856     
   5.6666666666666661        6.3333333333333330        9.5281518383508707E-002
   5.6666666666666661        6.6666666666666661        1.9745156587475068E-002
   5.6666666666666661        7.0000000000000000        6.9426321622967305E-003
   5.6666666666666661        7.3333333333333330        2.1727690736499995E-003
   5.6666666666666661        7.6666666666666661        1.7448649804418629E-003
   5.6666666666666661        8.0000000000000000        2.8914362469216378E-004
   5.6666666666666661        8.3333333333333321        2.0924235940342857E-004
   5.6666666666666661        8.6666666666666661        1.2214951508412962E-004
   5.6666666666666661        9.0000000000000000        3.4499310477602670E-006
   5.6666666666666661        9.3333333333333321        6.4393716720087671E-006
   5.6666666666666661        9.6666666666666661        3.0756272620404317E-006
   5.6666666666666661        10.000000000000000        0.0000000000000000     
 
   6.0000000000000000        0.0000000000000000        0.0000000000000000     
   6.0000000000000000       0.33333333333333331        4.7584210460935831E-006
   6.0000000000000000       0.66666666666666663        1.5202989787989004E-005
   6.0000000000000000        1.0000000000000000        5.0956909690824206E-005
   6.0000000000000000        1.3333333333333333        0.0000000000000000     
   6.0000000000000000        1.6666666666666665        6.0323964087068474E-004
   6.0000000000000000        2.0000000000000000        1.0632161086107953E-003
   6.0000000000000000        2.3333333333333330        3.9663045105491563E-003
   6.0000000000000000        2.6666666666666665        8.7796378815536962E-003
   6.0000000000000000        3.0000000000000000        9.6552666099094145E-002
   6.0000000000000000        3.3333333333333330       0.15577582328900402     
   6.0000000000000000        3.6666666666666665       0.25263790733427050     
   6.0000000000000000        4.0000000000000000       0.44023710099070240     
   6.0000000000000000        4.3333333333333330       0.71508795232272238     
   6.0000000000000000        4.6666666666666661       0.99492560485485260     
   6.0000000000000000        5.0000000000000000       0.58062450262018073     
   6.0000000000000000        5.3333333333333330        1.0260530304638353     
   6.0000000000000000        5.6666666666666661       0.56528867183595088     
   6.0000000000000000        6.0000000000000000       0.20075590343758826     
   6.0000000000000000        6.3333333333333330        8.7324407559151648E-002
   6.0000000000000000        6.6666666666666661        3.2513942208853258E-002
   6.0000000000000000        7.0000000000000000        1.1712645389582090E-002
   6.0000000000000000        7.3333333333333330        4.1716884499323733E-003
   6.0000000000000000        7.6666666666666661        1.7022590017964810E-003
   6.0000000000000000        8.0000000000000000        5.9398951228356199E-004
   6.0000000000000000        8.3333333333333321        2.4390097680983933E-004
   6.0000000000000000        8.6666666666666661        1.2342158582235454E-004
   6.0000000000000000        9.0000000000000000        1.2837024789598176E-005
   6.0000000000000000        9.3333333333333321        6.6330400897237023E-006
   6.0000000000000000        9.6666666666666661        2.6070456508276587E-006
   6.0000000000000000        10.000000000000000        0.0000000000000000     
 
   6.3333333333333330        0.0000000000000000        0.0000000000000000     
   6.3333333333333330       0.33333333333333331        3.3223630637977755E-006
   6.3333333333333330       0.66666666666666663        9.2352707413989796E-006
   6.3333333333333330        1.0000000000000000        2.1366846244664988E-005
   6.3333333333333330        1.3333333333333333        3.9770111012848715E-005
   6.3333333333333330        1.6666666666666665        3.6959491183987872E-004
   6.3333333333333330        2.0000000000000000        8.0719057756993323E-004
   6.3333333333333330        2.3333333333333330        1.9239406110120817E-003
   6.3333333333333330        2.6666666666666665        3.3516196131936982E-003
   6.3333333333333330        3.0000000000000000        1.1474540974117612E-003
   6.3333333333333330        3.3333333333333330        9.1493748773630520E-002
   6.3333333333333330        3.6666666666666665       0.14708642563668561     
   6.3333333333333330        4.0000000000000000       0.23789237441722860     
   6.3333333333333330        4.3333333333333330       0.35535074890246632     
   6.3333333333333330        4.6666666666666661       0.44123403988652699     
   6.3333333333333330        5.0000000000000000       0.35220349394603789     
   6.3333333333333330        5.3333333333333330       0.11762997746833025     
   6.3333333333333330        5.6666666666666661       0.20120494919267923     
   6.3333333333333330        6.0000000000000000       0.11929950221522262     
   6.3333333333333330        6.3333333333333330        6.6689833892370265E-002
   6.3333333333333330        6.6666666666666661        3.0497921790779453E-002
   6.3333333333333330        7.0000000000000000        1.0732452968960981E-002
   6.3333333333333330        7.3333333333333330        3.9469047139577282E-003
   6.3333333333333330        7.6666666666666661        1.5251961061702774E-003
   6.3333333333333330        8.0000000000000000        5.8590764360987491E-004
   6.3333333333333330        8.3333333333333321        2.3878726772119400E-004
   6.3333333333333330        8.6666666666666661        1.0316789699803496E-004
   6.3333333333333330        9.0000000000000000        2.9769824623337194E-005
   6.3333333333333330        9.3333333333333321        1.0263180409579426E-005
   6.3333333333333330        9.6666666666666661        2.9513900803470856E-006
   6.3333333333333330        10.000000000000000        0.0000000000000000     
 
   6.6666666666666661        0.0000000000000000        0.0000000000000000     
   6.6666666666666661       0.33333333333333331        2.0886174108781903E-006
   6.6666666666666661       0.66666666666666663        4.7106273841560434E-006
   6.6666666666666661        1.0000000000000000        3.3629008486985521E-005
   6.6666666666666661        1.3333333333333333        7.2821851761290649E-005
   6.6666666666666661        1.6666666666666665        2.1856634039701749E-004
   6.6666666666666661        2.0000000000000000        4.7633532184113663E-004
   6.6666666666666661        2.3333333333333330        9.6209047248721241E-004
   6.6666666666666661        2.6666666666666665        1.6982558300369678E-003
   6.6666666666666661        3.0000000000000000        2.0358084344362050E-003
   6.6666666666666661        3.3333333333333330        3.7920483735603958E-002
   6.6666666666666661        3.6666666666666665        8.5930613201914058E-002
   6.6666666666666661        4.0000000000000000       0.12328902104337734     
   6.6666666666666661        4.3333333333333330       0.17808339927458325     
   6.6666666666666661        4.6666666666666661       0.23297634119266511     
   6.6666666666666661        5.0000000000000000       0.19350932212740724     
   6.6666666666666661        5.3333333333333330        9.5804092793595808E-002
   6.6666666666666661        5.6666666666666661        8.8886892492723399E-002
   6.6666666666666661        6.0000000000000000        6.7491323236473513E-002
   6.6666666666666661        6.3333333333333330        5.5815490593719586E-003
   6.6666666666666661        6.6666666666666661        2.6075277758144081E-003
   6.6666666666666661        7.0000000000000000        3.7013685418394882E-003
   6.6666666666666661        7.3333333333333330        2.0587362224735966E-003
   6.6666666666666661        7.6666666666666661        9.6303929458294046E-004
   6.6666666666666661        8.0000000000000000        4.2484256720730075E-004
   6.6666666666666661        8.3333333333333321        2.0773863732934518E-004
   6.6666666666666661        8.6666666666666661        2.0124595211059025E-005
   6.6666666666666661        9.0000000000000000        1.7163378391907581E-005
   6.6666666666666661        9.3333333333333321        2.6085360735275088E-006
   6.6666666666666661        9.6666666666666661        1.4386969956046853E-006
   6.6666666666666661        10.000000000000000        0.0000000000000000     
 
   7.0000000000000000        0.0000000000000000        0.0000000000000000     
   7.0000000000000000       0.33333333333333331        2.1054259574461939E-006
   7.0000000000000000       0.66666666666666663        6.8028389735122814E-006
   7.0000000000000000        1.0000000000000000        2.2340306963404951E-005
   7.0000000000000000        1.3333333333333333        5.8390974125810772E-005
   7.0000000000000000        1.6666666666666665        1.2788583091870060E-004
   7.0000000000000000        2.0000000000000000        2.8421255018337330E-004
   7.0000000000000000        2.3333333333333330        4.7301942511629908E-004
   7.0000000000000000        2.6666666666666665        2.3170916660365825E-003
   7.0000000000000000        3.0000000000000000        4.7794523449766002E-003
   7.0000000000000000        3.3333333333333330        1.4061753261414294E-002
   7.0000000000000000        3.6666666666666665        2.7927651494473075E-002
   7.0000000000000000        4.0000000000000000        5.8856788642977144E-002
   7.0000000000000000        4.3333333333333330        9.1842087473047812E-002
   7.0000000000000000        4.6666666666666661        1.8317314412052391E-003
   7.0000000000000000        5.0000000000000000        1.7670645226712838E-002
   7.0000000000000000        5.3333333333333330        3.6596678078089973E-002
   7.0000000000000000        5.6666666666666661        3.7837039355316779E-002
   7.0000000000000000        6.0000000000000000        3.1832089162214333E-002
   7.0000000000000000        6.3333333333333330        9.4562564875123722E-003
   7.0000000000000000        6.6666666666666661        3.3800500428348744E-003
   7.0000000000000000        7.0000000000000000        1.9547401729441438E-003
   7.0000000000000000        7.3333333333333330        1.0890105202988028E-003
   7.0000000000000000        7.6666666666666661        5.5378607804181456E-004
   7.0000000000000000        8.0000000000000000        2.6670218666707585E-004
   7.0000000000000000        8.3333333333333321        1.2265159823377089E-004
   7.0000000000000000        8.6666666666666661        3.9898708214915813E-005
   7.0000000000000000        9.0000000000000000        1.5963440063748516E-005
   7.0000000000000000        9.3333333333333321        6.0360242756201191E-006
   7.0000000000000000        9.6666666666666661        4.0536295500085264E-007
   7.0000000000000000        10.000000000000000        0.0000000000000000     
 
   7.3333333333333330        0.0000000000000000        0.0000000000000000     
   7.3333333333333330       0.33333333333333331        1.3378257680275140E-006
   7.3333333333333330       0.66666666666666663        3.8236135058866871E-006
   7.3333333333333330        1.0000000000000000        9.1805136420306590E-006
   7.3333333333333330        1.3333333333333333        2.6055058645520105E-005
   7.3333333333333330        1.6666666666666665        5.3255522200900811E-005
   7.3333333333333330        2.0000000000000000        2.4137539233457967E-004
   7.3333333333333330        2.3333333333333330        5.4126254542052150E-004
   7.3333333333333330        2.6666666666666665        1.5857284045765971E-003
   7.3333333333333330        3.0000000000000000        4.1242565591869838E-003
   7.3333333333333330        3.3333333333333330        9.0251177497730709E-003
   7.3333333333333330        3.6666666666666665        1.5267714749656366E-002
   7.3333333333333330        4.0000000000000000        2.7927651494473075E-002
   7.3333333333333330        4.3333333333333330        1.8317314412052391E-003
   7.3333333333333330        4.6666666666666661        3.2086818610226808E-003
   7.3333333333333330        5.0000000000000000        1.0383093051752291E-002
   7.3333333333333330        5.3333333333333330        1.7366888665260156E-002
   7.3333333333333330        5.6666666666666661        1.6491362740601884E-002
   7.3333333333333330        6.0000000000000000        1.9068267757394329E-003
   7.3333333333333330        6.3333333333333330        3.1741086377857718E-003
   7.3333333333333330        6.6666666666666661        1.8436825097648264E-003
   7.3333333333333330        7.0000000000000000        1.0484998244587912E-003
   7.3333333333333330        7.3333333333333330        5.9133766465410990E-004
   7.3333333333333330        7.6666666666666661        3.1614369941196038E-004
   7.3333333333333330        8.0000000000000000        1.7313934690120887E-004
   7.3333333333333330        8.3333333333333321        7.3965004065034741E-005
   7.3333333333333330        8.6666666666666661        3.3458716576465947E-005
   7.3333333333333330        9.0000000000000000        1.4089290315673999E-005
   7.3333333333333330        9.3333333333333321        4.6754616687345587E-006
   7.3333333333333330        9.6666666666666661        1.1652788481555233E-006
   7.3333333333333330        10.000000000000000        0.0000000000000000     
 
   7.6666666666666661        0.0000000000000000        0.0000000000000000     
   7.6666666666666661       0.33333333333333331        5.8091870877244229E-007
   7.6666666666666661       0.66666666666666663        1.2559840929715155E-006
   7.6666666666666661        1.0000000000000000        1.1175130157342505E-005
   7.6666666666666661        1.3333333333333333        2.0835537533002274E-005
   7.6666666666666661        1.6666666666666665        4.9776910661920681E-005
   7.6666666666666661        2.0000000000000000        1.3477406234965543E-004
   7.6666666666666661        2.3333333333333330        2.8634055134598010E-004
   7.6666666666666661        2.6666666666666665        5.5777126914841838E-004
   7.6666666666666661        3.0000000000000000        1.7462622506447744E-004
   7.6666666666666661        3.3333333333333330        2.7482071879676101E-003
   7.6666666666666661        3.6666666666666665        6.6280315436620255E-003
   7.6666666666666661        4.0000000000000000        4.1315596917506004E-005
   7.6666666666666661        4.3333333333333330        4.8702520044628547E-004
   7.6666666666666661        4.6666666666666661        1.0947868868694368E-003
   7.6666666666666661        5.0000000000000000        9.9208281507263249E-005
   7.6666666666666661        5.3333333333333330        2.8404756238129339E-003
   7.6666666666666661        5.6666666666666661        4.8871014426251783E-003
   7.6666666666666661        6.0000000000000000        2.0260969841466130E-003
   7.6666666666666661        6.3333333333333330        1.6896311441294350E-003
   7.6666666666666661        6.6666666666666661        1.0986339574562817E-003
   7.6666666666666661        7.0000000000000000        5.8107150256231713E-004
   7.6666666666666661        7.3333333333333330        3.6108258271723355E-004
   7.6666666666666661        7.6666666666666661        1.9217270208685835E-004
   7.6666666666666661        8.0000000000000000        1.5814947879435924E-005
   7.6666666666666661        8.3333333333333321        2.6422003034247081E-005
   7.6666666666666661        8.6666666666666661        2.0099901546137379E-006
   7.6666666666666661        9.0000000000000000        8.9984255818330370E-007
   7.6666666666666661        9.3333333333333321        1.4009200687973415E-006
   7.6666666666666661        9.6666666666666661        5.8499177350926503E-007
   7.6666666666666661        10.000000000000000        0.0000000000000000     
 
   8.0000000000000000        0.0000000000000000        0.0000000000000000     
   8.0000000000000000       0.33333333333333331        2.4119111470383204E-007
   8.0000000000000000       0.66666666666666663        4.5946780374664106E-007
   8.0000000000000000        1.0000000000000000        7.4715814690003737E-006
   8.0000000000000000        1.3333333333333333        1.3991918333738189E-005
   8.0000000000000000        1.6666666666666665        3.1504530970173654E-005
   8.0000000000000000        2.0000000000000000        7.0970791474067553E-005
   8.0000000000000000        2.3333333333333330        1.3912876495335286E-004
   8.0000000000000000        2.6666666666666665        2.3561158714086072E-004
   8.0000000000000000        3.0000000000000000        3.1711157473406732E-004
   8.0000000000000000        3.3333333333333330        9.1858860986690570E-004
   8.0000000000000000        3.6666666666666665        4.1315596917506004E-005
   8.0000000000000000        4.0000000000000000        7.5554608898615084E-005
   8.0000000000000000        4.3333333333333330        2.5562419058647583E-004
   8.0000000000000000        4.6666666666666661        4.0575393689676835E-004
   8.0000000000000000        5.0000000000000000        1.8047954505678019E-004
   8.0000000000000000        5.3333333333333330        6.7147229500617509E-004
   8.0000000000000000        5.6666666666666661        1.5220882127156311E-003
   8.0000000000000000        6.0000000000000000        1.0788603207772635E-003
   8.0000000000000000        6.3333333333333330        0.0000000000000000     
   8.0000000000000000        6.6666666666666661        1.4329230213178519E-004
   8.0000000000000000        7.0000000000000000        2.5965921314793336E-004
   8.0000000000000000        7.3333333333333330        2.1638419379942871E-005
   8.0000000000000000        7.6666666666666661        5.1639609474968735E-005
   8.0000000000000000        8.0000000000000000        1.8502323362344696E-005
   8.0000000000000000        8.3333333333333321        1.1327737571880572E-005
   8.0000000000000000        8.6666666666666661        3.7685718727950055E-006
   8.0000000000000000        9.0000000000000000        1.1941338493381561E-006
   8.0000000000000000        9.3333333333333321        6.5879023903002563E-007
   8.0000000000000000        9.6666666666666661        2.8693337863414399E-007
   8.0000000000000000        10.000000000000000        0.0000000000000000     
 
   8.3333333333333321        0.0000000000000000        0.0000000000000000     
   8.3333333333333321       0.33333333333333331        1.4125932940386069E-007
   8.3333333333333321       0.66666666666666663        2.9263496776549746E-007
   8.3333333333333321        1.0000000000000000        3.4758183014644858E-006
   8.3333333333333321        1.3333333333333333        8.1237165531488779E-006
   8.3333333333333321        1.6666666666666665        1.7721042470306232E-005
   8.3333333333333321        2.0000000000000000        3.7033176656684082E-005
   8.3333333333333321        2.3333333333333330        7.6596404469843492E-005
   8.3333333333333321        2.6666666666666665        1.1702804553827170E-004
   8.3333333333333321        3.0000000000000000        1.9144925448841721E-004
   8.3333333333333321        3.3333333333333330        3.9745966807470609E-004
   8.3333333333333321        3.6666666666666665        1.3583639482660925E-005
   8.3333333333333321        4.0000000000000000        2.5052600043267844E-005
   8.3333333333333321        4.3333333333333330        1.1327776307170241E-006
   8.3333333333333321        4.6666666666666661        4.7486892176585486E-007
   8.3333333333333321        5.0000000000000000        1.7956182633215628E-004
   8.3333333333333321        5.3333333333333330        3.2192144784435396E-004
   8.3333333333333321        5.6666666666666661        5.4053521806036802E-004
   8.3333333333333321        6.0000000000000000        4.8624946367991408E-004
   8.3333333333333321        6.3333333333333330        3.8527687903978632E-005
   8.3333333333333321        6.6666666666666661        0.0000000000000000     
   8.3333333333333321        7.0000000000000000        4.4140143925295109E-006
   8.3333333333333321        7.3333333333333330        9.5427004826624289E-006
   8.3333333333333321        7.6666666666666661        1.6046436850051333E-005
   8.3333333333333321        8.0000000000000000        1.0591218450655821E-005
   8.3333333333333321        8.3333333333333321        6.1390988356139086E-006
   8.3333333333333321        8.6666666666666661        3.9014411165439696E-007
   8.3333333333333321        9.0000000000000000        4.9268786110118727E-007
   8.3333333333333321        9.3333333333333321        3.3596462683954666E-007
   8.3333333333333321        9.6666666666666661        1.5952625889149776E-007
   8.3333333333333321        10.000000000000000        0.0000000000000000     
 
   8.6666666666666661        0.0000000000000000        0.0000000000000000     
   8.6666666666666661       0.33333333333333331        1.6254807983087333E-007
   8.6666666666666661       0.66666666666666663        5.4734166266423336E-007
   8.6666666666666661        1.0000000000000000        1.8890421163742629E-006
   8.6666666666666661        1.3333333333333333        4.3298948727633061E-006
   8.6666666666666661        1.6666666666666665        9.3001199954791216E-006
   8.6666666666666661        2.0000000000000000        1.3888891662590956E-005
   8.6666666666666661        2.3333333333333330        2.5093454699636625E-005
   8.6666666666666661        2.6666666666666665        6.0268715465252561E-005
   8.6666666666666661        3.0000000000000000        8.9008878887682899E-005
   8.6666666666666661        3.3333333333333330        0.0000000000000000     
   8.6666666666666661        3.6666666666666665        2.7940285721862504E-006
   8.6666666666666661        4.0000000000000000        6.7061206078288369E-006
   8.6666666666666661        4.3333333333333330        2.1295390696753172E-006
   8.6666666666666661        4.6666666666666661        9.0390996911806379E-007
   8.6666666666666661        5.0000000000000000        7.9073461317090654E-005
   8.6666666666666661        5.3333333333333330        1.4316227954391263E-004
   8.6666666666666661        5.6666666666666661        2.3658513478629856E-004
   8.6666666666666661        6.0000000000000000        2.0967556977881803E-004
   8.6666666666666661        6.3333333333333330        7.0228268694929973E-005
   8.6666666666666661        6.6666666666666661        3.3701371969049094E-006
   8.6666666666666661        7.0000000000000000        3.0718265508329797E-006
   8.6666666666666661        7.3333333333333330        4.0897722570522177E-006
   8.6666666666666661        7.6666666666666661        5.6999427234592828E-006
   8.6666666666666661        8.0000000000000000        8.6587000516433739E-007
   8.6666666666666661        8.3333333333333321        1.7229861350596822E-006
   8.6666666666666661        8.6666666666666661        6.4102791373903753E-007
   8.6666666666666661        9.0000000000000000        5.1127939163685772E-008
   8.6666666666666661        9.3333333333333321        1.6654910415028433E-008
   8.6666666666666661        9.6666666666666661        0.0000000000000000     
   8.6666666666666661        10.000000000000000        0.0000000000000000     
 
   9.0000000000000000        0.0000000000000000        0.0000000000000000     
   9.0000000000000000       0.33333333333333331        1.1363906894045932E-007
   9.0000000000000000       0.66666666666666663        3.4277872505052783E-007
   9.0000000000000000        1.0000000000000000        8.8023670592059385E-007
   9.0000000000000000        1.3333333333333333        1.8012218983430295E-006
   9.0000000000000000        1.6666666666666665        2.7950397439242135E-006
   9.0000000000000000        2.0000000000000000        7.2206978875756781E-006
   9.0000000000000000        2.3333333333333330        1.1274252492069730E-005
   9.0000000000000000        2.6666666666666665        9.7259167688341875E-009
   9.0000000000000000        3.0000000000000000        3.1298059581888251E-008
   9.0000000000000000        3.3333333333333330        5.1833065501869349E-007
   9.0000000000000000        3.6666666666666665        1.2765415459874310E-006
   9.0000000000000000        4.0000000000000000        2.4855235350198867E-006
   9.0000000000000000        4.3333333333333330        1.6071144027053576E-006
   9.0000000000000000        4.6666666666666661        9.0120218067389040E-008
   9.0000000000000000        5.0000000000000000        2.6199032257323614E-005
   9.0000000000000000        5.3333333333333330        4.7874382788340741E-005
   9.0000000000000000        5.6666666666666661        2.7803946111224493E-006
   9.0000000000000000        6.0000000000000000        8.1116147533975532E-006
   9.0000000000000000        6.3333333333333330        1.8808248679259307E-005
   9.0000000000000000        6.6666666666666661        6.5558184490785236E-006
   9.0000000000000000        7.0000000000000000        8.9558258715643660E-007
   9.0000000000000000        7.3333333333333330        1.5371731091632074E-006
   9.0000000000000000        7.6666666666666661        1.7790464747083066E-006
   9.0000000000000000        8.0000000000000000        7.7487654366056173E-007
   9.0000000000000000        8.3333333333333321        7.4060582211760089E-007
   9.0000000000000000        8.6666666666666661        3.8023077321718921E-007
   9.0000000000000000        9.0000000000000000        9.9984449437863906E-008
   9.0000000000000000        9.3333333333333321        3.3017339500011115E-008
   9.0000000000000000        9.6666666666666661        1.1045323891609125E-009
   9.0000000000000000        10.000000000000000        0.0000000000000000     
 
   9.3333333333333321        0.0000000000000000        0.0000000000000000     
   9.3333333333333321       0.33333333333333331        5.7355458874347775E-008
   9.3333333333333321       0.66666666666666663        1.4914119351907644E-007
   9.3333333333333321        1.0000000000000000        2.8536526869010215E-007
   9.3333333333333321        1.3333333333333333        3.3436611687196117E-007
   9.3333333333333321        1.6666666666666665        8.5402142182837640E-007
   9.3333333333333321        2.0000000000000000        2.5425791681301963E-008
   9.3333333333333321        2.3333333333333330        1.1533433395484609E-008
   9.3333333333333321        2.6666666666666665        1.9284037412932513E-008
   9.3333333333333321        3.0000000000000000        6.1106129176133523E-008
   9.3333333333333321        3.3333333333333330        2.1932716849423506E-007
   9.3333333333333321        3.6666666666666665        4.1767762691299520E-007
   9.3333333333333321        4.0000000000000000        0.0000000000000000     
   9.3333333333333321        4.3333333333333330        1.0312629174763199E-007
   9.3333333333333321        4.6666666666666661        1.7091940384946071E-007
   9.3333333333333321        5.0000000000000000        5.2406329044415144E-006
   9.3333333333333321        5.3333333333333330        1.2891099790119975E-005
   9.3333333333333321        5.6666666666666661        5.1701802893762343E-006
   9.3333333333333321        6.0000000000000000        4.1894577251795686E-006
   9.3333333333333321        6.3333333333333330        5.7153844605002266E-006
   9.3333333333333321        6.6666666666666661        2.9649159456322931E-006
   9.3333333333333321        7.0000000000000000        1.0419236303993355E-006
   9.3333333333333321        7.3333333333333330        7.1910932174353268E-007
   9.3333333333333321        7.6666666666666661        6.3782988018712390E-007
   9.3333333333333321        8.0000000000000000        3.9676079320582194E-007
   9.3333333333333321        8.3333333333333321        1.6518853911216210E-008
   9.3333333333333321        8.6666666666666661        1.2863086302272659E-008
   9.3333333333333321        9.0000000000000000        2.7353906293122082E-008
   9.3333333333333321        9.3333333333333321        1.3797046127602351E-008
   9.3333333333333321        9.6666666666666661        3.3171968833659214E-009
   9.3333333333333321        10.000000000000000        0.0000000000000000     
 
   9.6666666666666661        0.0000000000000000        0.0000000000000000     
   9.6666666666666661       0.33333333333333331        2.2229375574213442E-008
   9.6666666666666661       0.66666666666666663        5.3420631205379408E-008
   9.6666666666666661        1.0000000000000000        9.4260838431270049E-008
   9.6666666666666661        1.3333333333333333        1.2880276902860843E-007
   9.6666666666666661        1.6666666666666665        2.0954551575291608E-007
   9.6666666666666661        2.0000000000000000        5.0478984097011027E-008
   9.6666666666666661        2.3333333333333330        1.5106093453893904E-008
   9.6666666666666661        2.6666666666666665        1.3107382739318579E-008
   9.6666666666666661        3.0000000000000000        3.0627614602724158E-008
   9.6666666666666661        3.3333333333333330        7.6771415975416265E-008
   9.6666666666666661        3.6666666666666665        1.2684034130666980E-007
   9.6666666666666661        4.0000000000000000        4.3925624144293503E-008
   9.6666666666666661        4.3333333333333330        1.2651303894315040E-007
   9.6666666666666661        4.6666666666666661        4.6891678811864114E-007
   9.6666666666666661        5.0000000000000000        1.9793655732689876E-006
   9.6666666666666661        5.3333333333333330        3.8780979207354824E-006
   9.6666666666666661        5.6666666666666661        4.5383488306568927E-007
   9.6666666666666661        6.0000000000000000        1.2994702708266857E-006
   9.6666666666666661        6.3333333333333330        1.6648061147104543E-006
   9.6666666666666661        6.6666666666666661        1.0542794009824824E-006
   9.6666666666666661        7.0000000000000000        4.9044017809637631E-007
   9.6666666666666661        7.3333333333333330        2.9211569644942081E-007
   9.6666666666666661        7.6666666666666661        2.1708046127085436E-007
   9.6666666666666661        8.0000000000000000        1.3178739104036051E-007
   9.6666666666666661        8.3333333333333321        3.2345652617233894E-008
   9.6666666666666661        8.6666666666666661        1.0872804546856675E-008
   9.6666666666666661        9.0000000000000000        8.6706170938621039E-009
   9.6666666666666661        9.3333333333333321        4.8381206335957061E-009
   9.6666666666666661        9.6666666666666661        1.6328685722831062E-009
   9.6666666666666661        10.000000000000000        0.0000000000000000     
 
   10.000000000000000        0.0000000000000000        0.0000000000000000     
   10.000000000000000       0.33333333333333331        0.0000000000000000     
   10.000000000000000       0.66666666666666663        0.0000000000000000     
   10.000000000000000        1.0000000000000000        0.0000000000000000     
   10.000000000000000        1.3333333333333333        0.0000000000000000     
   10.000000000000000        1.6666666666666665        0.0000000000000000     
   10.000000000000000        2.0000000000000000        0.0000000000000000     
   10.000000000000000        2.3333333333333330        0.0000000000000000     
   10.000000000000000        2.6666666666666665        0.0000000000000000     
   10.000000000000000        3.0000000000000000        0.0000000000000000     
   10.000000000000000        3.3333333333333330        0.0000000000000000     
   10.000000000000000        3.6666666666666665        0.0000000000000000     
   10.000000000000000        4.0000000000000000        0.0000000000000000     
   10.000000000000000        4.3333333333333330        0.0000000000000000     
   10.000000000000000        4.6666666666666661        0.0000000000000000     
   10.000000000000000        5.0000000000000000        0.0000000000000000     
   10.000000000000000        5.3333333333333330        0.0000000000000000     
   10.000000000000000        5.6666666666666661        0.0000000000000000     
   10.000000000000000        6.0000000000000000        0.0000000000000000     
   10.000000000000000        6.3333333333333330        0.0000000000000000     
   10.000000000000000        6.6666666666666661        0.0000000000000000     
   10.000000000000000        7.0000000000000000        0.0000000000000000     
   10.000000000000000        7.3333333333333330        0.0000000000000000     
   10.000000000000000        7.6666666666666661        0.0000000000000000     
   10.000000000000000        8.0000000000000000        0.0000000000000000     
   10.000000000000000        8.3333333333333321        0.0000000000000000     
   10.000000000000000        8.6666666666666661        0.0000000000000000     
   10.000000000000000        9.0000000000000000        0.0000000000000000     
   10.000000000000000        9.3333333333333321        0.0000000000000000     
   10.000000000000000        9.6666666666666661        0.0000000000000000     
   10.000000000000000        10.000000000000000        0.0000000000000000     
 
