   0.0000000000000000        0.0000000000000000        0.0000000000000000     
   0.0000000000000000       0.33333333333333331        0.0000000000000000     
   0.0000000000000000       0.66666666666666663        0.0000000000000000     
   0.0000000000000000        1.0000000000000000        0.0000000000000000     
   0.0000000000000000        1.3333333333333333        0.0000000000000000     
   0.0000000000000000        1.6666666666666665        0.0000000000000000     
   0.0000000000000000        2.0000000000000000        0.0000000000000000     
   0.0000000000000000        2.3333333333333330        0.0000000000000000     
   0.0000000000000000        2.6666666666666665        0.0000000000000000     
   0.0000000000000000        3.0000000000000000        0.0000000000000000     
   0.0000000000000000        3.3333333333333330        0.0000000000000000     
   0.0000000000000000        3.6666666666666665        0.0000000000000000     
   0.0000000000000000        4.0000000000000000        0.0000000000000000     
   0.0000000000000000        4.3333333333333330        0.0000000000000000     
   0.0000000000000000        4.6666666666666661        0.0000000000000000     
   0.0000000000000000        5.0000000000000000        0.0000000000000000     
   0.0000000000000000        5.3333333333333330        0.0000000000000000     
   0.0000000000000000        5.6666666666666661        0.0000000000000000     
   0.0000000000000000        6.0000000000000000        0.0000000000000000     
   0.0000000000000000        6.3333333333333330        0.0000000000000000     
   0.0000000000000000        6.6666666666666661        0.0000000000000000     
   0.0000000000000000        7.0000000000000000        0.0000000000000000     
   0.0000000000000000        7.3333333333333330        0.0000000000000000     
   0.0000000000000000        7.6666666666666661        0.0000000000000000     
   0.0000000000000000        8.0000000000000000        0.0000000000000000     
   0.0000000000000000        8.3333333333333321        0.0000000000000000     
   0.0000000000000000        8.6666666666666661        0.0000000000000000     
   0.0000000000000000        9.0000000000000000        0.0000000000000000     
   0.0000000000000000        9.3333333333333321        0.0000000000000000     
   0.0000000000000000        9.6666666666666661        0.0000000000000000     
   0.0000000000000000        10.000000000000000        0.0000000000000000     
 
  0.33333333333333331        0.0000000000000000        0.0000000000000000     
  0.33333333333333331       0.33333333333333331        1.7539823983837417E-008
  0.33333333333333331       0.66666666666666663        2.8516580721657293E-008
  0.33333333333333331        1.0000000000000000        2.0723669820988164E-008
  0.33333333333333331        1.3333333333333333        5.1283572070231969E-008
  0.33333333333333331        1.6666666666666665        9.9711439663210641E-008
  0.33333333333333331        2.0000000000000000        2.1851576841382483E-007
  0.33333333333333331        2.3333333333333330        3.7115567015370346E-007
  0.33333333333333331        2.6666666666666665        4.3723034040756009E-007
  0.33333333333333331        3.0000000000000000        1.2852716271310996E-006
  0.33333333333333331        3.3333333333333330        1.5893496095387128E-006
  0.33333333333333331        3.6666666666666665        1.2261267904528302E-006
  0.33333333333333331        4.0000000000000000        1.0707104638758286E-006
  0.33333333333333331        4.3333333333333330        1.1781961903765120E-006
  0.33333333333333331        4.6666666666666661        8.7378399347785603E-007
  0.33333333333333331        5.0000000000000000        2.1280162921174776E-006
  0.33333333333333331        5.3333333333333330        7.1474079784007282E-006
  0.33333333333333331        5.6666666666666661        1.1196066152306410E-005
  0.33333333333333331        6.0000000000000000        1.5370367219756007E-005
  0.33333333333333331        6.3333333333333330        2.0024565482821342E-005
  0.33333333333333331        6.6666666666666661        1.0641503674528693E-005
  0.33333333333333331        7.0000000000000000        1.9928838741365633E-005
  0.33333333333333331        7.3333333333333330        6.2670481940939686E-006
  0.33333333333333331        7.6666666666666661        3.6570077235476589E-006
  0.33333333333333331        8.0000000000000000        2.0022093115409052E-006
  0.33333333333333331        8.3333333333333321        9.0520867216427647E-007
  0.33333333333333331        8.6666666666666661        4.8185949320727544E-007
  0.33333333333333331        9.0000000000000000        2.6940639083570918E-007
  0.33333333333333331        9.3333333333333321        1.1237787388687427E-007
  0.33333333333333331        9.6666666666666661        3.9951013072262272E-008
  0.33333333333333331        10.000000000000000        0.0000000000000000     
 
  0.66666666666666663        0.0000000000000000        0.0000000000000000     
  0.66666666666666663       0.33333333333333331        5.6338759509269254E-008
  0.66666666666666663       0.66666666666666663        9.9675653707446944E-008
  0.66666666666666663        1.0000000000000000        1.7757665515008764E-007
  0.66666666666666663        1.3333333333333333        1.2783242999962461E-007
  0.66666666666666663        1.6666666666666665        2.1150255195274769E-007
  0.66666666666666663        2.0000000000000000        5.8057076624851580E-007
  0.66666666666666663        2.3333333333333330        1.1256391568059809E-006
  0.66666666666666663        2.6666666666666665        3.7103773082886802E-006
  0.66666666666666663        3.0000000000000000        4.1085473639520435E-006
  0.66666666666666663        3.3333333333333330        5.0656478040558225E-006
  0.66666666666666663        3.6666666666666665        3.1986496315997827E-006
  0.66666666666666663        4.0000000000000000        2.7207569830727798E-006
  0.66666666666666663        4.3333333333333330        3.6918816612349555E-006
  0.66666666666666663        4.6666666666666661        0.0000000000000000     
  0.66666666666666663        5.0000000000000000        1.4336079940610288E-005
  0.66666666666666663        5.3333333333333330        2.0677098008929676E-005
  0.66666666666666663        5.6666666666666661        3.0676129495900916E-005
  0.66666666666666663        6.0000000000000000        4.1748466344182550E-005
  0.66666666666666663        6.3333333333333330        6.8897409333608731E-005
  0.66666666666666663        6.6666666666666661        1.0093869230134754E-004
  0.66666666666666663        7.0000000000000000        7.7755717007606300E-005
  0.66666666666666663        7.3333333333333330        5.1419932248983539E-006
  0.66666666666666663        7.6666666666666661        9.1982155901571503E-006
  0.66666666666666663        8.0000000000000000        5.0239444074643521E-006
  0.66666666666666663        8.3333333333333321        1.8634850539380878E-006
  0.66666666666666663        8.6666666666666661        1.1467638081164666E-006
  0.66666666666666663        9.0000000000000000        7.0678829889136015E-007
  0.66666666666666663        9.3333333333333321        2.3482878409291338E-007
  0.66666666666666663        9.6666666666666661        8.1481521336836016E-008
  0.66666666666666663        10.000000000000000        0.0000000000000000     
 
   1.0000000000000000        0.0000000000000000        0.0000000000000000     
   1.0000000000000000       0.33333333333333331        1.5460946847935906E-007
   1.0000000000000000       0.66666666666666663        2.9611262733434537E-007
   1.0000000000000000        1.0000000000000000        3.7402960270688595E-007
   1.0000000000000000        1.3333333333333333        1.7757665515008764E-007
   1.0000000000000000        1.6666666666666665        7.8194160097736782E-007
   1.0000000000000000        2.0000000000000000        1.2328132200506534E-006
   1.0000000000000000        2.3333333333333330        3.3141819566674456E-006
   1.0000000000000000        2.6666666666666665        6.1863982785756847E-006
   1.0000000000000000        3.0000000000000000        9.5078751004927266E-006
   1.0000000000000000        3.3333333333333330        1.5175652972029518E-005
   1.0000000000000000        3.6666666666666665        6.2361284933430613E-006
   1.0000000000000000        4.0000000000000000        5.0380868305399445E-006
   1.0000000000000000        4.3333333333333330        1.0026514065612369E-005
   1.0000000000000000        4.6666666666666661        1.0677512791507293E-005
   1.0000000000000000        5.0000000000000000        1.8923094783164869E-005
   1.0000000000000000        5.3333333333333330        4.5986884097642876E-005
   1.0000000000000000        5.6666666666666661        7.1723016087948347E-005
   1.0000000000000000        6.0000000000000000        8.2791911668070043E-005
   1.0000000000000000        6.3333333333333330        1.9482818432774792E-004
   1.0000000000000000        6.6666666666666661        1.9836090810704984E-004
   1.0000000000000000        7.0000000000000000        1.6986377766818302E-004
   1.0000000000000000        7.3333333333333330        9.2630964831356410E-005
   1.0000000000000000        7.6666666666666661        3.0049291192565838E-005
   1.0000000000000000        8.0000000000000000        1.0951591505543250E-005
   1.0000000000000000        8.3333333333333321        3.5349769147483099E-006
   1.0000000000000000        8.6666666666666661        2.4630781277501393E-006
   1.0000000000000000        9.0000000000000000        1.7550156545031856E-006
   1.0000000000000000        9.3333333333333321        6.4688419953430954E-008
   1.0000000000000000        9.6666666666666661        1.1999023755776041E-007
   1.0000000000000000        10.000000000000000        0.0000000000000000     
 
   1.3333333333333333        0.0000000000000000        0.0000000000000000     
   1.3333333333333333       0.33333333333333331        3.9119387379693139E-007
   1.3333333333333333       0.66666666666666663        7.9488950405859122E-007
   1.3333333333333333        1.0000000000000000        1.1458080933841402E-006
   1.3333333333333333        1.3333333333333333        1.9261133913678737E-006
   1.3333333333333333        1.6666666666666665        9.6559513265718792E-007
   1.3333333333333333        2.0000000000000000        6.2813059212975094E-006
   1.3333333333333333        2.3333333333333330        7.2790862156467859E-006
   1.3333333333333333        2.6666666666666665        1.2923447715645060E-005
   1.3333333333333333        3.0000000000000000        1.9667452002701428E-005
   1.3333333333333333        3.3333333333333330        5.0997946173671218E-005
   1.3333333333333333        3.6666666666666665        1.0111980391820508E-004
   1.3333333333333333        4.0000000000000000        3.7302919924734997E-005
   1.3333333333333333        4.3333333333333330        2.8927470451808358E-005
   1.3333333333333333        4.6666666666666661        7.2060018547376062E-005
   1.3333333333333333        5.0000000000000000        8.3060499739010299E-005
   1.3333333333333333        5.3333333333333330        1.0613477679285984E-004
   1.3333333333333333        5.6666666666666661        1.7891779179487230E-004
   1.3333333333333333        6.0000000000000000        7.3545216134097719E-004
   1.3333333333333333        6.3333333333333330        5.6670423476029206E-004
   1.3333333333333333        6.6666666666666661        4.6943406605012058E-004
   1.3333333333333333        7.0000000000000000        3.5611004189538503E-004
   1.3333333333333333        7.3333333333333330        2.2354643409950461E-004
   1.3333333333333333        7.6666666666666661        3.4483627609536629E-006
   1.3333333333333333        8.0000000000000000        6.2106299720060692E-006
   1.3333333333333333        8.3333333333333321        7.4002357554729638E-006
   1.3333333333333333        8.6666666666666661        5.3773457087253985E-006
   1.3333333333333333        9.0000000000000000        3.5083336967915605E-006
   1.3333333333333333        9.3333333333333321        1.1320941241401640E-006
   1.3333333333333333        9.6666666666666661        4.3361041747326918E-007
   1.3333333333333333        10.000000000000000        0.0000000000000000     
 
   1.6666666666666665        0.0000000000000000        0.0000000000000000     
   1.6666666666666665       0.33333333333333331        9.2616681009204465E-007
   1.6666666666666665       0.66666666666666663        1.9747654313701731E-006
   1.6666666666666665        1.0000000000000000        3.1692824106933098E-006
   1.6666666666666665        1.3333333333333333        4.3971610261388108E-006
   1.6666666666666665        1.6666666666666665        1.4939059225474524E-005
   1.6666666666666665        2.0000000000000000        1.0150133566724939E-005
   1.6666666666666665        2.3333333333333330        1.2161368621818519E-005
   1.6666666666666665        2.6666666666666665        2.8215891263725244E-005
   1.6666666666666665        3.0000000000000000        1.3952795525643127E-004
   1.6666666666666665        3.3333333333333330        1.5446012607730700E-004
   1.6666666666666665        3.6666666666666665        1.7288328037836081E-004
   1.6666666666666665        4.0000000000000000        7.3034159139417971E-005
   1.6666666666666665        4.3333333333333330        6.0822662499093855E-005
   1.6666666666666665        4.6666666666666661        1.2433069058389703E-004
   1.6666666666666665        5.0000000000000000        1.2029266349774566E-004
   1.6666666666666665        5.3333333333333330        1.9199915540569245E-004
   1.6666666666666665        5.6666666666666661        4.8263643623874493E-004
   1.6666666666666665        6.0000000000000000        1.3983579693184242E-003
   1.6666666666666665        6.3333333333333330        1.2535489508269299E-003
   1.6666666666666665        6.6666666666666661        1.0811411162192348E-003
   1.6666666666666665        7.0000000000000000        8.1174989689498109E-004
   1.6666666666666665        7.3333333333333330        3.8269211963692278E-004
   1.6666666666666665        7.6666666666666661        3.3623526620090241E-006
   1.6666666666666665        8.0000000000000000        7.8929586123669049E-006
   1.6666666666666665        8.3333333333333321        2.0189238411436527E-005
   1.6666666666666665        8.6666666666666661        1.2327575985662642E-005
   1.6666666666666665        9.0000000000000000        6.1640097181190603E-006
   1.6666666666666665        9.3333333333333321        2.7431107335028796E-006
   1.6666666666666665        9.6666666666666661        8.3548183003207093E-007
   1.6666666666666665        10.000000000000000        0.0000000000000000     
 
   2.0000000000000000        0.0000000000000000        0.0000000000000000     
   2.0000000000000000       0.33333333333333331        2.0620964046502060E-006
   2.0000000000000000       0.66666666666666663        4.5433413834553853E-006
   2.0000000000000000        1.0000000000000000        7.6026914036013175E-006
   2.0000000000000000        1.3333333333333333        1.1456281474475477E-005
   2.0000000000000000        1.6666666666666665        3.0907824207447688E-005
   2.0000000000000000        2.0000000000000000        1.4939059225474524E-005
   2.0000000000000000        2.3333333333333330        4.6239190514308128E-005
   2.0000000000000000        2.6666666666666665        8.0203974993932559E-005
   2.0000000000000000        3.0000000000000000        2.2321938452986968E-004
   2.0000000000000000        3.3333333333333330        3.6143079577298460E-004
   2.0000000000000000        3.6666666666666665        4.8114049611070554E-004
   2.0000000000000000        4.0000000000000000        6.5486118263910877E-004
   2.0000000000000000        4.3333333333333330        9.2515219245192370E-004
   2.0000000000000000        4.6666666666666661        3.3135447776233714E-004
   2.0000000000000000        5.0000000000000000        1.6730532028647510E-004
   2.0000000000000000        5.3333333333333330        0.0000000000000000     
   2.0000000000000000        5.6666666666666661        1.0296430140605987E-002
   2.0000000000000000        6.0000000000000000        4.0175013038940399E-003
   2.0000000000000000        6.3333333333333330        2.7927402399112716E-003
   2.0000000000000000        6.6666666666666661        2.5116272283309147E-003
   2.0000000000000000        7.0000000000000000        1.9789356705511205E-003
   2.0000000000000000        7.3333333333333330        8.1023645635139701E-007
   2.0000000000000000        7.6666666666666661        1.4846733346012024E-006
   2.0000000000000000        8.0000000000000000        1.6457737490113231E-004
   2.0000000000000000        8.3333333333333321        6.8299069518171023E-005
   2.0000000000000000        8.6666666666666661        2.6981577029158794E-005
   2.0000000000000000        9.0000000000000000        1.0861961163313528E-005
   2.0000000000000000        9.3333333333333321        5.0055721031012527E-006
   2.0000000000000000        9.6666666666666661        5.9792425750887593E-007
   2.0000000000000000        10.000000000000000        0.0000000000000000     
 
   2.3333333333333330        0.0000000000000000        0.0000000000000000     
   2.3333333333333330       0.33333333333333331        4.3665070110462630E-006
   2.3333333333333330       0.66666666666666663        1.0005495748242653E-005
   2.3333333333333330        1.0000000000000000        1.6984424790630109E-005
   2.3333333333333330        1.3333333333333333        7.8461042382202843E-005
   2.3333333333333330        1.6666666666666665        1.0473864521734659E-004
   2.3333333333333330        2.0000000000000000        3.2107227550319116E-004
   2.3333333333333330        2.3333333333333330        5.4225341961427630E-004
   2.3333333333333330        2.6666666666666665        6.5642381676493514E-004
   2.3333333333333330        3.0000000000000000        4.6534881731004308E-004
   2.3333333333333330        3.3333333333333330        8.2850443576066332E-004
   2.3333333333333330        3.6666666666666665        1.2237025420206969E-003
   2.3333333333333330        4.0000000000000000        1.0962621392482884E-003
   2.3333333333333330        4.3333333333333330        2.1156356483940423E-003
   2.3333333333333330        4.6666666666666661        7.6325413892008240E-003
   2.3333333333333330        5.0000000000000000        1.6533501768034975E-002
   2.3333333333333330        5.3333333333333330        2.6577360431972261E-002
   2.3333333333333330        5.6666666666666661        2.2428092481895850E-002
   2.3333333333333330        6.0000000000000000        1.0029959382891286E-002
   2.3333333333333330        6.3333333333333330        5.1568917865793184E-003
   2.3333333333333330        6.6666666666666661        5.8039375854666902E-003
   2.3333333333333330        7.0000000000000000        3.9129287665628718E-003
   2.3333333333333330        7.3333333333333330        2.4928177480412310E-003
   2.3333333333333330        7.6666666666666661        1.1282383855611682E-003
   2.3333333333333330        8.0000000000000000        3.7952581711905257E-004
   2.3333333333333330        8.3333333333333321        1.1153258105294750E-004
   2.3333333333333330        8.6666666666666661        3.6639832575167981E-005
   2.3333333333333330        9.0000000000000000        1.3610761055012847E-005
   2.3333333333333330        9.3333333333333321        5.3208906208278633E-006
   2.3333333333333330        9.6666666666666661        1.6755354914727335E-006
   2.3333333333333330        10.000000000000000        0.0000000000000000     
 
   2.6666666666666665        0.0000000000000000        0.0000000000000000     
   2.6666666666666665       0.33333333333333331        8.7092917129287667E-006
   2.6666666666666665       0.66666666666666663        2.1630163615091610E-005
   2.6666666666666665        1.0000000000000000        4.5931515136265917E-005
   2.6666666666666665        1.3333333333333333        1.0877097714780752E-004
   2.6666666666666665        1.6666666666666665        2.7869506311858607E-004
   2.6666666666666665        2.0000000000000000        5.4356036255687819E-004
   2.6666666666666665        2.3333333333333330        9.0928411499242249E-004
   2.6666666666666665        2.6666666666666665        1.2813732166128426E-003
   2.6666666666666665        3.0000000000000000        2.4251677765266201E-003
   2.6666666666666665        3.3333333333333330        1.7972358403922472E-003
   2.6666666666666665        3.6666666666666665        3.2520537270919240E-003
   2.6666666666666665        4.0000000000000000        3.4733125716102341E-003
   2.6666666666666665        4.3333333333333330        5.6285312990443457E-003
   2.6666666666666665        4.6666666666666661        1.2109798832839686E-002
   2.6666666666666665        5.0000000000000000        2.5647661859643785E-002
   2.6666666666666665        5.3333333333333330        4.4532262856776431E-002
   2.6666666666666665        5.6666666666666661        4.2245245454166372E-002
   2.6666666666666665        6.0000000000000000        2.0663915130903966E-002
   2.6666666666666665        6.3333333333333330        2.1959785706910966E-002
   2.6666666666666665        6.6666666666666661        1.5169817143615821E-002
   2.6666666666666665        7.0000000000000000        6.4348436665262717E-003
   2.6666666666666665        7.3333333333333330        4.1558035556051622E-003
   2.6666666666666665        7.6666666666666661        2.6435826663454751E-003
   2.6666666666666665        8.0000000000000000        2.3807752899749288E-005
   2.6666666666666665        8.3333333333333321        4.1934480897319391E-005
   2.6666666666666665        8.6666666666666661        2.1546297563680307E-005
   2.6666666666666665        9.0000000000000000        1.1962180028759946E-005
   2.6666666666666665        9.3333333333333321        5.1277831412818248E-006
   2.6666666666666665        9.6666666666666661        2.1054383671507237E-006
   2.6666666666666665        10.000000000000000        0.0000000000000000     
 
   3.0000000000000000        0.0000000000000000        0.0000000000000000     
   3.0000000000000000       0.33333333333333331        1.5327453856432977E-005
   3.0000000000000000       0.66666666666666663        3.7791413565558824E-005
   3.0000000000000000        1.0000000000000000        6.9510999364287074E-005
   3.0000000000000000        1.3333333333333333        3.6394156437862001E-004
   3.0000000000000000        1.6666666666666665        5.4752677869644749E-004
   3.0000000000000000        2.0000000000000000        1.0263503914192432E-003
   3.0000000000000000        2.3333333333333330        1.8574731639391217E-003
   3.0000000000000000        2.6666666666666665        3.0849795057471046E-003
   3.0000000000000000        3.0000000000000000        4.5389670279491479E-003
   3.0000000000000000        3.3333333333333330        9.5471716488762879E-003
   3.0000000000000000        3.6666666666666665        8.6350546230606288E-003
   3.0000000000000000        4.0000000000000000        5.0335470033424567E-003
   3.0000000000000000        4.3333333333333330        8.0929312288164704E-003
   3.0000000000000000        4.6666666666666661        1.6106812492049240E-002
   3.0000000000000000        5.0000000000000000        4.2281338506598563E-002
   3.0000000000000000        5.3333333333333330       0.10438076177961741     
   3.0000000000000000        5.6666666666666661       0.10159253152576804     
   3.0000000000000000        6.0000000000000000        8.7697225712588728E-002
   3.0000000000000000        6.3333333333333330        4.1133970378331580E-002
   3.0000000000000000        6.6666666666666661        3.5148783265369875E-002
   3.0000000000000000        7.0000000000000000        1.3377750174790624E-002
   3.0000000000000000        7.3333333333333330        7.6904433940031339E-003
   3.0000000000000000        7.6666666666666661        4.3772965398053724E-003
   3.0000000000000000        8.0000000000000000        1.3370810533685602E-003
   3.0000000000000000        8.3333333333333321        6.6559817110827286E-006
   3.0000000000000000        8.6666666666666661        1.1917504929222102E-005
   3.0000000000000000        9.0000000000000000        1.6740788417943652E-005
   3.0000000000000000        9.3333333333333321        7.2740712548349547E-006
   3.0000000000000000        9.6666666666666661        3.2762656255882559E-006
   3.0000000000000000        10.000000000000000        0.0000000000000000     
 
   3.3333333333333330        0.0000000000000000        0.0000000000000000     
   3.3333333333333330       0.33333333333333331        2.6057485950541601E-005
   3.3333333333333330       0.66666666666666663        7.2011012840990206E-005
   3.3333333333333330        1.0000000000000000        1.7421989781176258E-004
   3.3333333333333330        1.3333333333333333        4.2896770160647467E-004
   3.3333333333333330        1.6666666666666665        8.8368720380740723E-004
   3.3333333333333330        2.0000000000000000        1.8122618186785463E-003
   3.3333333333333330        2.3333333333333330        3.5516826975094022E-003
   3.3333333333333330        2.6666666666666665        6.4897269068269576E-003
   3.3333333333333330        3.0000000000000000        1.0717359398259414E-002
   3.3333333333333330        3.3333333333333330        1.5734715066182053E-002
   3.3333333333333330        3.6666666666666665        1.7810271713969358E-002
   3.3333333333333330        4.0000000000000000        1.4089826211475351E-002
   3.3333333333333330        4.3333333333333330        1.0197036109569343E-002
   3.3333333333333330        4.6666666666666661        1.0261021491450400E-002
   3.3333333333333330        5.0000000000000000       0.26524124340117289     
   3.3333333333333330        5.3333333333333330       0.27056873195958220     
   3.3333333333333330        5.6666666666666661       0.20135366408444030     
   3.3333333333333330        6.0000000000000000       0.17505256974105329     
   3.3333333333333330        6.3333333333333330       0.11240801695326359     
   3.3333333333333330        6.6666666666666661        6.7779902715673385E-002
   3.3333333333333330        7.0000000000000000        2.6791334563918613E-002
   3.3333333333333330        7.3333333333333330        1.3501548137145448E-002
   3.3333333333333330        7.6666666666666661        5.5682371450402881E-003
   3.3333333333333330        8.0000000000000000        2.2420555348038351E-003
   3.3333333333333330        8.3333333333333321        2.7141006953503521E-004
   3.3333333333333330        8.6666666666666661        7.5230786679872852E-005
   3.3333333333333330        9.0000000000000000        3.9050068486504872E-005
   3.3333333333333330        9.3333333333333321        1.6853142354529165E-005
   3.3333333333333330        9.6666666666666661        6.2638083147860715E-006
   3.3333333333333330        10.000000000000000        0.0000000000000000     
 
   3.6666666666666665        0.0000000000000000        0.0000000000000000     
   3.6666666666666665       0.33333333333333331        3.5664560791451649E-005
   3.6666666666666665       0.66666666666666663        1.0085744434813267E-004
   3.6666666666666665        1.0000000000000000        2.4612188511189271E-004
   3.6666666666666665        1.3333333333333333        5.8014429495068290E-004
   3.6666666666666665        1.6666666666666665        1.3126005477697036E-003
   3.6666666666666665        2.0000000000000000        2.9001680291569293E-003
   3.6666666666666665        2.3333333333333330        6.1288314224611888E-003
   3.6666666666666665        2.6666666666666665        1.2224107357121514E-002
   3.6666666666666665        3.0000000000000000        2.1794697605045977E-002
   3.6666666666666665        3.3333333333333330        3.2879358915127506E-002
   3.6666666666666665        3.6666666666666665        3.7880828956908787E-002
   3.6666666666666665        4.0000000000000000        2.5522763138299785E-002
   3.6666666666666665        4.3333333333333330        1.4089826211475351E-002
   3.6666666666666665        4.6666666666666661       0.33884979545330346     
   3.6666666666666665        5.0000000000000000       0.36062682155427500     
   3.6666666666666665        5.3333333333333330       0.59914826607181737     
   3.6666666666666665        5.6666666666666661       0.33376534875865788     
   3.6666666666666665        6.0000000000000000       0.30662155670426278     
   3.6666666666666665        6.3333333333333330       0.20782997031427242     
   3.6666666666666665        6.6666666666666661       0.12952387276573346     
   3.6666666666666665        7.0000000000000000        4.2111692468088803E-002
   3.6666666666666665        7.3333333333333330        2.1720080778114971E-002
   3.6666666666666665        7.6666666666666661        7.5361828209046845E-004
   3.6666666666666665        8.0000000000000000        1.2696024126806523E-003
   3.6666666666666665        8.3333333333333321        4.6361673732984207E-004
   3.6666666666666665        8.6666666666666661        1.6602186906124124E-004
   3.6666666666666665        9.0000000000000000        7.6170170754984517E-005
   3.6666666666666665        9.3333333333333321        2.7471198962388352E-005
   3.6666666666666665        9.6666666666666661        9.6916101833323426E-006
   3.6666666666666665        10.000000000000000        0.0000000000000000     
 
   4.0000000000000000        0.0000000000000000        0.0000000000000000     
   4.0000000000000000       0.33333333333333331        4.1171813617859015E-005
   4.0000000000000000       0.66666666666666663        1.1992266897473621E-004
   4.0000000000000000        1.0000000000000000        2.9554317743921306E-004
   4.0000000000000000        1.3333333333333333        7.1022605226051840E-004
   4.0000000000000000        1.6666666666666665        1.7024139557283717E-003
   4.0000000000000000        2.0000000000000000        4.0603561284038641E-003
   4.0000000000000000        2.3333333333333330        9.2582721530604737E-003
   4.0000000000000000        2.6666666666666665        2.0878135790947463E-002
   4.0000000000000000        3.0000000000000000        4.1996896999301842E-002
   4.0000000000000000        3.3333333333333330        7.1097822431661212E-002
   4.0000000000000000        3.6666666666666665        9.1831793407802675E-002
   4.0000000000000000        4.0000000000000000        4.8263197283775719E-002
   4.0000000000000000        4.3333333333333330       0.71285070931517713     
   4.0000000000000000        4.6666666666666661       0.44868623927474671     
   4.0000000000000000        5.0000000000000000        2.0433557432397742     
   4.0000000000000000        5.3333333333333330        1.5613412781410005     
   4.0000000000000000        5.6666666666666661       0.99225204003954770     
   4.0000000000000000        6.0000000000000000       0.61377510686426329     
   4.0000000000000000        6.3333333333333330       0.36303015077472267     
   4.0000000000000000        6.6666666666666661       0.16960993890258261     
   4.0000000000000000        7.0000000000000000        8.4230546795529729E-002
   4.0000000000000000        7.3333333333333330        1.6494245290258763E-002
   4.0000000000000000        7.6666666666666661        4.2742667853274893E-003
   4.0000000000000000        8.0000000000000000        2.4511300114136202E-003
   4.0000000000000000        8.3333333333333321        7.5624659033608939E-004
   4.0000000000000000        8.6666666666666661        2.1715903075924338E-004
   4.0000000000000000        9.0000000000000000        1.2704492729392962E-004
   4.0000000000000000        9.3333333333333321        2.7616033716125508E-005
   4.0000000000000000        9.6666666666666661        1.2306755788825798E-005
   4.0000000000000000        10.000000000000000        0.0000000000000000     
 
   4.3333333333333330        0.0000000000000000        0.0000000000000000     
   4.3333333333333330       0.33333333333333331        3.8230632518872712E-005
   4.3333333333333330       0.66666666666666663        1.2500974250879702E-004
   4.3333333333333330        1.0000000000000000        3.0316831547556953E-004
   4.3333333333333330        1.3333333333333333        7.1626588401688238E-004
   4.3333333333333330        1.6666666666666665        1.7575891314403154E-003
   4.3333333333333330        2.0000000000000000        4.6955317775728318E-003
   4.3333333333333330        2.3333333333333330        1.0884055748192130E-002
   4.3333333333333330        2.6666666666666665        3.0239683742052346E-002
   4.3333333333333330        3.0000000000000000        7.2870063644982858E-002
   4.3333333333333330        3.3333333333333330       0.14604962893885123     
   4.3333333333333330        3.6666666666666665       0.24349546091558680     
   4.3333333333333330        4.0000000000000000        1.0540314922899774     
   4.3333333333333330        4.3333333333333330        1.1533779253117609     
   4.3333333333333330        4.6666666666666661        2.8551649549778388     
   4.3333333333333330        5.0000000000000000        2.6528682295813408     
   4.3333333333333330        5.3333333333333330        2.1910085679659956     
   4.3333333333333330        5.6666666666666661        1.5617630655257626     
   4.3333333333333330        6.0000000000000000       0.94915530901957612     
   4.3333333333333330        6.3333333333333330       0.57736509421922766     
   4.3333333333333330        6.6666666666666661       0.16581061296345040     
   4.3333333333333330        7.0000000000000000        7.9796836765237106E-002
   4.3333333333333330        7.3333333333333330        2.5658046648453624E-002
   4.3333333333333330        7.6666666666666661        8.6352428950671814E-003
   4.3333333333333330        8.0000000000000000        3.3317313489734956E-003
   4.3333333333333330        8.3333333333333321        1.2597578426040386E-003
   4.3333333333333330        8.6666666666666661        4.5735169448760538E-004
   4.3333333333333330        9.0000000000000000        1.7773836642721901E-004
   4.3333333333333330        9.3333333333333321        6.3137280177238955E-005
   4.3333333333333330        9.6666666666666661        2.1051993127616788E-005
   4.3333333333333330        10.000000000000000        0.0000000000000000     
 
   4.6666666666666661        0.0000000000000000        0.0000000000000000     
   4.6666666666666661       0.33333333333333331        1.3753431832959540E-005
   4.6666666666666661       0.66666666666666663        1.6282701662770582E-004
   4.6666666666666661        1.0000000000000000        2.7839515659314179E-004
   4.6666666666666661        1.3333333333333333        5.4969156755924412E-004
   4.6666666666666661        1.6666666666666665        9.6797664224265538E-004
   4.6666666666666661        2.0000000000000000        2.8248584319437611E-003
   4.6666666666666661        2.3333333333333330        4.9195411170091406E-003
   4.6666666666666661        2.6666666666666665        7.0791398573595468E-002
   4.6666666666666661        3.0000000000000000       0.10257847621196224     
   4.6666666666666661        3.3333333333333330       0.24652827492870485     
   4.6666666666666661        3.6666666666666665       0.56198866391268931     
   4.6666666666666661        4.0000000000000000        1.1482456116605806     
   4.6666666666666661        4.3333333333333330        1.8410525081059195     
   4.6666666666666661        4.6666666666666661        2.9185669852440870     
   4.6666666666666661        5.0000000000000000        3.3275635130405972     
   4.6666666666666661        5.3333333333333330        2.9488421690796072     
   4.6666666666666661        5.6666666666666661        2.2270524178788098     
   4.6666666666666661        6.0000000000000000        1.2081936691500814     
   4.6666666666666661        6.3333333333333330       0.57152287057539986     
   4.6666666666666661        6.6666666666666661       0.31746916684373022     
   4.6666666666666661        7.0000000000000000        6.6727013476159287E-003
   4.6666666666666661        7.3333333333333330        1.0682053586321540E-002
   4.6666666666666661        7.6666666666666661        6.0464282156236174E-003
   4.6666666666666661        8.0000000000000000        2.9703118171087012E-003
   4.6666666666666661        8.3333333333333321        1.2925183158975083E-003
   4.6666666666666661        8.6666666666666661        4.7835371637522882E-004
   4.6666666666666661        9.0000000000000000        1.8624529020599685E-004
   4.6666666666666661        9.3333333333333321        7.1118305947859894E-005
   4.6666666666666661        9.6666666666666661        2.4106815842391548E-005
   4.6666666666666661        10.000000000000000        0.0000000000000000     
 
   5.0000000000000000        0.0000000000000000        0.0000000000000000     
   5.0000000000000000       0.33333333333333331        1.2976365102215604E-005
   5.0000000000000000       0.66666666666666663        1.5721750854092589E-004
   5.0000000000000000        1.0000000000000000        2.8821665291146463E-004
   5.0000000000000000        1.3333333333333333        5.9833105612626728E-004
   5.0000000000000000        1.6666666666666665        1.2132408422537210E-003
   5.0000000000000000        2.0000000000000000        2.4414652121850433E-003
   5.0000000000000000        2.3333333333333330        3.8292328182594265E-003
   5.0000000000000000        2.6666666666666665        3.8980278458880718E-002
   5.0000000000000000        3.0000000000000000        5.9127306288829798E-002
   5.0000000000000000        3.3333333333333330       0.55867896140072837     
   5.0000000000000000        3.6666666666666665       0.72233401320029555     
   5.0000000000000000        4.0000000000000000        1.2507996029275528     
   5.0000000000000000        4.3333333333333330        2.0755799335482070     
   5.0000000000000000        4.6666666666666661        3.1298606228524233     
   5.0000000000000000        5.0000000000000000        3.8235736015072441     
   5.0000000000000000        5.3333333333333330        3.5325160302644512     
   5.0000000000000000        5.6666666666666661        3.0912809214785648     
   5.0000000000000000        6.0000000000000000       0.27650640513778096     
   5.0000000000000000        6.3333333333333330       0.31553357070525329     
   5.0000000000000000        6.6666666666666661        5.6830190098917599E-002
   5.0000000000000000        7.0000000000000000        1.7148444367105744E-002
   5.0000000000000000        7.3333333333333330        1.0322197041277244E-002
   5.0000000000000000        7.6666666666666661        5.4436142893030757E-003
   5.0000000000000000        8.0000000000000000        3.0435397178337690E-003
   5.0000000000000000        8.3333333333333321        4.2529510297855793E-004
   5.0000000000000000        8.6666666666666661        2.9731255540289662E-004
   5.0000000000000000        9.0000000000000000        1.4697301728722084E-004
   5.0000000000000000        9.3333333333333321        6.1795292879703631E-005
   5.0000000000000000        9.6666666666666661        2.1849777930472217E-005
   5.0000000000000000        10.000000000000000        0.0000000000000000     
 
   5.3333333333333330        0.0000000000000000        0.0000000000000000     
   5.3333333333333330       0.33333333333333331        3.4621471907739868E-005
   5.3333333333333330       0.66666666666666663        1.3729431434892866E-004
   5.3333333333333330        1.0000000000000000        3.1623249458923139E-004
   5.3333333333333330        1.3333333333333333        7.3696482403618803E-004
   5.3333333333333330        1.6666666666666665        1.6164172105825642E-003
   5.3333333333333330        2.0000000000000000        3.3920876735707602E-003
   5.3333333333333330        2.3333333333333330        6.3826756130658958E-003
   5.3333333333333330        2.6666666666666665        4.2309424593604164E-002
   5.3333333333333330        3.0000000000000000        6.3077686021891510E-002
   5.3333333333333330        3.3333333333333330       0.41171352369985409     
   5.3333333333333330        3.6666666666666665       0.65659076458629073     
   5.3333333333333330        4.0000000000000000        1.1251157948391783     
   5.3333333333333330        4.3333333333333330        1.8399808114296832     
   5.3333333333333330        4.6666666666666661        2.7061696843861403     
   5.3333333333333330        5.0000000000000000        3.3415421908202840     
   5.3333333333333330        5.3333333333333330        3.2074614879405003     
   5.3333333333333330        5.6666666666666661       0.64784262976038010     
   5.3333333333333330        6.0000000000000000       0.34057772903331485     
   5.3333333333333330        6.3333333333333330       0.20374581698008268     
   5.3333333333333330        6.6666666666666661        8.5370463988418563E-002
   5.3333333333333330        7.0000000000000000        3.3307238723977263E-002
   5.3333333333333330        7.3333333333333330        1.3898982854057291E-002
   5.3333333333333330        7.6666666666666661        5.6270702378170417E-003
   5.3333333333333330        8.0000000000000000        2.6254723588957822E-003
   5.3333333333333330        8.3333333333333321        8.4334245936403961E-004
   5.3333333333333330        8.6666666666666661        3.4404171506075535E-004
   5.3333333333333330        9.0000000000000000        1.4649684950874997E-004
   5.3333333333333330        9.3333333333333321        5.1929976577019945E-005
   5.3333333333333330        9.6666666666666661        1.7573549284633314E-005
   5.3333333333333330        10.000000000000000        0.0000000000000000     
 
   5.6666666666666661        0.0000000000000000        0.0000000000000000     
   5.6666666666666661       0.33333333333333331        1.2943093648397698E-005
   5.6666666666666661       0.66666666666666663        2.4078568357284615E-005
   5.6666666666666661        1.0000000000000000        3.8552021777254298E-004
   5.6666666666666661        1.3333333333333333        8.9308338876733476E-004
   5.6666666666666661        1.6666666666666665        2.1209358628219563E-003
   5.6666666666666661        2.0000000000000000        5.1185103868180521E-003
   5.6666666666666661        2.3333333333333330        1.5483756643428900E-002
   5.6666666666666661        2.6666666666666665        4.2868998143975434E-002
   5.6666666666666661        3.0000000000000000       0.11733772196779027     
   5.6666666666666661        3.3333333333333330       0.29384803679487609     
   5.6666666666666661        3.6666666666666665       0.50683851906426047     
   5.6666666666666661        4.0000000000000000       0.85328043197548353     
   5.6666666666666661        4.3333333333333330        1.3551606098989128     
   5.6666666666666661        4.6666666666666661        1.9581812192953085     
   5.6666666666666661        5.0000000000000000        2.5660657459182357     
   5.6666666666666661        5.3333333333333330        2.0296869196961937     
   5.6666666666666661        5.6666666666666661        1.0841368713203043     
   5.6666666666666661        6.0000000000000000       0.17520390920099516     
   5.6666666666666661        6.3333333333333330       0.14980345567471950     
   5.6666666666666661        6.6666666666666661        3.5941059800659848E-002
   5.6666666666666661        7.0000000000000000        1.3691417040689935E-002
   5.6666666666666661        7.3333333333333330        4.6446041629421720E-003
   5.6666666666666661        7.6666666666666661        3.8511755425847784E-003
   5.6666666666666661        8.0000000000000000        7.0909222745281107E-004
   5.6666666666666661        8.3333333333333321        5.2992285520095763E-004
   5.6666666666666661        8.6666666666666661        3.2424818367885529E-004
   5.6666666666666661        9.0000000000000000        1.1044300931091906E-005
   5.6666666666666661        9.3333333333333321        1.9483263895448438E-005
   5.6666666666666661        9.6666666666666661        9.4991241029847179E-006
   5.6666666666666661        10.000000000000000        0.0000000000000000     
 
   6.0000000000000000        0.0000000000000000        0.0000000000000000     
   6.0000000000000000       0.33333333333333331        1.3628376966346073E-005
   6.0000000000000000       0.66666666666666663        4.1633124465792625E-005
   6.0000000000000000        1.0000000000000000        1.3189870362173391E-004
   6.0000000000000000        1.3333333333333333        0.0000000000000000     
   6.0000000000000000        1.6666666666666665        1.4178363116537564E-003
   6.0000000000000000        2.0000000000000000        2.3229405229815538E-003
   6.0000000000000000        2.3333333333333330        8.0095869513541491E-003
   6.0000000000000000        2.6666666666666665        1.6405312003765004E-002
   6.0000000000000000        3.0000000000000000       0.16440376106801971     
   6.0000000000000000        3.3333333333333330       0.23979386618834583     
   6.0000000000000000        3.6666666666666665       0.35448318243186439     
   6.0000000000000000        4.0000000000000000       0.56024507974374593     
   6.0000000000000000        4.3333333333333330       0.83317232284533482     
   6.0000000000000000        4.6666666666666661        1.0831735102406443     
   6.0000000000000000        5.0000000000000000       0.71440543359526565     
   6.0000000000000000        5.3333333333333330        1.1040822885230721     
   6.0000000000000000        5.6666666666666661       0.65485367545731354     
   6.0000000000000000        6.0000000000000000       0.26507987920281173     
   6.0000000000000000        6.3333333333333330       0.13104056884057774     
   6.0000000000000000        6.6666666666666661        5.3936507443444401E-002
   6.0000000000000000        7.0000000000000000        2.1190067064795547E-002
   6.0000000000000000        7.3333333333333330        8.1845200160399305E-003
   6.0000000000000000        7.6666666666666661        3.6221991868315741E-003
   6.0000000000000000        8.0000000000000000        1.3548695410792889E-003
   6.0000000000000000        8.3333333333333321        5.9932024033747483E-004
   6.0000000000000000        8.6666666666666661        3.2332656365008491E-004
   6.0000000000000000        9.0000000000000000        3.7328538547745223E-005
   6.0000000000000000        9.3333333333333321        1.9953734260769479E-005
   6.0000000000000000        9.6666666666666661        8.0773266269647760E-006
   6.0000000000000000        10.000000000000000        0.0000000000000000     
 
   6.3333333333333330        0.0000000000000000        0.0000000000000000     
   6.3333333333333330       0.33333333333333331        9.7930041649729482E-006
   6.3333333333333330       0.66666666666666663        2.6294195257508319E-005
   6.3333333333333330        1.0000000000000000        5.8478550115848916E-005
   6.3333333333333330        1.3333333333333333        1.1380704190844974E-004
   6.3333333333333330        1.6666666666666665        8.9786689358236315E-004
   6.3333333333333330        2.0000000000000000        1.8321653422880455E-003
   6.3333333333333330        2.3333333333333330        4.1063943566459760E-003
   6.3333333333333330        2.6666666666666665        6.8103276607736282E-003
   6.3333333333333330        3.0000000000000000        2.7693372636285263E-003
   6.3333333333333330        3.3333333333333330       0.15436251913309956     
   6.3333333333333330        3.6666666666666665       0.22421669636972849     
   6.3333333333333330        4.0000000000000000       0.33338657929740545     
   6.3333333333333330        4.3333333333333330       0.46531494324417572     
   6.3333333333333330        4.6666666666666661       0.55622020832460495     
   6.3333333333333330        5.0000000000000000       0.47337404753566942     
   6.3333333333333330        5.3333333333333330       0.17526183155724095     
   6.3333333333333330        5.6666666666666661       0.26563232963783096     
   6.3333333333333330        6.0000000000000000       0.17069243776321119     
   6.3333333333333330        6.3333333333333330       0.10391594821153605     
   6.3333333333333330        6.6666666666666661        5.1377188868232393E-002
   6.3333333333333330        7.0000000000000000        1.9478296444792063E-002
   6.3333333333333330        7.3333333333333330        7.7399116727228986E-003
   6.3333333333333330        7.6666666666666661        3.2314963441779166E-003
   6.3333333333333330        8.0000000000000000        1.3342857315310462E-003
   6.3333333333333330        8.3333333333333321        5.8406843820188426E-004
   6.3333333333333330        8.6666666666666661        2.6852716619032779E-004
   6.3333333333333330        9.0000000000000000        8.1915653241184497E-005
   6.3333333333333330        9.3333333333333321        2.9726366721749887E-005
   6.3333333333333330        9.6666666666666661        8.9351568906998505E-006
   6.3333333333333330        10.000000000000000        0.0000000000000000     
 
   6.6666666666666661        0.0000000000000000        0.0000000000000000     
   6.6666666666666661       0.33333333333333331        6.4393540709883597E-006
   6.6666666666666661       0.66666666666666663        1.4226820464519696E-005
   6.6666666666666661        1.0000000000000000        9.5792331229119592E-005
   6.6666666666666661        1.3333333333333333        1.9607049801087487E-004
   6.6666666666666661        1.6666666666666665        5.5053620639397463E-004
   6.6666666666666661        2.0000000000000000        1.1403221574225095E-003
   6.6666666666666661        2.3333333333333330        2.1984448654061403E-003
   6.6666666666666661        2.6666666666666665        3.7622809285227815E-003
   6.6666666666666661        3.0000000000000000        4.5714295571834861E-003
   6.6666666666666661        3.3333333333333330        6.7362520717481958E-002
   6.6666666666666661        3.6666666666666665       0.14033479998921891     
   6.6666666666666661        4.0000000000000000       0.18987426663191065     
   6.6666666666666661        4.3333333333333330       0.26066309725313097     
   6.6666666666666661        4.6666666666666661       0.33078073368872407     
   6.6666666666666661        5.0000000000000000       0.28413044830857737     
   6.6666666666666661        5.3333333333333330       0.14892672050431105     
   6.6666666666666661        5.6666666666666661       0.13330734269264657     
   6.6666666666666661        6.0000000000000000       0.10524486393092251     
   6.6666666666666661        6.3333333333333330        1.1133431693217987E-002
   6.6666666666666661        6.6666666666666661        5.4563997565806399E-003
   6.6666666666666661        7.0000000000000000        7.3236306112370048E-003
   6.6666666666666661        7.3333333333333330        4.2797904406039885E-003
   6.6666666666666661        7.6666666666666661        2.1254785560075812E-003
   6.6666666666666661        8.0000000000000000        9.9824346800396003E-004
   6.6666666666666661        8.3333333333333321        5.1778510867023762E-004
   6.6666666666666661        8.6666666666666661        5.8364567140999168E-005
   6.6666666666666661        9.0000000000000000        5.0023198288235039E-005
   6.6666666666666661        9.3333333333333321        8.3177374368193594E-006
   6.6666666666666661        9.6666666666666661        4.5853605056938051E-006
   6.6666666666666661        10.000000000000000        0.0000000000000000     
 
   7.0000000000000000        0.0000000000000000        0.0000000000000000     
   7.0000000000000000       0.33333333333333331        6.5720696788511898E-006
   7.0000000000000000       0.66666666666666663        2.0520710610601266E-005
   7.0000000000000000        1.0000000000000000        6.4585680588998156E-005
   7.0000000000000000        1.3333333333333333        1.6109335198613944E-004
   7.0000000000000000        1.6666666666666665        3.3673598445733136E-004
   7.0000000000000000        2.0000000000000000        7.1789735624363182E-004
   7.0000000000000000        2.3333333333333330        1.1585065959252830E-003
   7.0000000000000000        2.6666666666666665        5.2096331979688644E-003
   7.0000000000000000        3.0000000000000000        1.0000033528794739E-002
   7.0000000000000000        3.3333333333333330        2.7103623659720574E-002
   7.0000000000000000        3.6666666666666665        5.1391670938610523E-002
   7.0000000000000000        4.0000000000000000        9.9096203768622701E-002
   7.0000000000000000        4.3333333333333330       0.14843766599080599     
   7.0000000000000000        4.6666666666666661        4.1653832569936529E-003
   7.0000000000000000        5.0000000000000000        3.2737621088328131E-002
   7.0000000000000000        5.3333333333333330        6.2032398339884505E-002
   7.0000000000000000        5.6666666666666661        6.2781513284944565E-002
   7.0000000000000000        6.0000000000000000        5.3683187573278821E-002
   7.0000000000000000        6.3333333333333330        1.7302187218671161E-002
   7.0000000000000000        6.6666666666666661        6.7545801892956361E-003
   7.0000000000000000        7.0000000000000000        4.1047724897748479E-003
   7.0000000000000000        7.3333333333333330        2.3979762924738472E-003
   7.0000000000000000        7.6666666666666661        1.2839840859465539E-003
   7.0000000000000000        8.0000000000000000        6.5252887408525728E-004
   7.0000000000000000        8.3333333333333321        3.1554061389261665E-004
   7.0000000000000000        8.6666666666666661        1.0919461986182750E-004
   7.0000000000000000        9.0000000000000000        4.6303234809572895E-005
   7.0000000000000000        9.3333333333333321        1.8394683593462507E-005
   7.0000000000000000        9.6666666666666661        1.3296816073380973E-006
   7.0000000000000000        10.000000000000000        0.0000000000000000     
 
   7.3333333333333330        0.0000000000000000        0.0000000000000000     
   7.3333333333333330       0.33333333333333331        4.2912146556986099E-006
   7.3333333333333330       0.66666666666666663        1.1941945174551335E-005
   7.3333333333333330        1.0000000000000000        2.7876473961341733E-005
   7.3333333333333330        1.3333333333333333        7.7507870224759388E-005
   7.3333333333333330        1.6666666666666665        1.4947824264026065E-004
   7.3333333333333330        2.0000000000000000        6.2692524437068533E-004
   7.3333333333333330        2.3333333333333330        1.3208277610957111E-003
   7.3333333333333330        2.6666666666666665        3.6331804414221373E-003
   7.3333333333333330        3.0000000000000000        8.9160798146717835E-003
   7.3333333333333330        3.3333333333333330        1.8439269685395332E-002
   7.3333333333333330        3.6666666666666665        2.9758275119229238E-002
   7.3333333333333330        4.0000000000000000        5.1391670938610523E-002
   7.3333333333333330        4.3333333333333330        4.1653832569936529E-003
   7.3333333333333330        4.6666666666666661        6.7583336051493092E-003
   7.3333333333333330        5.0000000000000000        2.0183928672000251E-002
   7.3333333333333330        5.3333333333333330        3.1945641600656126E-002
   7.3333333333333330        5.6666666666666661        2.9819208214012849E-002
   7.3333333333333330        6.0000000000000000        4.1029324370871869E-003
   7.3333333333333330        6.3333333333333330        6.3552468909179186E-003
   7.3333333333333330        6.6666666666666661        3.9044450795364025E-003
   7.3333333333333330        7.0000000000000000        2.3318295034339916E-003
   7.3333333333333330        7.3333333333333330        1.3777625865282475E-003
   7.3333333333333330        7.6666666666666661        7.7128169312758643E-004
   7.3333333333333330        8.0000000000000000        4.4104061635830101E-004
   7.3333333333333330        8.3333333333333321        1.9698451570771509E-004
   7.3333333333333330        8.6666666666666661        9.3567195684018408E-005
   7.3333333333333330        9.0000000000000000        4.1307914716299215E-005
   7.3333333333333330        9.3333333333333321        1.4299175988560327E-005
   7.3333333333333330        9.6666666666666661        3.6868064077450041E-006
   7.3333333333333330        10.000000000000000        0.0000000000000000     
 
   7.6666666666666661        0.0000000000000000        0.0000000000000000     
   7.6666666666666661       0.33333333333333331        1.9328674300519925E-006
   7.6666666666666661       0.66666666666666663        4.0999712582049670E-006
   7.6666666666666661        1.0000000000000000        3.5586598393130709E-005
   7.6666666666666661        1.3333333333333333        6.2714103139785744E-005
   7.6666666666666661        1.6666666666666665        1.4110553577261089E-004
   7.6666666666666661        2.0000000000000000        3.6141034317636026E-004
   7.6666666666666661        2.3333333333333330        7.3088286726690681E-004
   7.6666666666666661        2.6666666666666665        1.3611274054792797E-003
   7.6666666666666661        3.0000000000000000        4.7532550633460843E-004
   7.6666666666666661        3.3333333333333330        6.1562331984033576E-003
   7.6666666666666661        3.6666666666666665        1.3911102203180042E-002
   7.6666666666666661        4.0000000000000000        1.1717689939008588E-004
   7.6666666666666661        4.3333333333333330        1.1715518417317475E-003
   7.6666666666666661        4.6666666666666661        2.4627058960973169E-003
   7.6666666666666661        5.0000000000000000        2.7328430416746302E-004
   7.6666666666666661        5.3333333333333330        6.0135493252572569E-003
   7.6666666666666661        5.6666666666666661        9.5391861345228163E-003
   7.6666666666666661        6.0000000000000000        4.2907392769594042E-003
   7.6666666666666661        6.3333333333333330        3.6460252714856987E-003
   7.6666666666666661        6.6666666666666661        2.4658619964123664E-003
   7.6666666666666661        7.0000000000000000        1.3662605719439789E-003
   7.6666666666666661        7.3333333333333330        8.8377019279763786E-004
   7.6666666666666661        7.6666666666666661        4.8805165789726556E-004
   7.6666666666666661        8.0000000000000000        4.6535851714976684E-005
   7.6666666666666661        8.3333333333333321        7.4473975099811432E-005
   7.6666666666666661        8.6666666666666661        6.5824067624025181E-006
   7.6666666666666661        9.0000000000000000        3.0205884675860241E-006
   7.6666666666666661        9.3333333333333321        4.5010102954040393E-006
   7.6666666666666661        9.6666666666666661        1.9209456154448880E-006
   7.6666666666666661        10.000000000000000        0.0000000000000000     
 
   8.0000000000000000        0.0000000000000000        0.0000000000000000     
   8.0000000000000000       0.33333333333333331        8.4310767975084191E-007
   8.0000000000000000       0.66666666666666663        1.5860777040256149E-006
   8.0000000000000000        1.0000000000000000        2.4390312685810985E-005
   8.0000000000000000        1.3333333333333333        4.3194273733892134E-005
   8.0000000000000000        1.6666666666666665        9.2298953086148092E-005
   8.0000000000000000        2.0000000000000000        1.9854889261973575E-004
   8.0000000000000000        2.3333333333333330        3.7410548155362435E-004
   8.0000000000000000        2.6666666666666665        6.1193854454740329E-004
   8.0000000000000000        3.0000000000000000        8.0943905693533927E-004
   8.0000000000000000        3.3333333333333330        2.1880555790108839E-003
   8.0000000000000000        3.6666666666666665        1.1717689939008588E-004
   8.0000000000000000        4.0000000000000000        2.0146857478052114E-004
   8.0000000000000000        4.3333333333333330        6.4098933211385900E-004
   8.0000000000000000        4.6666666666666661        9.7813676056496203E-004
   8.0000000000000000        5.0000000000000000        4.6669938533424823E-004
   8.0000000000000000        5.3333333333333330        1.5157302789612433E-003
   8.0000000000000000        5.6666666666666661        3.2022284200975944E-003
   8.0000000000000000        6.0000000000000000        2.3910817773364272E-003
   8.0000000000000000        6.3333333333333330        0.0000000000000000     
   8.0000000000000000        6.6666666666666661        3.8616249801598290E-004
   8.0000000000000000        7.0000000000000000        6.5601570881472038E-004
   8.0000000000000000        7.3333333333333330        6.1055642091971217E-005
   8.0000000000000000        7.6666666666666661        1.3785881908838523E-004
   8.0000000000000000        8.0000000000000000        5.2733206973833625E-005
   8.0000000000000000        8.3333333333333321        3.3292947262672970E-005
   8.0000000000000000        8.6666666666666661        1.1666013936426213E-005
   8.0000000000000000        9.0000000000000000        3.8985577230026668E-006
   8.0000000000000000        9.3333333333333321        2.2093831857310460E-006
   8.0000000000000000        9.6666666666666661        9.8170206351402197E-007
   8.0000000000000000        10.000000000000000        0.0000000000000000     
 
   8.3333333333333321        0.0000000000000000        0.0000000000000000     
   8.3333333333333321       0.33333333333333331        5.2303218056275309E-007
   8.3333333333333321       0.66666666666666663        1.0683859812754529E-006
   8.3333333333333321        1.0000000000000000        1.1620619588454067E-005
   8.3333333333333321        1.3333333333333333        2.5824458279161668E-005
   8.3333333333333321        1.6666666666666665        5.3899996554851668E-005
   8.3333333333333321        2.0000000000000000        1.0813749631840009E-004
   8.3333333333333321        2.3333333333333330        2.1614042725194343E-004
   8.3333333333333321        2.6666666666666665        3.2122684139986220E-004
   8.3333333333333321        3.0000000000000000        5.0946910703237821E-004
   8.3333333333333321        3.3333333333333330        1.0090124118344393E-003
   8.3333333333333321        3.6666666666666665        4.0512536802207361E-005
   8.3333333333333321        4.0000000000000000        7.0435207980136693E-005
   8.3333333333333321        4.3333333333333330        3.7524432701654479E-006
   8.3333333333333321        4.6666666666666661        1.6700809297536046E-006
   8.3333333333333321        5.0000000000000000        4.5796269491735529E-004
   8.3333333333333321        5.3333333333333330        7.6729782109797489E-004
   8.3333333333333321        5.6666666666666661        1.2297433346598345E-003
   8.3333333333333321        6.0000000000000000        1.1383037300557726E-003
   8.3333333333333321        6.3333333333333330        1.0733288894939263E-004
   8.3333333333333321        6.6666666666666661        0.0000000000000000     
   8.3333333333333321        7.0000000000000000        1.3734147101664797E-005
   8.3333333333333321        7.3333333333333330        2.8050700860075522E-005
   8.3333333333333321        7.6666666666666661        4.5395699489226681E-005
   8.3333333333333321        8.0000000000000000        3.1281961397467483E-005
   8.3333333333333321        8.3333333333333321        1.8708819073924165E-005
   8.3333333333333321        8.6666666666666661        1.3858927707077104E-006
   8.3333333333333321        9.0000000000000000        1.7053240288606532E-006
   8.3333333333333321        9.3333333333333321        1.1810945114926533E-006
   8.3333333333333321        9.6666666666666661        5.6901757995809972E-007
   8.3333333333333321        10.000000000000000        0.0000000000000000     
 
   8.6666666666666661        0.0000000000000000        0.0000000000000000     
   8.6666666666666661       0.33333333333333331        6.0611024987195406E-007
   8.6666666666666661       0.66666666666666663        1.9601257380260544E-006
   8.6666666666666661        1.0000000000000000        6.4700260359717920E-006
   8.6666666666666661        1.3333333333333333        1.4258135556712958E-005
   8.6666666666666661        1.6666666666666665        2.9541835959438991E-005
   8.6666666666666661        2.0000000000000000        4.2966297962347105E-005
   8.6666666666666661        2.3333333333333330        7.6611936733171312E-005
   8.6666666666666661        2.6666666666666665        1.7424858188207603E-004
   8.6666666666666661        3.0000000000000000        2.5155355073869262E-004
   8.6666666666666661        3.3333333333333330        0.0000000000000000     
   8.6666666666666661        3.6666666666666665        8.6649884408849043E-006
   8.6666666666666661        4.0000000000000000        1.9752114059766860E-005
   8.6666666666666661        4.3333333333333330        6.6664566912794380E-006
   8.6666666666666661        4.6666666666666661        3.0013727593554626E-006
   8.6666666666666661        5.0000000000000000        2.1243766973774107E-004
   8.6666666666666661        5.3333333333333330        3.6061966850555008E-004
   8.6666666666666661        5.6666666666666661        5.7692976824588813E-004
   8.6666666666666661        6.0000000000000000        5.1859155837231789E-004
   8.6666666666666661        6.3333333333333330        1.8378226681087061E-004
   8.6666666666666661        6.6666666666666661        1.0461232643471797E-005
   8.6666666666666661        7.0000000000000000        9.7755201111586421E-006
   8.6666666666666661        7.3333333333333330        1.2582997278796632E-005
   8.6666666666666661        7.6666666666666661        1.7004934132063329E-005
   8.6666666666666661        8.0000000000000000        2.9143179857829110E-006
   8.6666666666666661        8.3333333333333321        5.5181844780472447E-006
   8.6666666666666661        8.6666666666666661        2.1749074737251437E-006
   8.6666666666666661        9.0000000000000000        1.9978746643932236E-007
   8.6666666666666661        9.3333333333333321        6.9154250873299060E-008
   8.6666666666666661        9.6666666666666661        0.0000000000000000     
   8.6666666666666661        10.000000000000000        0.0000000000000000     
 
   9.0000000000000000        0.0000000000000000        0.0000000000000000     
   9.0000000000000000       0.33333333333333331        4.3571830323343182E-007
   9.0000000000000000       0.66666666666666663        1.2682988472690371E-006
   9.0000000000000000        1.0000000000000000        3.1330917208805502E-006
   9.0000000000000000        1.3333333333333333        6.2324308848275999E-006
   9.0000000000000000        1.6666666666666665        9.5399839133565218E-006
   9.0000000000000000        2.0000000000000000        2.3532220897312426E-005
   9.0000000000000000        2.3333333333333330        3.6216618984592701E-005
   9.0000000000000000        2.6666666666666665        4.0554614666096642E-008
   9.0000000000000000        3.0000000000000000        1.2183080603020589E-007
   9.0000000000000000        3.3333333333333330        1.7483493790088576E-006
   9.0000000000000000        3.6666666666666665        4.1033744242426291E-006
   9.0000000000000000        4.0000000000000000        7.7396358220443541E-006
   9.0000000000000000        4.3333333333333330        5.2035160426398103E-006
   9.0000000000000000        4.6666666666666661        3.1162341443896194E-007
   9.0000000000000000        5.0000000000000000        7.4151467150018987E-005
   9.0000000000000000        5.3333333333333330        1.2743167035549226E-004
   9.0000000000000000        5.6666666666666661        8.7082655869722537E-006
   9.0000000000000000        6.0000000000000000        2.3502981233393887E-005
   9.0000000000000000        6.3333333333333330        5.1596256572014169E-005
   9.0000000000000000        6.6666666666666661        1.9027679261660692E-005
   9.0000000000000000        7.0000000000000000        2.9744414533664842E-006
   9.0000000000000000        7.3333333333333330        4.9383132091419803E-006
   9.0000000000000000        7.6666666666666661        5.5992106620751365E-006
   9.0000000000000000        8.0000000000000000        2.5885344169404117E-006
   9.0000000000000000        8.3333333333333321        2.4943958734554648E-006
   9.0000000000000000        8.6666666666666661        1.3272242557359625E-006
   9.0000000000000000        9.0000000000000000        3.6595603316532377E-007
   9.0000000000000000        9.3333333333333321        1.2803326733055716E-007
   9.0000000000000000        9.6666666666666661        4.8126532769133487E-009
   9.0000000000000000        10.000000000000000        0.0000000000000000     
 
   9.3333333333333321        0.0000000000000000        0.0000000000000000     
   9.3333333333333321       0.33333333333333331        2.2792631966666024E-007
   9.3333333333333321       0.66666666666666663        5.7553994951546699E-007
   9.3333333333333321        1.0000000000000000        1.0681009264780052E-006
   9.3333333333333321        1.3333333333333333        1.2569294035296383E-006
   9.3333333333333321        1.6666666666666665        3.0451052510520146E-006
   9.3333333333333321        2.0000000000000000        1.0551693774300409E-007
   9.3333333333333321        2.3333333333333330        4.7723338292503325E-008
   9.3333333333333321        2.6666666666666665        7.5142199683034974E-008
   9.3333333333333321        3.0000000000000000        2.2301744562158517E-007
   9.3333333333333321        3.3333333333333330        7.6150869066688832E-007
   9.3333333333333321        3.6666666666666665        1.4035227111233465E-006
   9.3333333333333321        4.0000000000000000        0.0000000000000000     
   9.3333333333333321        4.3333333333333330        3.4696050752629907E-007
   9.3333333333333321        4.6666666666666661        5.5808541455462185E-007
   9.3333333333333321        5.0000000000000000        1.5315218098913402E-005
   9.3333333333333321        5.3333333333333330        3.5919124076455178E-005
   9.3333333333333321        5.6666666666666661        1.5295945606998803E-005
   9.3333333333333321        6.0000000000000000        1.2511868253100951E-005
   9.3333333333333321        6.3333333333333330        1.6503496705670837E-005
   9.3333333333333321        6.6666666666666661        8.8833603535988921E-006
   9.3333333333333321        7.0000000000000000        3.3219164111913933E-006
   9.3333333333333321        7.3333333333333330        2.3778534374095727E-006
   9.3333333333333321        7.6666666666666661        2.1112760986611062E-006
   9.3333333333333321        8.0000000000000000        1.3629503674684325E-006
   9.3333333333333321        8.3333333333333321        6.4780086656751942E-008
   9.3333333333333321        8.6666666666666661        5.1958951589509762E-008
   9.3333333333333321        9.0000000000000000        1.0519573210469537E-007
   9.3333333333333321        9.3333333333333321        5.5169282645056796E-008
   9.3333333333333321        9.6666666666666661        1.3794524061827320E-008
   9.3333333333333321        10.000000000000000        0.0000000000000000     
 
   9.6666666666666661        0.0000000000000000        0.0000000000000000     
   9.6666666666666661       0.33333333333333331        9.1155671148407620E-008
   9.6666666666666661       0.66666666666666663        2.1388649810846224E-007
   9.6666666666666661        1.0000000000000000        3.6833334336249396E-007
   9.6666666666666661        1.3333333333333333        4.9752605413817751E-007
   9.6666666666666661        1.6666666666666665        7.7652117121076470E-007
   9.6666666666666661        2.0000000000000000        1.9529740162755486E-007
   9.6666666666666661        2.3333333333333330        6.0877990798974959E-008
   9.6666666666666661        2.6666666666666665        5.1719998451508473E-008
   9.6666666666666661        3.0000000000000000        1.1404058346351810E-007
   9.6666666666666661        3.3333333333333330        2.7444434724047541E-007
   9.6666666666666661        3.6666666666666665        4.4230606991873924E-007
   9.6666666666666661        4.0000000000000000        1.4647769935325108E-007
   9.6666666666666661        4.3333333333333330        4.0695761639175969E-007
   9.6666666666666661        4.6666666666666661        1.4460660651924864E-006
   9.6666666666666661        5.0000000000000000        5.9052001121939479E-006
   9.6666666666666661        5.3333333333333330        1.1221678374032386E-005
   9.6666666666666661        5.6666666666666661        1.4456453327693627E-006
   9.6666666666666661        6.0000000000000000        3.9932724063092234E-006
   9.6666666666666661        6.3333333333333330        5.0094234211445928E-006
   9.6666666666666661        6.6666666666666661        3.2575650703672088E-006
   9.6666666666666661        7.0000000000000000        1.5864402846969571E-006
   9.6666666666666661        7.3333333333333330        9.8450210027143388E-007
   9.6666666666666661        7.6666666666666661        7.4351836533250212E-007
   9.6666666666666661        8.0000000000000000        4.6391004205895378E-007
   9.6666666666666661        8.3333333333333321        1.1872934636385313E-007
   9.6666666666666661        8.6666666666666661        4.2496158371879237E-008
   9.6666666666666661        9.0000000000000000        3.4645013569098651E-008
   9.6666666666666661        9.3333333333333321        1.9954200692138304E-008
   9.6666666666666661        9.6666666666666661        6.9458759532605193E-009
   9.6666666666666661        10.000000000000000        0.0000000000000000     
 
   10.000000000000000        0.0000000000000000        0.0000000000000000     
   10.000000000000000       0.33333333333333331        0.0000000000000000     
   10.000000000000000       0.66666666666666663        0.0000000000000000     
   10.000000000000000        1.0000000000000000        0.0000000000000000     
   10.000000000000000        1.3333333333333333        0.0000000000000000     
   10.000000000000000        1.6666666666666665        0.0000000000000000     
   10.000000000000000        2.0000000000000000        0.0000000000000000     
   10.000000000000000        2.3333333333333330        0.0000000000000000     
   10.000000000000000        2.6666666666666665        0.0000000000000000     
   10.000000000000000        3.0000000000000000        0.0000000000000000     
   10.000000000000000        3.3333333333333330        0.0000000000000000     
   10.000000000000000        3.6666666666666665        0.0000000000000000     
   10.000000000000000        4.0000000000000000        0.0000000000000000     
   10.000000000000000        4.3333333333333330        0.0000000000000000     
   10.000000000000000        4.6666666666666661        0.0000000000000000     
   10.000000000000000        5.0000000000000000        0.0000000000000000     
   10.000000000000000        5.3333333333333330        0.0000000000000000     
   10.000000000000000        5.6666666666666661        0.0000000000000000     
   10.000000000000000        6.0000000000000000        0.0000000000000000     
   10.000000000000000        6.3333333333333330        0.0000000000000000     
   10.000000000000000        6.6666666666666661        0.0000000000000000     
   10.000000000000000        7.0000000000000000        0.0000000000000000     
   10.000000000000000        7.3333333333333330        0.0000000000000000     
   10.000000000000000        7.6666666666666661        0.0000000000000000     
   10.000000000000000        8.0000000000000000        0.0000000000000000     
   10.000000000000000        8.3333333333333321        0.0000000000000000     
   10.000000000000000        8.6666666666666661        0.0000000000000000     
   10.000000000000000        9.0000000000000000        0.0000000000000000     
   10.000000000000000        9.3333333333333321        0.0000000000000000     
   10.000000000000000        9.6666666666666661        0.0000000000000000     
   10.000000000000000        10.000000000000000        0.0000000000000000     
 
