   0.0000000000000000        0.0000000000000000        0.0000000000000000     
   0.0000000000000000       0.33333333333333331        0.0000000000000000     
   0.0000000000000000       0.66666666666666663        0.0000000000000000     
   0.0000000000000000        1.0000000000000000        0.0000000000000000     
   0.0000000000000000        1.3333333333333333        0.0000000000000000     
   0.0000000000000000        1.6666666666666665        0.0000000000000000     
   0.0000000000000000        2.0000000000000000        0.0000000000000000     
   0.0000000000000000        2.3333333333333330        0.0000000000000000     
   0.0000000000000000        2.6666666666666665        0.0000000000000000     
   0.0000000000000000        3.0000000000000000        0.0000000000000000     
   0.0000000000000000        3.3333333333333330        0.0000000000000000     
   0.0000000000000000        3.6666666666666665        0.0000000000000000     
   0.0000000000000000        4.0000000000000000        0.0000000000000000     
   0.0000000000000000        4.3333333333333330        0.0000000000000000     
   0.0000000000000000        4.6666666666666661        0.0000000000000000     
   0.0000000000000000        5.0000000000000000        0.0000000000000000     
   0.0000000000000000        5.3333333333333330        0.0000000000000000     
   0.0000000000000000        5.6666666666666661        0.0000000000000000     
   0.0000000000000000        6.0000000000000000        0.0000000000000000     
   0.0000000000000000        6.3333333333333330        0.0000000000000000     
   0.0000000000000000        6.6666666666666661        0.0000000000000000     
   0.0000000000000000        7.0000000000000000        0.0000000000000000     
   0.0000000000000000        7.3333333333333330        0.0000000000000000     
   0.0000000000000000        7.6666666666666661        0.0000000000000000     
   0.0000000000000000        8.0000000000000000        0.0000000000000000     
   0.0000000000000000        8.3333333333333321        0.0000000000000000     
   0.0000000000000000        8.6666666666666661        0.0000000000000000     
   0.0000000000000000        9.0000000000000000        0.0000000000000000     
   0.0000000000000000        9.3333333333333321        0.0000000000000000     
   0.0000000000000000        9.6666666666666661        0.0000000000000000     
   0.0000000000000000        10.000000000000000        0.0000000000000000     
 
  0.33333333333333331        0.0000000000000000        0.0000000000000000     
  0.33333333333333331       0.33333333333333331        2.2650753837071661E-004
  0.33333333333333331       0.66666666666666663        3.8712063600844200E-004
  0.33333333333333331        1.0000000000000000        4.2225276438102925E-004
  0.33333333333333331        1.3333333333333333        9.0635109913292313E-004
  0.33333333333333331        1.6666666666666665        1.3380589444229912E-003
  0.33333333333333331        2.0000000000000000        2.0257021661154624E-003
  0.33333333333333331        2.3333333333333330        2.4848523819549491E-003
  0.33333333333333331        2.6666666666666665        2.1908573241647051E-003
  0.33333333333333331        3.0000000000000000        4.2058283241257280E-003
  0.33333333333333331        3.3333333333333330        4.6274040128647213E-003
  0.33333333333333331        3.6666666666666665        4.5359607219109428E-003
  0.33333333333333331        4.0000000000000000        4.6050838457969596E-003
  0.33333333333333331        4.3333333333333330        4.5829339995664652E-003
  0.33333333333333331        4.6666666666666661        2.8977498371590628E-003
  0.33333333333333331        5.0000000000000000        4.2375187570882497E-003
  0.33333333333333331        5.3333333333333330        9.9722083964197336E-003
  0.33333333333333331        5.6666666666666661        1.1955947543125558E-002
  0.33333333333333331        6.0000000000000000        1.3050059900769887E-002
  0.33333333333333331        6.3333333333333330        1.3384484526896997E-002
  0.33333333333333331        6.6666666666666661        9.2461031415616238E-003
  0.33333333333333331        7.0000000000000000        1.4570031304116316E-002
  0.33333333333333331        7.3333333333333330        7.0206121970947033E-003
  0.33333333333333331        7.6666666666666661        6.6691620456271420E-003
  0.33333333333333331        8.0000000000000000        5.3463278905790919E-003
  0.33333333333333331        8.3333333333333321        3.8076966527887625E-003
  0.33333333333333331        8.6666666666666661        3.0642164404351478E-003
  0.33333333333333331        9.0000000000000000        2.2993392640835138E-003
  0.33333333333333331        9.3333333333333321        1.2972656565245230E-003
  0.33333333333333331        9.6666666666666661        5.7187780633645338E-004
  0.33333333333333331        10.000000000000000        0.0000000000000000     
 
  0.66666666666666663        0.0000000000000000        0.0000000000000000     
  0.66666666666666663       0.33333333333333331        5.3207489637764811E-004
  0.66666666666666663       0.66666666666666663        9.2264713063114877E-004
  0.66666666666666663        1.0000000000000000        2.1992208340109124E-003
  0.66666666666666663        1.3333333333333333        1.9221252866654284E-003
  0.66666666666666663        1.6666666666666665        2.5024536205231819E-003
  0.66666666666666663        2.0000000000000000        4.3992116276645272E-003
  0.66666666666666663        2.3333333333333330        5.8627937021863159E-003
  0.66666666666666663        2.6666666666666665        1.1922906161948530E-002
  0.66666666666666663        3.0000000000000000        1.0217300524633927E-002
  0.66666666666666663        3.3333333333333330        9.9969438050727978E-003
  0.66666666666666663        3.6666666666666665        9.1380714215958461E-003
  0.66666666666666663        4.0000000000000000        9.5297177909323440E-003
  0.66666666666666663        4.3333333333333330        1.1048114245487014E-002
  0.66666666666666663        4.6666666666666661        0.0000000000000000     
  0.66666666666666663        5.0000000000000000        2.6404340765837586E-002
  0.66666666666666663        5.3333333333333330        2.4031777709002080E-002
  0.66666666666666663        5.6666666666666661        2.5163454574583861E-002
  0.66666666666666663        6.0000000000000000        2.7208689544400193E-002
  0.66666666666666663        6.3333333333333330        3.1560046383451966E-002
  0.66666666666666663        6.6666666666666661        5.2043453101199393E-002
  0.66666666666666663        7.0000000000000000        4.2322604538442297E-002
  0.66666666666666663        7.3333333333333330        1.4037804526647209E-002
  0.66666666666666663        7.6666666666666661        1.4516258789718553E-002
  0.66666666666666663        8.0000000000000000        1.1096059909433241E-002
  0.66666666666666663        8.3333333333333321        6.9715433214927180E-003
  0.66666666666666663        8.6666666666666661        6.2851454897262160E-003
  0.66666666666666663        9.0000000000000000        4.9436696530765134E-003
  0.66666666666666663        9.3333333333333321        2.3814925561610415E-003
  0.66666666666666663        9.6666666666666661        1.0191311058889772E-003
  0.66666666666666663        10.000000000000000        0.0000000000000000     
 
   1.0000000000000000        0.0000000000000000        0.0000000000000000     
   1.0000000000000000       0.33333333333333331        1.0087064600291401E-003
   1.0000000000000000       0.66666666666666663        1.9003012308849380E-003
   1.0000000000000000        1.0000000000000000        2.6087829107869919E-003
   1.0000000000000000        1.3333333333333333        2.1992208340109124E-003
   1.0000000000000000        1.6666666666666665        7.3747094628165101E-003
   1.0000000000000000        2.0000000000000000        7.4595754347087659E-003
   1.0000000000000000        2.3333333333333330        1.1024626272725761E-002
   1.0000000000000000        2.6666666666666665        1.4225685736492666E-002
   1.0000000000000000        3.0000000000000000        1.5240478718424764E-002
   1.0000000000000000        3.3333333333333330        1.6476872267850266E-002
   1.0000000000000000        3.6666666666666665        1.2933372510706935E-002
   1.0000000000000000        4.0000000000000000        1.3788526243391512E-002
   1.0000000000000000        4.3333333333333330        1.9546290496554635E-002
   1.0000000000000000        4.6666666666666661        2.8594755225224113E-002
   1.0000000000000000        5.0000000000000000        2.9761040470361294E-002
   1.0000000000000000        5.3333333333333330        3.5392356272768891E-002
   1.0000000000000000        5.6666666666666661        3.8194090593918886E-002
   1.0000000000000000        6.0000000000000000        3.9747962329836788E-002
   1.0000000000000000        6.3333333333333330        5.4765472563326527E-002
   1.0000000000000000        6.6666666666666661        6.2754262050211285E-002
   1.0000000000000000        7.0000000000000000        6.1164210441967862E-002
   1.0000000000000000        7.3333333333333330        4.8362337564031806E-002
   1.0000000000000000        7.6666666666666661        2.6708008358409540E-002
   1.0000000000000000        8.0000000000000000        1.7930866010432721E-002
   1.0000000000000000        8.3333333333333321        1.2910754101107735E-002
   1.0000000000000000        8.6666666666666661        1.0437346726676358E-002
   1.0000000000000000        9.0000000000000000        9.0366582671059272E-003
   1.0000000000000000        9.3333333333333321        1.1148947412028610E-003
   1.0000000000000000        9.6666666666666661        1.1740521072343226E-003
   1.0000000000000000        10.000000000000000        0.0000000000000000     
 
   1.3333333333333333        0.0000000000000000        0.0000000000000000     
   1.3333333333333333       0.33333333333333331        1.6554879496672001E-003
   1.3333333333333333       0.66666666666666663        3.1624372891201529E-003
   1.3333333333333333        1.0000000000000000        4.2812545712543710E-003
   1.3333333333333333        1.3333333333333333        8.5316056213951153E-003
   1.3333333333333333        1.6666666666666665        7.7276133732788917E-003
   1.3333333333333333        2.0000000000000000        1.8040277672098995E-002
   1.3333333333333333        2.3333333333333330        1.7112499052417730E-002
   1.3333333333333333        2.6666666666666665        1.9398557703278946E-002
   1.3333333333333333        3.0000000000000000        2.0736317307407520E-002
   1.3333333333333333        3.3333333333333330        2.8441643825794428E-002
   1.3333333333333333        3.6666666666666665        5.2074893985807044E-002
   1.3333333333333333        4.0000000000000000        3.9552796930389968E-002
   1.3333333333333333        4.3333333333333330        3.4649316537290330E-002
   1.3333333333333333        4.6666666666666661        5.7662590641072799E-002
   1.3333333333333333        5.0000000000000000        5.4575052284861189E-002
   1.3333333333333333        5.3333333333333330        5.0696044057835211E-002
   1.3333333333333333        5.6666666666666661        5.3511980654218881E-002
   1.3333333333333333        6.0000000000000000        9.5381281706026652E-002
   1.3333333333333333        6.3333333333333330        8.5962641848464721E-002
   1.3333333333333333        6.6666666666666661        8.4098205653599184E-002
   1.3333333333333333        7.0000000000000000        7.9451660470165789E-002
   1.3333333333333333        7.3333333333333330        7.0976797391874541E-002
   1.3333333333333333        7.6666666666666661        1.5881955095236176E-002
   1.3333333333333333        8.0000000000000000        1.6579461493959158E-002
   1.3333333333333333        8.3333333333333321        1.5939937215488132E-002
   1.3333333333333333        8.6666666666666661        1.3972033398898470E-002
   1.3333333333333333        9.0000000000000000        1.2132099424692133E-002
   1.3333333333333333        9.3333333333333321        5.6361747724151161E-003
   1.3333333333333333        9.6666666666666661        2.6195144918063533E-003
   1.3333333333333333        10.000000000000000        0.0000000000000000     
 
   1.6666666666666665        0.0000000000000000        0.0000000000000000     
   1.6666666666666665       0.33333333333333331        2.5309671074858599E-003
   1.6666666666666665       0.66666666666666663        4.9668199906399181E-003
   1.6666666666666665        1.0000000000000000        7.2834670156697754E-003
   1.6666666666666665        1.3333333333333333        9.7948182671454796E-003
   1.6666666666666665        1.6666666666666665        2.0700632032282385E-002
   1.6666666666666665        2.0000000000000000        1.9835168998320649E-002
   1.6666666666666665        2.3333333333333330        2.0799028893131247E-002
   1.6666666666666665        2.6666666666666665        2.6384582889029323E-002
   1.6666666666666665        3.0000000000000000        5.2019803219866559E-002
   1.6666666666666665        3.3333333333333330        4.9139328469962683E-002
   1.6666666666666665        3.6666666666666665        5.3792443240566153E-002
   1.6666666666666665        4.0000000000000000        4.5975516340859522E-002
   1.6666666666666665        4.3333333333333330        4.6200394242296369E-002
   1.6666666666666665        4.6666666666666661        5.9604879594548632E-002
   1.6666666666666665        5.0000000000000000        6.0101569989940026E-002
   1.6666666666666665        5.3333333333333330        6.0733261407934336E-002
   1.6666666666666665        5.6666666666666661        7.2949843972336018E-002
   1.6666666666666665        6.0000000000000000       0.10594334183379876     
   1.6666666666666665        6.3333333333333330       0.11068845163547093     
   1.6666666666666665        6.6666666666666661       0.10932085712813543     
   1.6666666666666665        7.0000000000000000       0.10268047321306180     
   1.6666666666666665        7.3333333333333330        8.6245494267682091E-002
   1.6666666666666665        7.6666666666666661        1.4913604096403016E-002
   1.6666666666666665        8.0000000000000000        1.7233673778846794E-002
   1.6666666666666665        8.3333333333333321        2.0930209872090308E-002
   1.6666666666666665        8.6666666666666661        1.7945170500310012E-002
   1.6666666666666665        9.0000000000000000        1.3897222777553675E-002
   1.6666666666666665        9.3333333333333321        8.8974078113246390E-003
   1.6666666666666665        9.6666666666666661        3.7850155217676556E-003
   1.6666666666666665        10.000000000000000        0.0000000000000000     
 
   2.0000000000000000        0.0000000000000000        0.0000000000000000     
   2.0000000000000000       0.33333333333333331        3.6129887961378324E-003
   2.0000000000000000       0.66666666666666663        7.1105806206399301E-003
   2.0000000000000000        1.0000000000000000        1.0419768024403048E-002
   2.0000000000000000        1.3333333333333333        1.4029087429538659E-002
   2.0000000000000000        1.6666666666666665        2.2451935379775339E-002
   2.0000000000000000        2.0000000000000000        2.0700632032282385E-002
   2.0000000000000000        2.3333333333333330        3.8601763143283202E-002
   2.0000000000000000        2.6666666666666665        4.0022314479946745E-002
   2.0000000000000000        3.0000000000000000        5.6441959031157146E-002
   2.0000000000000000        3.3333333333333330        6.3766626004684024E-002
   2.0000000000000000        3.6666666666666665        6.9610427567917729E-002
   2.0000000000000000        4.0000000000000000       0.10931499780446936     
   2.0000000000000000        4.3333333333333330       0.10389238521475760     
   2.0000000000000000        4.6666666666666661        7.6286992341460122E-002
   2.0000000000000000        5.0000000000000000        6.7250838106329688E-002
   2.0000000000000000        5.3333333333333330        0.0000000000000000     
   2.0000000000000000        5.6666666666666661       0.18941957111460028     
   2.0000000000000000        6.0000000000000000       0.14578539695025125     
   2.0000000000000000        6.3333333333333330       0.14249517940615969     
   2.0000000000000000        6.6666666666666661       0.14079063941851344     
   2.0000000000000000        7.0000000000000000       0.13673598669688763     
   2.0000000000000000        7.3333333333333330        1.2568226264979001E-002
   2.0000000000000000        7.6666666666666661        1.3352400777581987E-002
   2.0000000000000000        8.0000000000000000        4.9912118943252808E-002
   2.0000000000000000        8.3333333333333321        3.3312551682395088E-002
   2.0000000000000000        8.6666666666666661        2.3623201911583895E-002
   2.0000000000000000        9.0000000000000000        1.7150712846744468E-002
   2.0000000000000000        9.3333333333333321        1.2632366127677725E-002
   2.0000000000000000        9.6666666666666661        2.5598033284402813E-003
   2.0000000000000000        10.000000000000000        0.0000000000000000     
 
   2.3333333333333330        0.0000000000000000        0.0000000000000000     
   2.3333333333333330       0.33333333333333331        4.9522002894095661E-003
   2.3333333333333330       0.66666666666666663        9.7222262778067746E-003
   2.3333333333333330        1.0000000000000000        1.3670703759967795E-002
   2.3333333333333330        1.3333333333333333        3.4557142613795916E-002
   2.3333333333333330        1.6666666666666665        3.5221036250312358E-002
   2.3333333333333330        2.0000000000000000        6.6065439527764724E-002
   2.3333333333333330        2.3333333333333330        7.8631109544704883E-002
   2.3333333333333330        2.6666666666666665        7.8171076715653834E-002
   2.3333333333333330        3.0000000000000000        7.1495000593256336E-002
   2.3333333333333330        3.3333333333333330        8.1448753012956135E-002
   2.3333333333333330        3.6666666666666665        9.2905012808018564E-002
   2.3333333333333330        4.0000000000000000       0.11125688355755291     
   2.3333333333333330        4.3333333333333330       0.13329971131173099     
   2.3333333333333330        4.6666666666666661       0.21974939563429693     
   2.3333333333333330        5.0000000000000000       0.24892800290107839     
   2.3333333333333330        5.3333333333333330       0.24919484023396193     
   2.3333333333333330        5.6666666666666661       0.23273496066848709     
   2.3333333333333330        6.0000000000000000       0.20234221280043321     
   2.3333333333333330        6.3333333333333330       0.17331597495270473     
   2.3333333333333330        6.6666666666666661       0.17522369891023917     
   2.3333333333333330        7.0000000000000000       0.16742718200223830     
   2.3333333333333330        7.3333333333333330       0.18426911074399666     
   2.3333333333333330        7.6666666666666661       0.11350356697318713     
   2.3333333333333330        8.0000000000000000        6.7385851341500672E-002
   2.3333333333333330        8.3333333333333321        3.9590732443020638E-002
   2.3333333333333330        8.6666666666666661        2.6804508307709918E-002
   2.3333333333333330        9.0000000000000000        1.9056382551844862E-002
   2.3333333333333330        9.3333333333333321        1.2333239761458392E-002
   2.3333333333333330        9.6666666666666661        5.2231002033474201E-003
   2.3333333333333330        10.000000000000000        0.0000000000000000     
 
   2.6666666666666665        0.0000000000000000        0.0000000000000000     
   2.6666666666666665       0.33333333333333331        6.6441352182600496E-003
   2.6666666666666665       0.66666666666666663        1.3485575477715396E-002
   2.6666666666666665        1.0000000000000000        2.1326065275472768E-002
   2.6666666666666665        1.3333333333333333        3.4872640876000886E-002
   2.6666666666666665        1.6666666666666665        4.9644800891139630E-002
   2.6666666666666665        2.0000000000000000        6.7442395146007583E-002
   2.6666666666666665        2.3333333333333330        8.0087662229511580E-002
   2.6666666666666665        2.6666666666666665        8.6366970897524112E-002
   2.6666666666666665        3.0000000000000000       0.10663017224878778     
   2.6666666666666665        3.3333333333333330        9.9190954486189406E-002
   2.6666666666666665        3.6666666666666665       0.11088673250681258     
   2.6666666666666665        4.0000000000000000       0.18515797965776226     
   2.6666666666666665        4.3333333333333330       0.18628822553678312     
   2.6666666666666665        4.6666666666666661       0.22004074352002789     
   2.6666666666666665        5.0000000000000000       0.24803267364361917     
   2.6666666666666665        5.3333333333333330       0.26400075500768105     
   2.6666666666666665        5.6666666666666661       0.25826528388856801     
   2.6666666666666665        6.0000000000000000       0.23091482924467840     
   2.6666666666666665        6.3333333333333330       0.24842597265683811     
   2.6666666666666665        6.6666666666666661       0.21934453195593279     
   2.6666666666666665        7.0000000000000000       0.19054009186415760     
   2.6666666666666665        7.3333333333333330       0.18461429068865859     
   2.6666666666666665        7.6666666666666661       0.16031975757506853     
   2.6666666666666665        8.0000000000000000        3.0739903089472644E-002
   2.6666666666666665        8.3333333333333321        3.1715481280259326E-002
   2.6666666666666665        8.6666666666666661        2.5727378692067138E-002
   2.6666666666666665        9.0000000000000000        2.0587202416365580E-002
   2.6666666666666665        9.3333333333333321        1.2881050517557054E-002
   2.6666666666666665        9.6666666666666661        6.2009853919210624E-003
   2.6666666666666665        10.000000000000000        0.0000000000000000     
 
   3.0000000000000000        0.0000000000000000        0.0000000000000000     
   3.0000000000000000       0.33333333333333331        8.3405432120126945E-003
   3.0000000000000000       0.66666666666666663        1.6648051373040314E-002
   3.0000000000000000        1.0000000000000000        2.3875404440615838E-002
   3.0000000000000000        1.3333333333333333        5.7240328125937490E-002
   3.0000000000000000        1.6666666666666665        6.2135377363547656E-002
   3.0000000000000000        2.0000000000000000        7.5239216405266443E-002
   3.0000000000000000        2.3333333333333330        8.9241831655046788E-002
   3.0000000000000000        2.6666666666666665       0.10218515812600015     
   3.0000000000000000        3.0000000000000000       0.11530347500129970     
   3.0000000000000000        3.3333333333333330       0.14997402912535052     
   3.0000000000000000        3.6666666666666665       0.14180884275745498     
   3.0000000000000000        4.0000000000000000       0.20674563964240220     
   3.0000000000000000        4.3333333333333330       0.20750949391445053     
   3.0000000000000000        4.6666666666666661       0.22611476684178852     
   3.0000000000000000        5.0000000000000000       0.25805010948171386     
   3.0000000000000000        5.3333333333333330       0.29837694066410475     
   3.0000000000000000        5.6666666666666661       0.30325035203310602     
   3.0000000000000000        6.0000000000000000       0.31266837939819281     
   3.0000000000000000        6.3333333333333330       0.27539848441881382     
   3.0000000000000000        6.6666666666666661       0.26197472081543044     
   3.0000000000000000        7.0000000000000000       0.22485098632153233     
   3.0000000000000000        7.3333333333333330       0.20340844575021594     
   3.0000000000000000        7.6666666666666661       0.18321069691252265     
   3.0000000000000000        8.0000000000000000       0.15314446063991421     
   3.0000000000000000        8.3333333333333321        2.3694378539466193E-002
   3.0000000000000000        8.6666666666666661        2.4641543391409299E-002
   3.0000000000000000        9.0000000000000000        2.5399519993847052E-002
   3.0000000000000000        9.3333333333333321        1.2742527531478002E-002
   3.0000000000000000        9.6666666666666661        6.9319066953974140E-003
   3.0000000000000000        10.000000000000000        0.0000000000000000     
 
   3.3333333333333330        0.0000000000000000        0.0000000000000000     
   3.3333333333333330       0.33333333333333331        1.0296516714338488E-002
   3.3333333333333330       0.66666666666666663        2.1327612916711536E-002
   3.3333333333333330        1.0000000000000000        3.4251281325602630E-002
   3.3333333333333330        1.3333333333333333        5.3434252104054974E-002
   3.3333333333333330        1.6666666666666665        6.7537651777808086E-002
   3.3333333333333330        2.0000000000000000        8.3300658621160387E-002
   3.3333333333333330        2.3333333333333330       0.10059477221609267     
   3.3333333333333330        2.6666666666666665       0.11888187434180814     
   3.3333333333333330        3.0000000000000000       0.13803207915806923     
   3.3333333333333330        3.3333333333333330       0.15856054835885541     
   3.3333333333333330        3.6666666666666665       0.16518133690513873     
   3.3333333333333330        4.0000000000000000       0.20975465485346045     
   3.3333333333333330        4.3333333333333330       0.21136701423832921     
   3.3333333333333330        4.6666666666666661       0.21867030774894966     
   3.3333333333333330        5.0000000000000000       0.39764323184330458     
   3.3333333333333330        5.3333333333333330       0.36447799286712562     
   3.3333333333333330        5.6666666666666661       0.34903472856580436     
   3.3333333333333330        6.0000000000000000       0.34526365795662167     
   3.3333333333333330        6.3333333333333330       0.31994100160861871     
   3.3333333333333330        6.6666666666666661       0.28852489709989421     
   3.3333333333333330        7.0000000000000000       0.24526404387506129     
   3.3333333333333330        7.3333333333333330       0.22056250957826229     
   3.3333333333333330        7.6666666666666661       0.18600975846739876     
   3.3333333333333330        8.0000000000000000       0.15436790582384605     
   3.3333333333333330        8.3333333333333321        8.8015342995893961E-002
   3.3333333333333330        8.6666666666666661        4.4069366739725564E-002
   3.3333333333333330        9.0000000000000000        3.1820593150297179E-002
   3.3333333333333330        9.3333333333333321        1.8966203820487661E-002
   3.3333333333333330        9.6666666666666661        9.0192312200183099E-003
   3.3333333333333330        10.000000000000000        0.0000000000000000     
 
   3.6666666666666665        0.0000000000000000        0.0000000000000000     
   3.6666666666666665       0.33333333333333331        1.1770153289402429E-002
   3.6666666666666665       0.66666666666666663        2.4608596737173791E-002
   3.6666666666666665        1.0000000000000000        3.9086409618845089E-002
   3.6666666666666665        1.3333333333333333        5.5672079326536152E-002
   3.6666666666666665        1.6666666666666665        7.2320701196755627E-002
   3.6666666666666665        2.0000000000000000        9.0846936601649830E-002
   3.6666666666666665        2.3333333333333330       0.11184340160427843     
   3.6666666666666665        2.6666666666666665       0.13538344793837404     
   3.6666666666666665        3.0000000000000000       0.15977336520387225     
   3.6666666666666665        3.3333333333333330       0.18114176608773719     
   3.6666666666666665        3.6666666666666665       0.19521359784702461     
   3.6666666666666665        4.0000000000000000       0.20815386580393103     
   3.6666666666666665        4.3333333333333330       0.20975465485346045     
   3.6666666666666665        4.6666666666666661       0.45261802628663172     
   3.6666666666666665        5.0000000000000000       0.42204141768624742     
   3.6666666666666665        5.3333333333333330       0.40576634955244933     
   3.6666666666666665        5.6666666666666661       0.37682589257502375     
   3.6666666666666665        6.0000000000000000       0.36790851114033601     
   3.6666666666666665        6.3333333333333330       0.34627822123692886     
   3.6666666666666665        6.6666666666666661       0.32320627057568302     
   3.6666666666666665        7.0000000000000000       0.27079232658671587     
   3.6666666666666665        7.3333333333333330       0.24661247533093786     
   3.6666666666666665        7.6666666666666661       0.12338351739310285     
   3.6666666666666665        8.0000000000000000       0.12490497988242359     
   3.6666666666666665        8.3333333333333321        8.9634073125626407E-002
   3.6666666666666665        8.6666666666666661        5.7410935664227329E-002
   3.6666666666666665        9.0000000000000000        3.9731642629079390E-002
   3.6666666666666665        9.3333333333333321        2.2843751048471524E-002
   3.6666666666666665        9.6666666666666661        1.0458145374648099E-002
   3.6666666666666665        10.000000000000000        0.0000000000000000     
 
   4.0000000000000000        0.0000000000000000        0.0000000000000000     
   4.0000000000000000       0.33333333333333331        1.2445182324914355E-002
   4.0000000000000000       0.66666666666666663        2.6780477097761574E-002
   4.0000000000000000        1.0000000000000000        4.2571874185492978E-002
   4.0000000000000000        1.3333333333333333        5.8770427345136877E-002
   4.0000000000000000        1.6666666666666665        7.6186176992289273E-002
   4.0000000000000000        2.0000000000000000        9.6781947684184133E-002
   4.0000000000000000        2.3333333333333330       0.12116008340875353     
   4.0000000000000000        2.6666666666666665       0.15125115735514208     
   4.0000000000000000        3.0000000000000000       0.18428403163728180     
   4.0000000000000000        3.3333333333333330       0.21038928468808421     
   4.0000000000000000        3.6666666666666665       0.22565967489209759     
   4.0000000000000000        4.0000000000000000       0.21747674028701813     
   4.0000000000000000        4.3333333333333330       0.47739092814253259     
   4.0000000000000000        4.6666666666666661       0.47143443062665930     
   4.0000000000000000        5.0000000000000000       0.47054093852536444     
   4.0000000000000000        5.3333333333333330       0.45040470312721731     
   4.0000000000000000        5.6666666666666661       0.42402295597290324     
   4.0000000000000000        6.0000000000000000       0.39588192090322466     
   4.0000000000000000        6.3333333333333330       0.36769430518023938     
   4.0000000000000000        6.6666666666666661       0.32953705341879846     
   4.0000000000000000        7.0000000000000000       0.29205142663486050     
   4.0000000000000000        7.3333333333333330       0.20591335648056158     
   4.0000000000000000        7.6666666666666661       0.14621966344259693     
   4.0000000000000000        8.0000000000000000       0.13351899086182226     
   4.0000000000000000        8.3333333333333321        9.7211449933360880E-002
   4.0000000000000000        8.6666666666666661        5.7332018864268759E-002
   4.0000000000000000        9.0000000000000000        4.7812101604386571E-002
   4.0000000000000000        9.3333333333333321        1.8270618845206033E-002
   4.0000000000000000        9.6666666666666661        1.0269589986677739E-002
   4.0000000000000000        10.000000000000000        0.0000000000000000     
 
   4.3333333333333330        0.0000000000000000        0.0000000000000000     
   4.3333333333333330       0.33333333333333331        1.1504808338690000E-002
   4.3333333333333330       0.66666666666666663        2.8051660305180956E-002
   4.3333333333333330        1.0000000000000000        4.6444268077233772E-002
   4.3333333333333330        1.3333333333333333        6.1574886932701939E-002
   4.3333333333333330        1.6666666666666665        7.7785622010707794E-002
   4.3333333333333330        2.0000000000000000        9.9669956100514198E-002
   4.3333333333333330        2.3333333333333330       0.12513065647052773     
   4.3333333333333330        2.6666666666666665       0.16390174485293149     
   4.3333333333333330        3.0000000000000000       0.21463296665631063     
   4.3333333333333330        3.3333333333333330       0.24873251707190389     
   4.3333333333333330        3.6666666666666665       0.27757956230423686     
   4.3333333333333330        4.0000000000000000       0.45662512913483949     
   4.3333333333333330        4.3333333333333330       0.47003664638542769     
   4.3333333333333330        4.6666666666666661       0.48484681540053437     
   4.3333333333333330        5.0000000000000000       0.47760685040139278     
   4.3333333333333330        5.3333333333333330       0.46300792541876884     
   4.3333333333333330        5.6666666666666661       0.44166080353075532     
   4.3333333333333330        6.0000000000000000       0.41493314317406743     
   4.3333333333333330        6.3333333333333330       0.39155222589268973     
   4.3333333333333330        6.6666666666666661       0.31485705022963056     
   4.3333333333333330        7.0000000000000000       0.27179004250674854     
   4.3333333333333330        7.3333333333333330       0.20496277654279696     
   4.3333333333333330        7.6666666666666661       0.15964094189777189     
   4.3333333333333330        8.0000000000000000       0.13044276295232640     
   4.3333333333333330        8.3333333333333321        9.8483072181106995E-002
   4.3333333333333330        8.6666666666666661        6.7979821969352983E-002
   4.3333333333333330        9.0000000000000000        4.7416502491393030E-002
   4.3333333333333330        9.3333333333333321        2.6728418311990642E-002
   4.3333333333333330        9.6666666666666661        1.2621372303115786E-002
   4.3333333333333330        10.000000000000000        0.0000000000000000     
 
   4.6666666666666661        0.0000000000000000        0.0000000000000000     
   4.6666666666666661       0.33333333333333331        5.7732547337148712E-003
   4.6666666666666661       0.66666666666666663        5.3295301588924218E-002
   4.6666666666666661        1.0000000000000000        5.4445291061002425E-002
   4.6666666666666661        1.3333333333333333        6.4268115563948236E-002
   4.6666666666666661        1.6666666666666665        7.4642197623001116E-002
   4.6666666666666661        2.0000000000000000       0.10929291315727406     
   4.6666666666666661        2.3333333333333330       0.11607490977335556     
   4.6666666666666661        2.6666666666666665       0.26304807180291995     
   4.6666666666666661        3.0000000000000000       0.25945323108080814     
   4.6666666666666661        3.3333333333333330       0.28902466199696591     
   4.6666666666666661        3.6666666666666665       0.35397984252720710     
   4.6666666666666661        4.0000000000000000       0.43075098567781162     
   4.6666666666666661        4.3333333333333330       0.46302656561789335     
   4.6666666666666661        4.6666666666666661       0.47817137877524130     
   4.6666666666666661        5.0000000000000000       0.47853707411167751     
   4.6666666666666661        5.3333333333333330       0.46968994199399072     
   4.6666666666666661        5.6666666666666661       0.45317236498539254     
   4.6666666666666661        6.0000000000000000       0.42057659131543845     
   4.6666666666666661        6.3333333333333330       0.38319017862856852     
   4.6666666666666661        6.6666666666666661       0.35256382437318068     
   4.6666666666666661        7.0000000000000000       0.18148806852668575     
   4.6666666666666661        7.3333333333333330       0.18141841767809425     
   4.6666666666666661        7.6666666666666661       0.15717017352276416     
   4.6666666666666661        8.0000000000000000       0.13094680887928584     
   4.6666666666666661        8.3333333333333321        9.9393593586326864E-002
   4.6666666666666661        8.6666666666666661        6.9781816763675328E-002
   4.6666666666666661        9.0000000000000000        4.8086513281429578E-002
   4.6666666666666661        9.3333333333333321        2.9206242080006477E-002
   4.6666666666666661        9.6666666666666661        1.3794578334204961E-002
   4.6666666666666661        10.000000000000000        0.0000000000000000     
 
   5.0000000000000000        0.0000000000000000        0.0000000000000000     
   5.0000000000000000       0.33333333333333331        5.9477442883574252E-003
   5.0000000000000000       0.66666666666666663        4.5260388539104156E-002
   5.0000000000000000        1.0000000000000000        5.4821165661713231E-002
   5.0000000000000000        1.3333333333333333        6.7465363741780693E-002
   5.0000000000000000        1.6666666666666665        8.2913393701268850E-002
   5.0000000000000000        2.0000000000000000       0.10335041864983513     
   5.0000000000000000        2.3333333333333330       0.11445992400695483     
   5.0000000000000000        2.6666666666666665       0.27113549294739847     
   5.0000000000000000        3.0000000000000000       0.26752629760276003     
   5.0000000000000000        3.3333333333333330       0.42138689892092951     
   5.0000000000000000        3.6666666666666665       0.41085133038861604     
   5.0000000000000000        4.0000000000000000       0.43816589636691705     
   5.0000000000000000        4.3333333333333330       0.46041174643182436     
   5.0000000000000000        4.6666666666666661       0.47275218988291179     
   5.0000000000000000        5.0000000000000000       0.47513896500505798     
   5.0000000000000000        5.3333333333333330       0.47097914856916756     
   5.0000000000000000        5.6666666666666661       0.46858651830267256     
   5.0000000000000000        6.0000000000000000       0.36187107984940747     
   5.0000000000000000        6.3333333333333330       0.35953312942834620     
   5.0000000000000000        6.6666666666666661       0.28230197943328522     
   5.0000000000000000        7.0000000000000000       0.20283027831416028     
   5.0000000000000000        7.3333333333333330       0.18179712855923472     
   5.0000000000000000        7.6666666666666661       0.15697516786864582     
   5.0000000000000000        8.0000000000000000       0.13753270224073436     
   5.0000000000000000        8.3333333333333321        7.5569441085414149E-002
   5.0000000000000000        8.6666666666666661        6.4750520497307826E-002
   5.0000000000000000        9.0000000000000000        4.6868573117984452E-002
   5.0000000000000000        9.3333333333333321        2.8857701646785333E-002
   5.0000000000000000        9.6666666666666661        1.3678452289917204E-002
   5.0000000000000000        10.000000000000000        0.0000000000000000     
 
   5.3333333333333330        0.0000000000000000        0.0000000000000000     
   5.3333333333333330       0.33333333333333331        1.2206332046892568E-002
   5.3333333333333330       0.66666666666666663        3.6621091525993132E-002
   5.3333333333333330        1.0000000000000000        5.3133563886643982E-002
   5.3333333333333330        1.3333333333333333        6.8914148323492810E-002
   5.3333333333333330        1.6666666666666665        8.7213681345031088E-002
   5.3333333333333330        2.0000000000000000       0.10761326754347619     
   5.3333333333333330        2.3333333333333330       0.12467196616496919     
   5.3333333333333330        2.6666666666666665       0.24376698254530779     
   5.3333333333333330        3.0000000000000000       0.26835654532182424     
   5.3333333333333330        3.3333333333333330       0.40500730392565554     
   5.3333333333333330        3.6666666666666665       0.41981843103800043     
   5.3333333333333330        4.0000000000000000       0.43929518213892027     
   5.3333333333333330        4.3333333333333330       0.45523834301220589     
   5.3333333333333330        4.6666666666666661       0.46415368539866675     
   5.3333333333333330        5.0000000000000000       0.46498372713839337     
   5.3333333333333330        5.3333333333333330       0.45738150175476933     
   5.3333333333333330        5.6666666666666661       0.37489880027923062     
   5.3333333333333330        6.0000000000000000       0.35672413908301764     
   5.3333333333333330        6.3333333333333330       0.32612673847543466     
   5.3333333333333330        6.6666666666666661       0.27839604158944725     
   5.3333333333333330        7.0000000000000000       0.22287767643203296     
   5.3333333333333330        7.3333333333333330       0.18563477240288806     
   5.3333333333333330        7.6666666666666661       0.15169691488199083     
   5.3333333333333330        8.0000000000000000       0.12535344144432806     
   5.3333333333333330        8.3333333333333321        8.7633590695108704E-002
   5.3333333333333330        8.6666666666666661        6.7932966207388895E-002
   5.3333333333333330        9.0000000000000000        4.6724683451543333E-002
   5.3333333333333330        9.3333333333333321        2.6328849033073011E-002
   5.3333333333333330        9.6666666666666661        1.2393213640473749E-002
   5.3333333333333330        10.000000000000000        0.0000000000000000     
 
   5.6666666666666661        0.0000000000000000        0.0000000000000000     
   5.6666666666666661       0.33333333333333331        6.5210289650507649E-003
   5.6666666666666661       0.66666666666666663        1.6054911218014660E-002
   5.6666666666666661        1.0000000000000000        4.8237618456145687E-002
   5.6666666666666661        1.3333333333333333        6.8858602493127141E-002
   5.6666666666666661        1.6666666666666665        9.0385768567123534E-002
   5.6666666666666661        2.0000000000000000       0.11601373254631084     
   5.6666666666666661        2.3333333333333330       0.15241843870218191     
   5.6666666666666661        2.6666666666666665       0.21634701369056195     
   5.6666666666666661        3.0000000000000000       0.29006231853759773     
   5.6666666666666661        3.3333333333333330       0.38080988400857380     
   5.6666666666666661        3.6666666666666665       0.41395629044743493     
   5.6666666666666661        4.0000000000000000       0.43281811606864462     
   5.6666666666666661        4.3333333333333330       0.44510913063116558     
   5.6666666666666661        4.6666666666666661       0.45111992883625390     
   5.6666666666666661        5.0000000000000000       0.45059032492545215     
   5.6666666666666661        5.3333333333333330       0.42383822821681588     
   5.6666666666666661        5.6666666666666661       0.38493043619473044     
   5.6666666666666661        6.0000000000000000       0.30639546468124035     
   5.6666666666666661        6.3333333333333330       0.30392232023887694     
   5.6666666666666661        6.6666666666666661       0.22792831845459491     
   5.6666666666666661        7.0000000000000000       0.18118787239911949     
   5.6666666666666661        7.3333333333333330       0.14239717528876042     
   5.6666666666666661        7.6666666666666661       0.13918538964165059     
   5.6666666666666661        8.0000000000000000        8.9282167503207138E-002
   5.6666666666666661        8.3333333333333321        8.2877905318490819E-002
   5.6666666666666661        8.6666666666666661        7.3827623964908190E-002
   5.6666666666666661        9.0000000000000000        1.7406572436128403E-002
   5.6666666666666661        9.3333333333333321        1.7965030964212141E-002
   5.6666666666666661        9.6666666666666661        9.8836115972513860E-003
   5.6666666666666661        10.000000000000000        0.0000000000000000     
 
   6.0000000000000000        0.0000000000000000        0.0000000000000000     
   6.0000000000000000       0.33333333333333331        7.5178263165340585E-003
   6.0000000000000000       0.66666666666666663        1.6519104345497512E-002
   6.0000000000000000        1.0000000000000000        2.8447386290930125E-002
   6.0000000000000000        1.3333333333333333        0.0000000000000000     
   6.0000000000000000        1.6666666666666665       0.11293320770797566     
   6.0000000000000000        2.0000000000000000       0.11436012097322182     
   6.0000000000000000        2.3333333333333330       0.15813297500834073     
   6.0000000000000000        2.6666666666666665       0.17715771828878737     
   6.0000000000000000        3.0000000000000000       0.41528736843778064     
   6.0000000000000000        3.3333333333333330       0.40595763366506965     
   6.0000000000000000        3.6666666666666665       0.41272935900910784     
   6.0000000000000000        4.0000000000000000       0.42236356367640848     
   6.0000000000000000        4.3333333333333330       0.43004073603609494     
   6.0000000000000000        4.6666666666666661       0.43298417220537966     
   6.0000000000000000        5.0000000000000000       0.39551909296044369     
   6.0000000000000000        5.3333333333333330       0.39188103629927978     
   6.0000000000000000        5.6666666666666661       0.34737646773203307     
   6.0000000000000000        6.0000000000000000       0.30380940696938574     
   6.0000000000000000        6.3333333333333330       0.27426491889843785     
   6.0000000000000000        6.6666666666666661       0.22596966763702717     
   6.0000000000000000        7.0000000000000000       0.18080431163126182     
   6.0000000000000000        7.3333333333333330       0.14627701045438257     
   6.0000000000000000        7.6666666666666661       0.12417097567717095     
   6.0000000000000000        8.0000000000000000        9.7119838660273433E-002
   6.0000000000000000        8.3333333333333321        8.2163927806785275E-002
   6.0000000000000000        8.6666666666666661        7.2055472045381555E-002
   6.0000000000000000        9.0000000000000000        2.6973307318153547E-002
   6.0000000000000000        9.3333333333333321        1.8760767018438890E-002
   6.0000000000000000        9.6666666666666661        9.4647154475282162E-003
   6.0000000000000000        10.000000000000000        0.0000000000000000     
 
   6.3333333333333330        0.0000000000000000        0.0000000000000000     
   6.3333333333333330       0.33333333333333331        7.2368147058297517E-003
   6.3333333333333330       0.66666666666666663        1.4487779450693449E-002
   6.3333333333333330        1.0000000000000000        2.1201358089623173E-002
   6.3333333333333330        1.3333333333333333        6.4361963431332991E-002
   6.3333333333333330        1.6666666666666665       0.10105969963758724     
   6.3333333333333330        2.0000000000000000       0.11538001391334184     
   6.3333333333333330        2.3333333333333330       0.13955859059502093     
   6.3333333333333330        2.6666666666666665       0.15672918363509358     
   6.3333333333333330        3.0000000000000000       0.17661062988877924     
   6.3333333333333330        3.3333333333333330       0.40790094579000197     
   6.3333333333333330        3.6666666666666665       0.39937307867359956     
   6.3333333333333330        4.0000000000000000       0.40412001686648902     
   6.3333333333333330        4.3333333333333330       0.40950865486598709     
   6.3333333333333330        4.6666666666666661       0.40735133363764203     
   6.3333333333333330        5.0000000000000000       0.39032448104613754     
   6.3333333333333330        5.3333333333333330       0.30043233720487550     
   6.3333333333333330        5.6666666666666661       0.30194057583515466     
   6.3333333333333330        6.0000000000000000       0.28217997499620062     
   6.3333333333333330        6.3333333333333330       0.25952390321772933     
   6.3333333333333330        6.6666666666666661       0.21886087044916711     
   6.3333333333333330        7.0000000000000000       0.16926800507926956     
   6.3333333333333330        7.3333333333333330       0.13819481487730928     
   6.3333333333333330        7.6666666666666661       0.11502860733699324     
   6.3333333333333330        8.0000000000000000        9.4177770933965385E-002
   6.3333333333333330        8.3333333333333321        7.8019794445323337E-002
   6.3333333333333330        8.6666666666666661        6.1585544199914501E-002
   6.3333333333333330        9.0000000000000000        3.5977413576048528E-002
   6.3333333333333330        9.3333333333333321        2.1207588743172013E-002
   6.3333333333333330        9.6666666666666661        9.5092779306699821E-003
   6.3333333333333330        10.000000000000000        0.0000000000000000     
 
   6.6666666666666661        0.0000000000000000        0.0000000000000000     
   6.6666666666666661       0.33333333333333331        7.1565723825804594E-003
   6.6666666666666661       0.66666666666666663        1.3401469748026733E-002
   6.6666666666666661        1.0000000000000000        5.2159262774073553E-002
   6.6666666666666661        1.3333333333333333        6.6171637437377695E-002
   6.6666666666666661        1.6666666666666665        8.8402321858585778E-002
   6.6666666666666661        2.0000000000000000       0.10796233118539435     
   6.6666666666666661        2.3333333333333330       0.12898682316181345     
   6.6666666666666661        2.6666666666666665       0.15406927689638267     
   6.6666666666666661        3.0000000000000000       0.17737451257295148     
   6.6666666666666661        3.3333333333333330       0.31062949635014803     
   6.6666666666666661        3.6666666666666665       0.36442208189501069     
   6.6666666666666661        4.0000000000000000       0.37661551737289489     
   6.6666666666666661        4.3333333333333330       0.38754008682144608     
   6.6666666666666661        4.6666666666666661       0.38754112106469363     
   6.6666666666666661        5.0000000000000000       0.35969430590317608     
   6.6666666666666661        5.3333333333333330       0.29416454296579198     
   6.6666666666666661        5.6666666666666661       0.27285539531127467     
   6.6666666666666661        6.0000000000000000       0.25932265944433441     
   6.6666666666666661        6.3333333333333330       0.16558537721403252     
   6.6666666666666661        6.6666666666666661       0.13879791148511694     
   6.6666666666666661        7.0000000000000000       0.13898211748883049     
   6.6666666666666661        7.3333333333333330       0.12281117847141054     
   6.6666666666666661        7.6666666666666661       0.10463453893146307     
   6.6666666666666661        8.0000000000000000        8.7872525096199680E-002
   6.6666666666666661        8.3333333333333321        7.5553793368558095E-002
   6.6666666666666661        8.6666666666666661        3.8581975492928168E-002
   6.6666666666666661        9.0000000000000000        3.5103275335698833E-002
   6.6666666666666661        9.3333333333333321        1.3765916157666579E-002
   6.6666666666666661        9.6666666666666661        7.6676747782245362E-003
   6.6666666666666661        10.000000000000000        0.0000000000000000     
 
   7.0000000000000000        0.0000000000000000        0.0000000000000000     
   7.0000000000000000       0.33333333333333331        8.2197801367146373E-003
   7.0000000000000000       0.66666666666666663        1.8982795619881053E-002
   7.0000000000000000        1.0000000000000000        3.9615438534836206E-002
   7.0000000000000000        1.3333333333333333        6.1447099483193574E-002
   7.0000000000000000        1.6666666666666665        8.0151783096058846E-002
   7.0000000000000000        2.0000000000000000       0.10068242602780721     
   7.0000000000000000        2.3333333333333330       0.11568422306680989     
   7.0000000000000000        2.6666666666666665       0.17790373274713236     
   7.0000000000000000        3.0000000000000000       0.20196506322873864     
   7.0000000000000000        3.3333333333333330       0.25249904267857426     
   7.0000000000000000        3.6666666666666665       0.31097628655480902     
   7.0000000000000000        4.0000000000000000       0.34320308596177718     
   7.0000000000000000        4.3333333333333330       0.36872194778165818     
   7.0000000000000000        4.6666666666666661       0.15487163933528741     
   7.0000000000000000        5.0000000000000000       0.21772095675824218     
   7.0000000000000000        5.3333333333333330       0.23916857597145563     
   7.0000000000000000        5.6666666666666661       0.23226198528347897     
   7.0000000000000000        6.0000000000000000       0.21971079484711295     
   7.0000000000000000        6.3333333333333330       0.16575382467845448     
   7.0000000000000000        6.6666666666666661       0.13942998481191202     
   7.0000000000000000        7.0000000000000000       0.12574243260397819     
   7.0000000000000000        7.3333333333333330       0.11041513883364326     
   7.0000000000000000        7.6666666666666661        9.4064232793975494E-002
   7.0000000000000000        8.0000000000000000        7.8513110910873193E-002
   7.0000000000000000        8.3333333333333321        6.2196951951018001E-002
   7.0000000000000000        8.6666666666666661        4.3220071972571036E-002
   7.0000000000000000        9.0000000000000000        3.1807197584917193E-002
   7.0000000000000000        9.3333333333333321        2.0362263384549852E-002
   7.0000000000000000        9.6666666666666661        2.9046782754391215E-003
   7.0000000000000000        10.000000000000000        0.0000000000000000     
 
   7.3333333333333330        0.0000000000000000        0.0000000000000000     
   7.3333333333333330       0.33333333333333331        7.0147192780028707E-003
   7.3333333333333330       0.66666666666666663        1.5296350088154779E-002
   7.3333333333333330        1.0000000000000000        2.7024505185156429E-002
   7.3333333333333330        1.3333333333333333        6.6295634474022563E-002
   7.3333333333333330        1.6666666666666665        7.1916808537517113E-002
   7.3333333333333330        2.0000000000000000       0.10288091295053133     
   7.3333333333333330        2.3333333333333330       0.11902418688592101     
   7.3333333333333330        2.6666666666666665       0.15425348049559465     
   7.3333333333333330        3.0000000000000000       0.19978283928984977     
   7.3333333333333330        3.3333333333333330       0.24285620190043661     
   7.3333333333333330        3.6666666666666665       0.27465931412270977     
   7.3333333333333330        4.0000000000000000       0.31097628655480902     
   7.3333333333333330        4.3333333333333330       0.15487163933528741     
   7.3333333333333330        4.6666666666666661       0.15559678830810894     
   7.3333333333333330        5.0000000000000000       0.19472908296170624     
   7.3333333333333330        5.3333333333333330       0.21011710133031417     
   7.3333333333333330        5.6666666666666661       0.19507510424194141     
   7.3333333333333330        6.0000000000000000       0.13189319892241522     
   7.3333333333333330        6.3333333333333330       0.13831506864939971     
   7.3333333333333330        6.6666666666666661       0.12820902042048557     
   7.3333333333333330        7.0000000000000000       0.11518854912299881     
   7.3333333333333330        7.3333333333333330       0.10028248026454707     
   7.3333333333333330        7.6666666666666661        8.4062750465356190E-002
   7.3333333333333330        8.0000000000000000        7.1337612336871109E-002
   7.3333333333333330        8.3333333333333321        5.2862641816221183E-002
   7.3333333333333330        8.6666666666666661        4.1481134701271342E-002
   7.3333333333333330        9.0000000000000000        2.9524806754076195E-002
   7.3333333333333330        9.3333333333333321        1.6210593953875287E-002
   7.3333333333333330        9.6666666666666661        5.9252640161469843E-003
   7.3333333333333330        10.000000000000000        0.0000000000000000     
 
   7.6666666666666661        0.0000000000000000        0.0000000000000000     
   7.6666666666666661       0.33333333333333331        4.7925467954336954E-003
   7.6666666666666661       0.66666666666666663        8.6836073338218897E-003
   7.6666666666666661        1.0000000000000000        6.0567561218383782E-002
   7.6666666666666661        1.3333333333333333        6.2932710322151045E-002
   7.6666666666666661        1.6666666666666665        7.1441934606224555E-002
   7.6666666666666661        2.0000000000000000        8.8701075097098903E-002
   7.6666666666666661        2.3333333333333330       0.10494019461709642     
   7.6666666666666661        2.6666666666666665       0.12122688799109978     
   7.6666666666666661        3.0000000000000000       0.11495175782448923     
   7.6666666666666661        3.3333333333333330       0.18643161303237413     
   7.6666666666666661        3.6666666666666665       0.23111795740633631     
   7.6666666666666661        4.0000000000000000        5.8853500650654436E-002
   7.6666666666666661        4.3333333333333330       0.10176224165458155     
   7.6666666666666661        4.6666666666666661       0.11847611757548504     
   7.6666666666666661        5.0000000000000000        9.2745150796771925E-002
   7.6666666666666661        5.3333333333333330       0.14127270102633385     
   7.6666666666666661        5.6666666666666661       0.14179587381118255     
   7.6666666666666661        6.0000000000000000       0.12641098497380493     
   7.6666666666666661        6.3333333333333330       0.12822093625432912     
   7.6666666666666661        6.6666666666666661       0.12099249807338720     
   7.6666666666666661        7.0000000000000000       0.10783280869766515     
   7.6666666666666661        7.3333333333333330        9.2872319005704917E-002
   7.6666666666666661        7.6666666666666661        7.2000042568408529E-002
   7.6666666666666661        8.0000000000000000        3.4248992147649308E-002
   7.6666666666666661        8.3333333333333321        3.7738689850146979E-002
   7.6666666666666661        8.6666666666666661        1.7580570448723878E-002
   7.6666666666666661        9.0000000000000000        1.0107916673759404E-002
   7.6666666666666661        9.3333333333333321        9.6016793377100857E-003
   7.6666666666666661        9.6666666666666661        4.8123244868542390E-003
   7.6666666666666661        10.000000000000000        0.0000000000000000     
 
   8.0000000000000000        0.0000000000000000        0.0000000000000000     
   8.0000000000000000       0.33333333333333331        3.6620007391574044E-003
   8.0000000000000000       0.66666666666666663        6.2981532967311222E-003
   8.0000000000000000        1.0000000000000000        5.3479431216814616E-002
   8.0000000000000000        1.3333333333333333        5.5684974086744291E-002
   8.0000000000000000        1.6666666666666665        6.4405692751586113E-002
   8.0000000000000000        2.0000000000000000        7.7638522740520105E-002
   8.0000000000000000        2.3333333333333330        9.2749676320338523E-002
   8.0000000000000000        2.6666666666666665       0.10619319663442275     
   8.0000000000000000        3.0000000000000000       0.11718868933668793     
   8.0000000000000000        3.3333333333333330       0.14200337560659115     
   8.0000000000000000        3.6666666666666665        5.8853500650654436E-002
   8.0000000000000000        4.0000000000000000        6.0700248383878649E-002
   8.0000000000000000        4.3333333333333330        8.6713423913057947E-002
   8.0000000000000000        4.6666666666666661        9.9468402121246607E-002
   8.0000000000000000        5.0000000000000000        9.5038990330106862E-002
   8.0000000000000000        5.3333333333333330        9.0392236672832818E-002
   8.0000000000000000        5.6666666666666661       0.10480633389149578     
   8.0000000000000000        6.0000000000000000       0.10463841870699567     
   8.0000000000000000        6.3333333333333330        0.0000000000000000     
   8.0000000000000000        6.6666666666666661       0.10172191040184123     
   8.0000000000000000        7.0000000000000000       0.10382142339761520     
   8.0000000000000000        7.3333333333333330        3.1800816893180490E-002
   8.0000000000000000        7.6666666666666661        4.0460562975611666E-002
   8.0000000000000000        8.0000000000000000        3.1913008499803469E-002
   8.0000000000000000        8.3333333333333321        2.7274456071963368E-002
   8.0000000000000000        8.6666666666666661        1.8386845746208955E-002
   8.0000000000000000        9.0000000000000000        1.1086271450475320E-002
   8.0000000000000000        9.3333333333333321        7.6841041438670205E-003
   8.0000000000000000        9.6666666666666661        3.9301780329814790E-003
   8.0000000000000000        10.000000000000000        0.0000000000000000     
 
   8.3333333333333321        0.0000000000000000        0.0000000000000000     
   8.3333333333333321       0.33333333333333331        3.7227517984457148E-003
   8.3333333333333321       0.66666666666666663        6.8306293663639474E-003
   8.3333333333333321        1.0000000000000000        3.2941464548486475E-002
   8.3333333333333321        1.3333333333333333        4.4036660470119067E-002
   8.3333333333333321        1.6666666666666665        5.4991120043125376E-002
   8.3333333333333321        2.0000000000000000        6.6844122900752118E-002
   8.3333333333333321        2.3333333333333330        8.4357032895589268E-002
   8.3333333333333321        2.6666666666666665        9.5680455239351508E-002
   8.3333333333333321        3.0000000000000000       0.10764521895018682     
   8.3333333333333321        3.3333333333333330       0.12386203157074945     
   8.3333333333333321        3.6666666666666665        3.8632818328855970E-002
   8.3333333333333321        4.0000000000000000        4.0137582854159512E-002
   8.3333333333333321        4.3333333333333330        1.6645118698486977E-002
   8.3333333333333321        4.6666666666666661        1.4695872825847158E-002
   8.3333333333333321        5.0000000000000000        7.5763947682382926E-002
   8.3333333333333321        5.3333333333333330        7.7215277586513614E-002
   8.3333333333333321        5.6666666666666661        8.3418386658113880E-002
   8.3333333333333321        6.0000000000000000        8.3789529889590708E-002
   8.3333333333333321        6.3333333333333330        4.0816708030863173E-002
   8.3333333333333321        6.6666666666666661        0.0000000000000000     
   8.3333333333333321        7.0000000000000000        2.0735857103933511E-002
   8.3333333333333321        7.3333333333333330        2.4191858393461670E-002
   8.3333333333333321        7.6666666666666661        2.7265664697115864E-002
   8.3333333333333321        8.0000000000000000        2.6746858868309627E-002
   8.3333333333333321        8.3333333333333321        2.2046341310634404E-002
   8.3333333333333321        8.6666666666666661        8.9411678220072191E-003
   8.3333333333333321        9.0000000000000000        8.6871666080633944E-003
   8.3333333333333321        9.3333333333333321        6.4837366941975323E-003
   8.3333333333333321        9.6666666666666661        3.4128640310708384E-003
   8.3333333333333321        10.000000000000000        0.0000000000000000     
 
   8.6666666666666661        0.0000000000000000        0.0000000000000000     
   8.6666666666666661       0.33333333333333331        4.5819226930549194E-003
   8.6666666666666661       0.66666666666666663        1.0803710573919696E-002
   8.6666666666666661        1.0000000000000000        2.3283274160890370E-002
   8.6666666666666661        1.3333333333333333        3.4292788169881711E-002
   8.6666666666666661        1.6666666666666665        4.6651331643661358E-002
   8.6666666666666661        2.0000000000000000        5.2480187667444708E-002
   8.6666666666666661        2.3333333333333330        7.0928009184576174E-002
   8.6666666666666661        2.6666666666666665        8.6767544846967276E-002
   8.6666666666666661        3.0000000000000000        9.6033001755983116E-002
   8.6666666666666661        3.3333333333333330        0.0000000000000000     
   8.6666666666666661        3.6666666666666665        1.6709495830672220E-002
   8.6666666666666661        4.0000000000000000        2.2533836833834892E-002
   8.6666666666666661        4.3333333333333330        1.7640084466114318E-002
   8.6666666666666661        4.6666666666666661        1.5675354029834231E-002
   8.6666666666666661        5.0000000000000000        5.9256557935418230E-002
   8.6666666666666661        5.3333333333333330        6.0609953506113499E-002
   8.6666666666666661        5.6666666666666661        6.9097452407954521E-002
   8.6666666666666661        6.0000000000000000        6.4524235730418739E-002
   8.6666666666666661        6.3333333333333330        4.1872218271476365E-002
   8.6666666666666661        6.6666666666666661        1.6575652964180006E-002
   8.6666666666666661        7.0000000000000000        1.8138664185280515E-002
   8.6666666666666661        7.3333333333333330        1.7877748511732267E-002
   8.6666666666666661        7.6666666666666661        1.8621002511240353E-002
   8.6666666666666661        8.0000000000000000        1.0981444405374925E-002
   8.6666666666666661        8.3333333333333321        1.2991608831320046E-002
   8.6666666666666661        8.6666666666666661        9.6796568301581107E-003
   8.6666666666666661        9.0000000000000000        3.4819310999494495E-003
   8.6666666666666661        9.3333333333333321        2.1490163248695775E-003
   8.6666666666666661        9.6666666666666661        0.0000000000000000     
   8.6666666666666661        10.000000000000000        0.0000000000000000     
 
   9.0000000000000000        0.0000000000000000        0.0000000000000000     
   9.0000000000000000       0.33333333333333331        4.0314247731888138E-003
   9.0000000000000000       0.66666666666666663        9.0411488774339455E-003
   9.0000000000000000        1.0000000000000000        1.6151440963551762E-002
   9.0000000000000000        1.3333333333333333        2.4655134074223029E-002
   9.0000000000000000        1.6666666666666665        2.9530812793225891E-002
   9.0000000000000000        2.0000000000000000        4.5866523412163365E-002
   9.0000000000000000        2.3333333333333330        5.7360199705591371E-002
   9.0000000000000000        2.6666666666666665        1.3158975573129704E-003
   9.0000000000000000        3.0000000000000000        2.1898600652824857E-003
   9.0000000000000000        3.3333333333333330        7.9329308570663202E-003
   9.0000000000000000        3.6666666666666665        1.1733401211139218E-002
   9.0000000000000000        4.0000000000000000        1.6696206254317943E-002
   9.0000000000000000        4.3333333333333330        1.6699013590755384E-002
   9.0000000000000000        4.6666666666666661        1.3152913406212375E-003
   9.0000000000000000        5.0000000000000000        3.7099892390458508E-002
   9.0000000000000000        5.3333333333333330        3.8117606228291585E-002
   9.0000000000000000        5.6666666666666661        1.3615072230425495E-002
   9.0000000000000000        6.0000000000000000        1.6186228815926081E-002
   9.0000000000000000        6.3333333333333330        2.1258666461588218E-002
   9.0000000000000000        6.6666666666666661        1.5700793256734149E-002
   9.0000000000000000        7.0000000000000000        9.1579000870533490E-003
   9.0000000000000000        7.3333333333333330        1.1304861289367731E-002
   9.0000000000000000        7.6666666666666661        1.1472215576106289E-002
   9.0000000000000000        8.0000000000000000        9.5263614492993136E-003
   9.0000000000000000        8.3333333333333321        9.8750278961436243E-003
   9.0000000000000000        8.6666666666666661        7.6158843172023554E-003
   9.0000000000000000        9.0000000000000000        3.7109938058752377E-003
   9.0000000000000000        9.3333333333333321        2.3033641483532368E-003
   9.0000000000000000        9.6666666666666661        1.9270868156875406E-004
   9.0000000000000000        10.000000000000000        0.0000000000000000     
 
   9.3333333333333321        0.0000000000000000        0.0000000000000000     
   9.3333333333333321       0.33333333333333331        2.7108888943028799E-003
   9.3333333333333321       0.66666666666666663        5.6307014926060108E-003
   9.3333333333333321        1.0000000000000000        8.3997448703219089E-003
   9.3333333333333321        1.3333333333333333        9.2480266300705282E-003
   9.3333333333333321        1.6666666666666665        1.4432574441283265E-002
   9.3333333333333321        2.0000000000000000        1.8809393477776416E-003
   9.3333333333333321        2.3333333333333330        1.1683433239847581E-003
   9.3333333333333321        2.6666666666666665        1.4121802517092492E-003
   9.3333333333333321        3.0000000000000000        2.3414450093528199E-003
   9.3333333333333321        3.3333333333333330        4.5901020799578923E-003
   9.3333333333333321        3.6666666666666665        6.2321846754693497E-003
   9.3333333333333321        4.0000000000000000        0.0000000000000000     
   9.3333333333333321        4.3333333333333330        1.0681322504902068E-003
   9.3333333333333321        4.6666666666666661        1.3742884073132200E-003
   9.3333333333333321        5.0000000000000000        1.1155450826135711E-002
   9.3333333333333321        5.3333333333333330        1.7590822912866948E-002
   9.3333333333333321        5.6666666666666661        1.4123703998237076E-002
   9.3333333333333321        6.0000000000000000        1.1648662866804762E-002
   9.3333333333333321        6.3333333333333330        1.1910844368635447E-002
   9.3333333333333321        6.6666666666666661        9.8453562681919769E-003
   9.3333333333333321        7.0000000000000000        7.4435670149415314E-003
   9.3333333333333321        7.3333333333333330        7.2277366016531798E-003
   9.3333333333333321        7.6666666666666661        6.9634011868621283E-003
   9.3333333333333321        8.0000000000000000        6.2578937701982858E-003
   9.3333333333333321        8.3333333333333321        1.0061239320244770E-003
   9.3333333333333321        8.6666666666666661        1.1588123795870250E-003
   9.3333333333333321        9.0000000000000000        1.6711548723226416E-003
   9.3333333333333321        9.3333333333333321        1.2051317965615688E-003
   9.3333333333333321        9.6666666666666661        3.9943930243413348E-004
   9.3333333333333321        10.000000000000000        0.0000000000000000     
 
   9.6666666666666661        0.0000000000000000        0.0000000000000000     
   9.6666666666666661       0.33333333333333331        1.3258031870826881E-003
   9.6666666666666661       0.66666666666666663        2.6644205125151504E-003
   9.6666666666666661        1.0000000000000000        3.8434123740041376E-003
   9.6666666666666661        1.3333333333333333        4.5092499571130640E-003
   9.6666666666666661        1.6666666666666665        5.1705321883444618E-003
   9.6666666666666661        2.0000000000000000        1.9876649381397149E-003
   9.6666666666666661        2.3333333333333330        1.0037166232224183E-003
   9.6666666666666661        2.6666666666666665        9.2022572524992575E-004
   9.6666666666666661        3.0000000000000000        1.3261905552822649E-003
   9.6666666666666661        3.3333333333333330        2.1293529277182262E-003
   9.6666666666666661        3.6666666666666665        2.7325678466289679E-003
   9.6666666666666661        4.0000000000000000        3.9545692060646457E-004
   9.6666666666666661        4.3333333333333330        8.0704126917231615E-004
   9.6666666666666661        4.6666666666666661        1.7960976418048967E-003
   9.6666666666666661        5.0000000000000000        5.0664484556790929E-003
   9.6666666666666661        5.3333333333333330        7.4762308253836004E-003
   9.6666666666666661        5.6666666666666661        2.3451682597652210E-003
   9.6666666666666661        6.0000000000000000        4.7799095169928224E-003
   9.6666666666666661        6.3333333333333330        5.3008490625343144E-003
   9.6666666666666661        6.6666666666666661        4.7088483069038485E-003
   9.6666666666666661        7.0000000000000000        3.8798326361159370E-003
   9.6666666666666661        7.3333333333333330        3.5431636211846898E-003
   9.6666666666666661        7.6666666666666661        3.2372999612436124E-003
   9.6666666666666661        8.0000000000000000        2.6065343171011572E-003
   9.6666666666666661        8.3333333333333321        1.0688381192466756E-003
   9.6666666666666661        8.6666666666666661        7.2487526467134109E-004
   9.6666666666666661        9.0000000000000000        7.1913719943966445E-004
   9.6666666666666661        9.3333333333333321        5.2889787187776016E-004
   9.6666666666666661        9.6666666666666661        2.2803565723625928E-004
   9.6666666666666661        10.000000000000000        0.0000000000000000     
 
   10.000000000000000        0.0000000000000000        0.0000000000000000     
   10.000000000000000       0.33333333333333331        0.0000000000000000     
   10.000000000000000       0.66666666666666663        0.0000000000000000     
   10.000000000000000        1.0000000000000000        0.0000000000000000     
   10.000000000000000        1.3333333333333333        0.0000000000000000     
   10.000000000000000        1.6666666666666665        0.0000000000000000     
   10.000000000000000        2.0000000000000000        0.0000000000000000     
   10.000000000000000        2.3333333333333330        0.0000000000000000     
   10.000000000000000        2.6666666666666665        0.0000000000000000     
   10.000000000000000        3.0000000000000000        0.0000000000000000     
   10.000000000000000        3.3333333333333330        0.0000000000000000     
   10.000000000000000        3.6666666666666665        0.0000000000000000     
   10.000000000000000        4.0000000000000000        0.0000000000000000     
   10.000000000000000        4.3333333333333330        0.0000000000000000     
   10.000000000000000        4.6666666666666661        0.0000000000000000     
   10.000000000000000        5.0000000000000000        0.0000000000000000     
   10.000000000000000        5.3333333333333330        0.0000000000000000     
   10.000000000000000        5.6666666666666661        0.0000000000000000     
   10.000000000000000        6.0000000000000000        0.0000000000000000     
   10.000000000000000        6.3333333333333330        0.0000000000000000     
   10.000000000000000        6.6666666666666661        0.0000000000000000     
   10.000000000000000        7.0000000000000000        0.0000000000000000     
   10.000000000000000        7.3333333333333330        0.0000000000000000     
   10.000000000000000        7.6666666666666661        0.0000000000000000     
   10.000000000000000        8.0000000000000000        0.0000000000000000     
   10.000000000000000        8.3333333333333321        0.0000000000000000     
   10.000000000000000        8.6666666666666661        0.0000000000000000     
   10.000000000000000        9.0000000000000000        0.0000000000000000     
   10.000000000000000        9.3333333333333321        0.0000000000000000     
   10.000000000000000        9.6666666666666661        0.0000000000000000     
   10.000000000000000        10.000000000000000        0.0000000000000000     
 
