   0.0000000000000000        0.0000000000000000        0.0000000000000000     
   0.0000000000000000       0.33333333333333331        0.0000000000000000     
   0.0000000000000000       0.66666666666666663        0.0000000000000000     
   0.0000000000000000        1.0000000000000000        0.0000000000000000     
   0.0000000000000000        1.3333333333333333        0.0000000000000000     
   0.0000000000000000        1.6666666666666665        0.0000000000000000     
   0.0000000000000000        2.0000000000000000        0.0000000000000000     
   0.0000000000000000        2.3333333333333330        0.0000000000000000     
   0.0000000000000000        2.6666666666666665        0.0000000000000000     
   0.0000000000000000        3.0000000000000000        0.0000000000000000     
   0.0000000000000000        3.3333333333333330        0.0000000000000000     
   0.0000000000000000        3.6666666666666665        0.0000000000000000     
   0.0000000000000000        4.0000000000000000        0.0000000000000000     
   0.0000000000000000        4.3333333333333330        0.0000000000000000     
   0.0000000000000000        4.6666666666666661        0.0000000000000000     
   0.0000000000000000        5.0000000000000000        0.0000000000000000     
   0.0000000000000000        5.3333333333333330        0.0000000000000000     
   0.0000000000000000        5.6666666666666661        0.0000000000000000     
   0.0000000000000000        6.0000000000000000        0.0000000000000000     
   0.0000000000000000        6.3333333333333330        0.0000000000000000     
   0.0000000000000000        6.6666666666666661        0.0000000000000000     
   0.0000000000000000        7.0000000000000000        0.0000000000000000     
   0.0000000000000000        7.3333333333333330        0.0000000000000000     
   0.0000000000000000        7.6666666666666661        0.0000000000000000     
   0.0000000000000000        8.0000000000000000        0.0000000000000000     
   0.0000000000000000        8.3333333333333321        0.0000000000000000     
   0.0000000000000000        8.6666666666666661        0.0000000000000000     
   0.0000000000000000        9.0000000000000000        0.0000000000000000     
   0.0000000000000000        9.3333333333333321        0.0000000000000000     
   0.0000000000000000        9.6666666666666661        0.0000000000000000     
   0.0000000000000000        10.000000000000000        0.0000000000000000     
 
  0.33333333333333331        0.0000000000000000        0.0000000000000000     
  0.33333333333333331       0.33333333333333331        2.9285458844761062E-004
  0.33333333333333331       0.66666666666666663        5.0314415111293452E-004
  0.33333333333333331        1.0000000000000000        5.5923781911557883E-004
  0.33333333333333331        1.3333333333333333        1.1986275362494418E-003
  0.33333333333333331        1.6666666666666665        1.7578966450367594E-003
  0.33333333333333331        2.0000000000000000        2.6297028843389439E-003
  0.33333333333333331        2.3333333333333330        3.1870720212123227E-003
  0.33333333333333331        2.6666666666666665        2.7776031181831933E-003
  0.33333333333333331        3.0000000000000000        5.2464787838772823E-003
  0.33333333333333331        3.3333333333333330        5.7442392834107531E-003
  0.33333333333333331        3.6666666666666665        5.6375830867494998E-003
  0.33333333333333331        4.0000000000000000        5.7071819110788369E-003
  0.33333333333333331        4.3333333333333330        5.6302892752720457E-003
  0.33333333333333331        4.6666666666666661        3.4903184487085990E-003
  0.33333333333333331        5.0000000000000000        4.9373809824070141E-003
  0.33333333333333331        5.3333333333333330        1.1431647448764282E-002
  0.33333333333333331        5.6666666666666661        1.3486345957918436E-002
  0.33333333333333331        6.0000000000000000        1.4477329079059978E-002
  0.33333333333333331        6.3333333333333330        1.4642575825058970E-002
  0.33333333333333331        6.6666666666666661        1.0086328816120775E-002
  0.33333333333333331        7.0000000000000000        1.5732235990497549E-002
  0.33333333333333331        7.3333333333333330        7.7229811607954302E-003
  0.33333333333333331        7.6666666666666661        7.5355166072531704E-003
  0.33333333333333331        8.0000000000000000        6.1595449610736637E-003
  0.33333333333333331        8.3333333333333321        4.4832636488435921E-003
  0.33333333333333331        8.6666666666666661        3.6840149196552996E-003
  0.33333333333333331        9.0000000000000000        2.7996146736132123E-003
  0.33333333333333331        9.3333333333333321        1.5951360682984028E-003
  0.33333333333333331        9.6666666666666661        7.0775595341320680E-004
  0.33333333333333331        10.000000000000000        0.0000000000000000     
 
  0.66666666666666663        0.0000000000000000        0.0000000000000000     
  0.66666666666666663       0.33333333333333331        6.7978895117749209E-004
  0.66666666666666663       0.66666666666666663        1.1806805325563199E-003
  0.66666666666666663        1.0000000000000000        2.8728103910226348E-003
  0.66666666666666663        1.3333333333333333        2.5286841997072766E-003
  0.66666666666666663        1.6666666666666665        3.2767382797648480E-003
  0.66666666666666663        2.0000000000000000        5.6789683293980405E-003
  0.66666666666666663        2.3333333333333330        7.4624432254279697E-003
  0.66666666666666663        2.6666666666666665        1.4852059447768243E-002
  0.66666666666666663        3.0000000000000000        1.2641033830165131E-002
  0.66666666666666663        3.3333333333333330        1.2281948421172792E-002
  0.66666666666666663        3.6666666666666665        1.1284869649483635E-002
  0.66666666666666663        4.0000000000000000        1.1745928092419469E-002
  0.66666666666666663        4.3333333333333330        1.3498106678641281E-002
  0.66666666666666663        4.6666666666666661        0.0000000000000000     
  0.66666666666666663        5.0000000000000000        3.0760317406939599E-002
  0.66666666666666663        5.3333333333333330        2.7526927434069180E-002
  0.66666666666666663        5.6666666666666661        2.8265994941381871E-002
  0.66666666666666663        6.0000000000000000        2.9987873028280990E-002
  0.66666666666666663        6.3333333333333330        3.4183237736023483E-002
  0.66666666666666663        6.6666666666666661        5.5649437046590582E-002
  0.66666666666666663        7.0000000000000000        4.5273917964096411E-002
  0.66666666666666663        7.3333333333333330        1.6079671562063094E-002
  0.66666666666666663        7.6666666666666661        1.6388576615356178E-002
  0.66666666666666663        8.0000000000000000        1.2744219246738086E-002
  0.66666666666666663        8.3333333333333321        8.1958583205357510E-003
  0.66666666666666663        8.6666666666666661        7.5528292446665653E-003
  0.66666666666666663        9.0000000000000000        6.0005777647620072E-003
  0.66666666666666663        9.3333333333333321        2.9218731209513394E-003
  0.66666666666666663        9.6666666666666661        1.2581876759753911E-003
  0.66666666666666663        10.000000000000000        0.0000000000000000     
 
   1.0000000000000000        0.0000000000000000        0.0000000000000000     
   1.0000000000000000       0.33333333333333331        1.2711087146309334E-003
   1.0000000000000000       0.66666666666666663        2.4036793255644544E-003
   1.0000000000000000        1.0000000000000000        3.3345729795813263E-003
   1.0000000000000000        1.3333333333333333        2.8728103910226348E-003
   1.0000000000000000        1.6666666666666665        9.5969043990060850E-003
   1.0000000000000000        2.0000000000000000        9.5692063675625084E-003
   1.0000000000000000        2.3333333333333330        1.3797080673499884E-002
   1.0000000000000000        2.6666666666666665        1.7561471782849451E-002
   1.0000000000000000        3.0000000000000000        1.8594270078772443E-002
   1.0000000000000000        3.3333333333333330        1.9842623130393616E-002
   1.0000000000000000        3.6666666666666665        1.5835286627660240E-002
   1.0000000000000000        4.0000000000000000        1.6864593323886970E-002
   1.0000000000000000        4.3333333333333330        2.3525133518846098E-002
   1.0000000000000000        4.6666666666666661        3.3843133396629976E-002
   1.0000000000000000        5.0000000000000000        3.4673943945370100E-002
   1.0000000000000000        5.3333333333333330        4.0186537769001468E-002
   1.0000000000000000        5.6666666666666661        4.2526542045460546E-002
   1.0000000000000000        6.0000000000000000        4.3424572642190323E-002
   1.0000000000000000        6.3333333333333330        5.8278672734666748E-002
   1.0000000000000000        6.6666666666666661        6.6485634993727935E-002
   1.0000000000000000        7.0000000000000000        6.4817346798107842E-002
   1.0000000000000000        7.3333333333333330        5.1944681436615285E-002
   1.0000000000000000        7.6666666666666661        2.9474001027797580E-002
   1.0000000000000000        8.0000000000000000        2.0485604994269699E-002
   1.0000000000000000        8.3333333333333321        1.5471728129395217E-002
   1.0000000000000000        8.6666666666666661        1.2535045056915129E-002
   1.0000000000000000        9.0000000000000000        1.0899581475673928E-002
   1.0000000000000000        9.3333333333333321        1.3958726350419301E-003
   1.0000000000000000        9.6666666666666661        1.4423076756267719E-003
   1.0000000000000000        10.000000000000000        0.0000000000000000     
 
   1.3333333333333333        0.0000000000000000        0.0000000000000000     
   1.3333333333333333       0.33333333333333331        2.0459262913897287E-003
   1.3333333333333333       0.66666666666666663        3.9148321436967438E-003
   1.3333333333333333        1.0000000000000000        5.3144580838247460E-003
   1.3333333333333333        1.3333333333333333        1.0825366565352825E-002
   1.3333333333333333        1.6666666666666665        1.0012189906665513E-002
   1.3333333333333333        2.0000000000000000        2.2268079396890277E-002
   1.3333333333333333        2.3333333333333330        2.1069008949293273E-002
   1.3333333333333333        2.6666666666666665        2.3567877223606242E-002
   1.3333333333333333        3.0000000000000000        2.4896234295250001E-002
   1.3333333333333333        3.3333333333333330        3.3220198954035968E-002
   1.3333333333333333        3.6666666666666665        5.9847170152393311E-002
   1.3333333333333333        4.0000000000000000        4.6534613862336933E-002
   1.3333333333333333        4.3333333333333330        4.0866904385110973E-002
   1.3333333333333333        4.6666666666666661        6.6264190846069673E-002
   1.3333333333333333        5.0000000000000000        6.1663616753869908E-002
   1.3333333333333333        5.3333333333333330        5.6749889223687511E-002
   1.3333333333333333        5.6666666666666661        5.8870376012536307E-002
   1.3333333333333333        6.0000000000000000        9.9041461731270680E-002
   1.3333333333333333        6.3333333333333330        8.9470497102316804E-002
   1.3333333333333333        6.6666666666666661        8.7655902214110903E-002
   1.3333333333333333        7.0000000000000000        8.3139629201512327E-002
   1.3333333333333333        7.3333333333333330        7.4886766870669919E-002
   1.3333333333333333        7.6666666666666661        1.9107123466494590E-002
   1.3333333333333333        8.0000000000000000        1.9630040268519219E-002
   1.3333333333333333        8.3333333333333321        1.8822382304464574E-002
   1.3333333333333333        8.6666666666666661        1.6555078291774113E-002
   1.3333333333333333        9.0000000000000000        1.4464828569919066E-002
   1.3333333333333333        9.3333333333333321        6.7562120498367998E-003
   1.3333333333333333        9.6666666666666661        3.1590111136687196E-003
   1.3333333333333333        10.000000000000000        0.0000000000000000     
 
   1.6666666666666665        0.0000000000000000        0.0000000000000000     
   1.6666666666666665       0.33333333333333331        3.0639121970154385E-003
   1.6666666666666665       0.66666666666666663        6.0229548311772829E-003
   1.6666666666666665        1.0000000000000000        8.8697452744401755E-003
   1.6666666666666665        1.3333333333333333        1.2034242204617055E-002
   1.6666666666666665        1.6666666666666665        2.4943119500656093E-002
   1.6666666666666665        2.0000000000000000        2.4183732876593041E-002
   1.6666666666666665        2.3333333333333330        2.5312925774728063E-002
   1.6666666666666665        2.6666666666666665        3.1445462285687897E-002
   1.6666666666666665        3.0000000000000000        5.8927586570351929E-002
   1.6666666666666665        3.3333333333333330        5.5702723685770464E-002
   1.6666666666666665        3.6666666666666665        6.1089109192332437E-002
   1.6666666666666665        4.0000000000000000        5.3330752652967231E-002
   1.6666666666666665        4.3333333333333330        5.3546559491615492E-002
   1.6666666666666665        4.6666666666666661        6.7611167165443603E-002
   1.6666666666666665        5.0000000000000000        6.7658841710320272E-002
   1.6666666666666665        5.3333333333333330        6.7189591825935660E-002
   1.6666666666666665        5.6666666666666661        7.8116991113872422E-002
   1.6666666666666665        6.0000000000000000       0.10899677050815751     
   1.6666666666666665        6.3333333333333330       0.11328225603306126     
   1.6666666666666665        6.6666666666666661       0.11191078635525761     
   1.6666666666666665        7.0000000000000000       0.10560982423144016     
   1.6666666666666665        7.3333333333333330        9.0042520831664821E-002
   1.6666666666666665        7.6666666666666661        1.8607141688663866E-002
   1.6666666666666665        8.0000000000000000        2.0594525495744087E-002
   1.6666666666666665        8.3333333333333321        2.4094506608623906E-002
   1.6666666666666665        8.6666666666666661        2.0812132006071585E-002
   1.6666666666666665        9.0000000000000000        1.6314818144333210E-002
   1.6666666666666665        9.3333333333333321        1.0533438483077879E-002
   1.6666666666666665        9.6666666666666661        4.5245981358833882E-003
   1.6666666666666665        10.000000000000000        0.0000000000000000     
 
   2.0000000000000000        0.0000000000000000        0.0000000000000000     
   2.0000000000000000       0.33333333333333331        4.2758513646305608E-003
   2.0000000000000000       0.66666666666666663        8.4202613753887792E-003
   2.0000000000000000        1.0000000000000000        1.2374221376298639E-002
   2.0000000000000000        1.3333333333333333        1.6787096029811783E-002
   2.0000000000000000        1.6666666666666665        2.6412306512616116E-002
   2.0000000000000000        2.0000000000000000        2.4943119500656093E-002
   2.0000000000000000        2.3333333333333330        4.5214259744301703E-002
   2.0000000000000000        2.6666666666666665        4.6296389397764544E-002
   2.0000000000000000        3.0000000000000000        6.3248084270552410E-002
   2.0000000000000000        3.3333333333333330        7.0615691366199204E-002
   2.0000000000000000        3.6666666666666665        7.6631021564865107E-002
   2.0000000000000000        4.0000000000000000       0.11687678476467873     
   2.0000000000000000        4.3333333333333330       0.11089349434218371     
   2.0000000000000000        4.6666666666666661        8.4214686320584889E-002
   2.0000000000000000        5.0000000000000000        7.5323654714371496E-002
   2.0000000000000000        5.3333333333333330        0.0000000000000000     
   2.0000000000000000        5.6666666666666661       0.18523861507620878     
   2.0000000000000000        6.0000000000000000       0.14581936067445883     
   2.0000000000000000        6.3333333333333330       0.14292841891472052     
   2.0000000000000000        6.6666666666666661       0.14126828500143063     
   2.0000000000000000        7.0000000000000000       0.13758445308031300     
   2.0000000000000000        7.3333333333333330        1.6550250036421816E-002
   2.0000000000000000        7.6666666666666661        1.7243369934099265E-002
   2.0000000000000000        8.0000000000000000        5.3220982428198525E-002
   2.0000000000000000        8.3333333333333321        3.6646730350164018E-002
   2.0000000000000000        8.6666666666666661        2.6735912825850958E-002
   2.0000000000000000        9.0000000000000000        1.9832574157494762E-002
   2.0000000000000000        9.3333333333333321        1.4798828286757803E-002
   2.0000000000000000        9.6666666666666661        3.0229630081370223E-003
   2.0000000000000000        10.000000000000000        0.0000000000000000     
 
   2.3333333333333330        0.0000000000000000        0.0000000000000000     
   2.3333333333333330       0.33333333333333331        5.7281159251195302E-003
   2.3333333333333330       0.66666666666666663        1.1223560144940255E-002
   2.3333333333333330        1.0000000000000000        1.5742831262856052E-002
   2.3333333333333330        1.3333333333333333        3.8893161955392740E-002
   2.3333333333333330        1.6666666666666665        3.9628570215635719E-002
   2.3333333333333330        2.0000000000000000        7.1794885638338093E-002
   2.3333333333333330        2.3333333333333330        8.4571151385578705E-002
   2.3333333333333330        2.6666666666666665        8.4500733857682350E-002
   2.3333333333333330        3.0000000000000000        7.8222220242298468E-002
   2.3333333333333330        3.3333333333333330        8.7939999145267247E-002
   2.3333333333333330        3.6666666666666665        9.9261943690629947E-002
   2.3333333333333330        4.0000000000000000       0.11792501623408415     
   2.3333333333333330        4.3333333333333330       0.13853813468748330     
   2.3333333333333330        4.6666666666666661       0.21769771231005947     
   2.3333333333333330        5.0000000000000000       0.24133132131917839     
   2.3333333333333330        5.3333333333333330       0.23843395058966618     
   2.3333333333333330        5.6666666666666661       0.22361751595673021     
   2.3333333333333330        6.0000000000000000       0.19726184598278540     
   2.3333333333333330        6.3333333333333330       0.17110918153829632     
   2.3333333333333330        6.6666666666666661       0.17242026814780065     
   2.3333333333333330        7.0000000000000000       0.16570898739249998     
   2.3333333333333330        7.3333333333333330       0.18260995000814859     
   2.3333333333333330        7.6666666666666661       0.11479361285425682     
   2.3333333333333330        8.0000000000000000        7.0238414540184285E-002
   2.3333333333333330        8.3333333333333321        4.3026057528969458E-002
   2.3333333333333330        8.6666666666666661        3.0129035786775511E-002
   2.3333333333333330        9.0000000000000000        2.1899724819853139E-002
   2.3333333333333330        9.3333333333333321        1.4372112936330738E-002
   2.3333333333333330        9.6666666666666661        6.1189337025638422E-003
   2.3333333333333330        10.000000000000000        0.0000000000000000     
 
   2.6666666666666665        0.0000000000000000        0.0000000000000000     
   2.6666666666666665       0.33333333333333331        7.5377705580844676E-003
   2.6666666666666665       0.66666666666666663        1.5244269177108765E-002
   2.6666666666666665        1.0000000000000000        2.3963518417282666E-002
   2.6666666666666665        1.3333333333333333        3.8839172272087732E-002
   2.6666666666666665        1.6666666666666665        5.4275714683060090E-002
   2.6666666666666665        2.0000000000000000        7.2645976573383758E-002
   2.6666666666666665        2.3333333333333330        8.5436061782745376E-002
   2.6666666666666665        2.6666666666666665        9.1719457854627109E-002
   2.6666666666666665        3.0000000000000000       0.11121496615731565     
   2.6666666666666665        3.3333333333333330       0.10462141472699374     
   2.6666666666666665        3.6666666666666665       0.11546143162402468     
   2.6666666666666665        4.0000000000000000       0.18741999142932383     
   2.6666666666666665        4.3333333333333330       0.18740524920976279     
   2.6666666666666665        4.6666666666666661       0.21692051100700352     
   2.6666666666666665        5.0000000000000000       0.23963483625737658     
   2.6666666666666665        5.3333333333333330       0.25107508652769894     
   2.6666666666666665        5.6666666666666661       0.24529091747932677     
   2.6666666666666665        6.0000000000000000       0.22219297664879906     
   2.6666666666666665        6.3333333333333330       0.23565081814019720     
   2.6666666666666665        6.6666666666666661       0.21077979679956418     
   2.6666666666666665        7.0000000000000000       0.18648645720151436     
   2.6666666666666665        7.3333333333333330       0.18192064395721527     
   2.6666666666666665        7.6666666666666661       0.15930855349736650     
   2.6666666666666665        8.0000000000000000        3.4939731538808236E-002
   2.6666666666666665        8.3333333333333321        3.5580509368796212E-002
   2.6666666666666665        8.6666666666666661        2.9357321724062264E-002
   2.6666666666666665        9.0000000000000000        2.3704944967643620E-002
   2.6666666666666665        9.3333333333333321        1.4989924146786158E-002
   2.6666666666666665        9.6666666666666661        7.2210331740447707E-003
   2.6666666666666665        10.000000000000000        0.0000000000000000     
 
   3.0000000000000000        0.0000000000000000        0.0000000000000000     
   3.0000000000000000       0.33333333333333331        9.3191398715077867E-003
   3.0000000000000000       0.66666666666666663        1.8527992977901128E-002
   3.0000000000000000        1.0000000000000000        2.6439638901159742E-002
   3.0000000000000000        1.3333333333333333        6.1680925584396827E-002
   3.0000000000000000        1.6666666666666665        6.6689177831863719E-002
   3.0000000000000000        2.0000000000000000        7.9839730367251005E-002
   3.0000000000000000        2.3333333333333330        9.3573797879045628E-002
   3.0000000000000000        2.6666666666666665       0.10598163483831341     
   3.0000000000000000        3.0000000000000000       0.11840805510449193     
   3.0000000000000000        3.3333333333333330       0.15025941890803413     
   3.0000000000000000        3.6666666666666665       0.14309054015581607     
   3.0000000000000000        4.0000000000000000       0.20695215384492852     
   3.0000000000000000        4.3333333333333330       0.20655515178227365     
   3.0000000000000000        4.6666666666666661       0.22201241068539207     
   3.0000000000000000        5.0000000000000000       0.24740689509781216     
   3.0000000000000000        5.3333333333333330       0.27841320933004682     
   3.0000000000000000        5.6666666666666661       0.28175253768152064     
   3.0000000000000000        6.0000000000000000       0.28842149534024936     
   3.0000000000000000        6.3333333333333330       0.25802745425196272     
   3.0000000000000000        6.6666666666666661       0.24676977777860468     
   3.0000000000000000        7.0000000000000000       0.21689153816752643     
   3.0000000000000000        7.3333333333333330       0.19844074970618422     
   3.0000000000000000        7.6666666666666661       0.18069468507460379     
   3.0000000000000000        8.0000000000000000       0.15597903031898813     
   3.0000000000000000        8.3333333333333321        2.7909698976147663E-002
   3.0000000000000000        8.6666666666666661        2.8570684562403408E-002
   3.0000000000000000        9.0000000000000000        2.9053245572482643E-002
   3.0000000000000000        9.3333333333333321        1.4480384294628950E-002
   3.0000000000000000        9.6666666666666661        7.9335816152636997E-003
   3.0000000000000000        10.000000000000000        0.0000000000000000     
 
   3.3333333333333330        0.0000000000000000        0.0000000000000000     
   3.3333333333333330       0.33333333333333331        1.1361259975641093E-002
   3.3333333333333330       0.66666666666666663        2.3396933948210279E-002
   3.3333333333333330        1.0000000000000000        3.7218340547595326E-002
   3.3333333333333330        1.3333333333333333        5.7318972087184415E-002
   3.3333333333333330        1.6666666666666665        7.1620718526531582E-002
   3.3333333333333330        2.0000000000000000        8.7097926378245871E-002
   3.3333333333333330        2.3333333333333330       0.10362081382935230     
   3.3333333333333330        2.6666666666666665       0.12070212639268776     
   3.3333333333333330        3.0000000000000000       0.13837080878427943     
   3.3333333333333330        3.3333333333333330       0.15725232898494523     
   3.3333333333333330        3.6666666666666665       0.16355072026109546     
   3.3333333333333330        4.0000000000000000       0.20687847161779344     
   3.3333333333333330        4.3333333333333330       0.20928272408817944     
   3.3333333333333330        4.6666666666666661       0.21607216337420884     
   3.3333333333333330        5.0000000000000000       0.35555668300427301     
   3.3333333333333330        5.3333333333333330       0.32976877996389786     
   3.3333333333333330        5.6666666666666661       0.31765909624499239     
   3.3333333333333330        6.0000000000000000       0.31447296580108525     
   3.3333333333333330        6.3333333333333330       0.29400152556833820     
   3.3333333333333330        6.6666666666666661       0.26861782370266113     
   3.3333333333333330        7.0000000000000000       0.23361983477336196     
   3.3333333333333330        7.3333333333333330       0.21303436516166577     
   3.3333333333333330        7.6666666666666661       0.18353341855452623     
   3.3333333333333330        8.0000000000000000       0.15607597702128956     
   3.3333333333333330        8.3333333333333321        9.3893043785674535E-002
   3.3333333333333330        8.6666666666666661        4.8408948910746499E-002
   3.3333333333333330        9.0000000000000000        3.5439693448029032E-002
   3.3333333333333330        9.3333333333333321        2.1286364610961613E-002
   3.3333333333333330        9.6666666666666661        1.0184056526254861E-002
   3.3333333333333330        10.000000000000000        0.0000000000000000     
 
   3.6666666666666665        0.0000000000000000        0.0000000000000000     
   3.6666666666666665       0.33333333333333331        1.2889219148478267E-002
   3.6666666666666665       0.66666666666666663        2.6789346063272403E-002
   3.6666666666666665        1.0000000000000000        4.2155012863951381E-002
   3.6666666666666665        1.3333333333333333        5.9314141380845051E-002
   3.6666666666666665        1.6666666666666665        7.5947119543197369E-002
   3.6666666666666665        2.0000000000000000        9.3811062305041604E-002
   3.6666666666666665        2.3333333333333330       0.11345934382186246     
   3.6666666666666665        2.6666666666666665       0.13496278959982064     
   3.6666666666666665        3.0000000000000000       0.15697853048663937     
   3.6666666666666665        3.3333333333333330       0.17638409288738899     
   3.6666666666666665        3.6666666666666665       0.18979895054790183     
   3.6666666666666665        4.0000000000000000       0.20361918613246799     
   3.6666666666666665        4.3333333333333330       0.20687847161779344     
   3.6666666666666665        4.6666666666666661       0.39746764342435792     
   3.6666666666666665        5.0000000000000000       0.37418360258018418     
   3.6666666666666665        5.3333333333333330       0.36145701010378228     
   3.6666666666666665        5.6666666666666661       0.33917709836909571     
   3.6666666666666665        6.0000000000000000       0.33196214987087724     
   3.6666666666666665        6.3333333333333330       0.31478191947450757     
   3.6666666666666665        6.6666666666666661       0.29644032607320092     
   3.6666666666666665        7.0000000000000000       0.25444441133139672     
   3.6666666666666665        7.3333333333333330       0.23490208565718074     
   3.6666666666666665        7.6666666666666661       0.12815764284470188     
   3.6666666666666665        8.0000000000000000       0.12864175375359302     
   3.6666666666666665        8.3333333333333321        9.4639604640807673E-002
   3.6666666666666665        8.6666666666666661        6.1989519932508591E-002
   3.6666666666666665        9.0000000000000000        4.3535953898015158E-002
   3.6666666666666665        9.3333333333333321        2.5381640153279445E-002
   3.6666666666666665        9.6666666666666661        1.1688576037515353E-002
   3.6666666666666665        10.000000000000000        0.0000000000000000     
 
   4.0000000000000000        0.0000000000000000        0.0000000000000000     
   4.0000000000000000       0.33333333333333331        1.3571955832748395E-002
   4.0000000000000000       0.66666666666666663        2.9036255965231159E-002
   4.0000000000000000        1.0000000000000000        4.5741299560674548E-002
   4.0000000000000000        1.3333333333333333        6.2347010090139002E-002
   4.0000000000000000        1.6666666666666665        7.9527037473619680E-002
   4.0000000000000000        2.0000000000000000        9.9089942919801458E-002
   4.0000000000000000        2.3333333333333330       0.12154448067131582     
   4.0000000000000000        2.6666666666666665       0.14845088979478716     
   4.0000000000000000        3.0000000000000000       0.17751809013191441     
   4.0000000000000000        3.3333333333333330       0.20047710188856743     
   4.0000000000000000        3.6666666666666665       0.21447193657776806     
   4.0000000000000000        4.0000000000000000       0.20983185267720367     
   4.0000000000000000        4.3333333333333330       0.41561900698613663     
   4.0000000000000000        4.6666666666666661       0.41152827885144444     
   4.0000000000000000        5.0000000000000000       0.41039188839201413     
   4.0000000000000000        5.3333333333333330       0.39520215939600589     
   4.0000000000000000        5.6666666666666661       0.37484549893619723     
   4.0000000000000000        6.0000000000000000       0.35323546801612854     
   4.0000000000000000        6.3333333333333330       0.33124598162723107     
   4.0000000000000000        6.6666666666666661       0.30119243979518029     
   4.0000000000000000        7.0000000000000000       0.27092199896248437     
   4.0000000000000000        7.3333333333333330       0.19900953234797758     
   4.0000000000000000        7.6666666666666661       0.14730454043641755     
   4.0000000000000000        8.0000000000000000       0.13601575082961662     
   4.0000000000000000        8.3333333333333321       0.10148567998107891     
   4.0000000000000000        8.6666666666666661        6.1618312936808382E-002
   4.0000000000000000        9.0000000000000000        5.1867355837338244E-002
   4.0000000000000000        9.3333333333333321        2.0096341327951760E-002
   4.0000000000000000        9.6666666666666661        1.1367758247718856E-002
   4.0000000000000000        10.000000000000000        0.0000000000000000     
 
   4.3333333333333330        0.0000000000000000        0.0000000000000000     
   4.3333333333333330       0.33333333333333331        1.2527268401924325E-002
   4.3333333333333330       0.66666666666666663        3.0369315529024644E-002
   4.3333333333333330        1.0000000000000000        4.9877915190633851E-002
   4.3333333333333330        1.3333333333333333        6.5297921363454983E-002
   4.3333333333333330        1.6666666666666665        8.1152301034232432E-002
   4.3333333333333330        2.0000000000000000       0.10170866382125480     
   4.3333333333333330        2.3333333333333330       0.12506432850376131     
   4.3333333333333330        2.6666666666666665       0.15911256828652354     
   4.3333333333333330        3.0000000000000000       0.20282060474833602     
   4.3333333333333330        3.3333333333333330       0.23165108737655685     
   4.3333333333333330        3.6666666666666665       0.25566452719298882     
   4.3333333333333330        4.0000000000000000       0.39871154519524626     
   4.3333333333333330        4.3333333333333330       0.40945452578957553     
   4.3333333333333330        4.6666666666666661       0.42103229501611028     
   4.3333333333333330        5.0000000000000000       0.41563365712629369     
   4.3333333333333330        5.3333333333333330       0.40457571801412784     
   4.3333333333333330        5.6666666666666661       0.38822004932817000     
   4.3333333333333330        6.0000000000000000       0.36766940257156272     
   4.3333333333333330        6.3333333333333330       0.34952719851104774     
   4.3333333333333330        6.6666666666666661       0.28813676197935045     
   4.3333333333333330        7.0000000000000000       0.25331801548487215     
   4.3333333333333330        7.3333333333333330       0.19754397830962353     
   4.3333333333333330        7.6666666666666661       0.15847483162142939     
   4.3333333333333330        8.0000000000000000       0.13222337671842394     
   4.3333333333333330        8.3333333333333321       0.10197266092457719     
   4.3333333333333330        8.6666666666666661        7.1945037292366232E-002
   4.3333333333333330        9.0000000000000000        5.1006194344817679E-002
   4.3333333333333330        9.3333333333333321        2.9084188407585958E-002
   4.3333333333333330        9.6666666666666661        1.3843763735521396E-002
   4.3333333333333330        10.000000000000000        0.0000000000000000     
 
   4.6666666666666661        0.0000000000000000        0.0000000000000000     
   4.6666666666666661       0.33333333333333331        6.3164966575853521E-003
   4.6666666666666661       0.66666666666666663        5.7923543864048709E-002
   4.6666666666666661        1.0000000000000000        5.8587906030990670E-002
   4.6666666666666661        1.3333333333333333        6.8322349545238595E-002
   4.6666666666666661        1.6666666666666665        7.8501351316157916E-002
   4.6666666666666661        2.0000000000000000       0.11177215591454233     
   4.6666666666666661        2.3333333333333330       0.11769551935472358     
   4.6666666666666661        2.6666666666666665       0.24420437348411370     
   4.6666666666666661        3.0000000000000000       0.24081224297758425     
   4.6666666666666661        3.3333333333333330       0.26458358419122863     
   4.6666666666666661        3.6666666666666665       0.31702136402222536     
   4.6666666666666661        4.0000000000000000       0.37833787419920212     
   4.6666666666666661        4.3333333333333330       0.40397687865024479     
   4.6666666666666661        4.6666666666666661       0.41590494438643955     
   4.6666666666666661        5.0000000000000000       0.41630058471822723     
   4.6666666666666661        5.3333333333333330       0.40956718423557720     
   4.6666666666666661        5.6666666666666661       0.39689150834977799     
   4.6666666666666661        6.0000000000000000       0.37176141627590437     
   4.6666666666666661        6.3333333333333330       0.34255297887993713     
   4.6666666666666661        6.6666666666666661       0.31828310116390773     
   4.6666666666666661        7.0000000000000000       0.17863544879109172     
   4.6666666666666661        7.3333333333333330       0.17783705698885646     
   4.6666666666666661        7.6666666666666661       0.15634023072011591     
   4.6666666666666661        8.0000000000000000       0.13245722828496312     
   4.6666666666666661        8.3333333333333321       0.10259907694561377     
   4.6666666666666661        8.6666666666666661        7.3685431647446356E-002
   4.6666666666666661        9.0000000000000000        5.1612716527771815E-002
   4.6666666666666661        9.3333333333333321        3.1718173500361317E-002
   4.6666666666666661        9.6666666666666661        1.5095980073116319E-002
   4.6666666666666661        10.000000000000000        0.0000000000000000     
 
   5.0000000000000000        0.0000000000000000        0.0000000000000000     
   5.0000000000000000       0.33333333333333331        6.5015140003099230E-003
   5.0000000000000000       0.66666666666666663        4.8916414317160525E-002
   5.0000000000000000        1.0000000000000000        5.8811485085653828E-002
   5.0000000000000000        1.3333333333333333        7.1455396936600246E-002
   5.0000000000000000        1.6666666666666665        8.6534116265656894E-002
   5.0000000000000000        2.0000000000000000       0.10606934744928254     
   5.0000000000000000        2.3333333333333330       0.11632633570300183     
   5.0000000000000000        2.6666666666666665       0.25181187353103934     
   5.0000000000000000        3.0000000000000000       0.24829636502415101     
   5.0000000000000000        3.3333333333333330       0.37159379048704394     
   5.0000000000000000        3.6666666666666665       0.36321533374034159     
   5.0000000000000000        4.0000000000000000       0.38488308672276345     
   5.0000000000000000        4.3333333333333330       0.40240196093225222     
   5.0000000000000000        4.6666666666666661       0.41201232338351024     
   5.0000000000000000        5.0000000000000000       0.41381407932965975     
   5.0000000000000000        5.3333333333333330       0.41055595845757037     
   5.0000000000000000        5.6666666666666661       0.40867776729271998     
   5.0000000000000000        6.0000000000000000       0.32571649812627351     
   5.0000000000000000        6.3333333333333330       0.32375528388465380     
   5.0000000000000000        6.6666666666666661       0.26191495627734990     
   5.0000000000000000        7.0000000000000000       0.19586706578907653     
   5.0000000000000000        7.3333333333333330       0.17792519023119605     
   5.0000000000000000        7.6666666666666661       0.15616350598835091     
   5.0000000000000000        8.0000000000000000       0.13865457361228636     
   5.0000000000000000        8.3333333333333321        8.0183920256560973E-002
   5.0000000000000000        8.6666666666666661        6.9076171054974864E-002
   5.0000000000000000        9.0000000000000000        5.0515567170973816E-002
   5.0000000000000000        9.3333333333333321        3.1428611308499638E-002
   5.0000000000000000        9.6666666666666661        1.5005631496676181E-002
   5.0000000000000000        10.000000000000000        0.0000000000000000     
 
   5.3333333333333330        0.0000000000000000        0.0000000000000000     
   5.3333333333333330       0.33333333333333331        1.3268268828004729E-002
   5.3333333333333330       0.66666666666666663        3.9538391063009687E-002
   5.3333333333333330        1.0000000000000000        5.6842019840134893E-002
   5.3333333333333330        1.3333333333333333        7.2688029686453492E-002
   5.3333333333333330        1.6666666666666665        9.0558776227151694E-002
   5.3333333333333330        2.0000000000000000       0.10991273382761675     
   5.3333333333333330        2.3333333333333330       0.12532781384404071     
   5.3333333333333330        2.6666666666666665       0.22833501031445869     
   5.3333333333333330        3.0000000000000000       0.24878670793820401     
   5.3333333333333330        3.3333333333333330       0.35978779257915694     
   5.3333333333333330        3.6666666666666665       0.37133270369641419     
   5.3333333333333330        4.0000000000000000       0.38665350238339830     
   5.3333333333333330        4.3333333333333330       0.39907376033214337     
   5.3333333333333330        4.6666666666666661       0.40585259823924397     
   5.3333333333333330        5.0000000000000000       0.40623539443012058     
   5.3333333333333330        5.3333333333333330       0.40016597286561600     
   5.3333333333333330        5.6666666666666661       0.33585753321701933     
   5.3333333333333330        6.0000000000000000       0.32149572145769628     
   5.3333333333333330        6.3333333333333330       0.29687969859553293     
   5.3333333333333330        6.6666666666666661       0.25825134253574406     
   5.3333333333333330        7.0000000000000000       0.21234916416867719     
   5.3333333333333330        7.3333333333333330       0.18088945320266697     
   5.3333333333333330        7.6666666666666661       0.15131438521857546     
   5.3333333333333330        8.0000000000000000       0.12726267819865070     
   5.3333333333333330        8.3333333333333321        9.1894233943366876E-002
   5.3333333333333330        8.6666666666666661        7.2494333436041253E-002
   5.3333333333333330        9.0000000000000000        5.0443981395131045E-002
   5.3333333333333330        9.3333333333333321        2.8835770632023135E-002
   5.3333333333333330        9.6666666666666661        1.3686797655366460E-002
   5.3333333333333330        10.000000000000000        0.0000000000000000     
 
   5.6666666666666661        0.0000000000000000        0.0000000000000000     
   5.6666666666666661       0.33333333333333331        7.1851807285976234E-003
   5.6666666666666661       0.66666666666666663        1.8028452001311472E-002
   5.6666666666666661        1.0000000000000000        5.1447295931040846E-002
   5.6666666666666661        1.3333333333333333        7.2391434779713715E-002
   5.6666666666666661        1.6666666666666665        9.3495501091952440E-002
   5.6666666666666661        2.0000000000000000       0.11788828549783743     
   5.6666666666666661        2.3333333333333330       0.14964731977609427     
   5.6666666666666661        2.6666666666666665       0.20504000614449266     
   5.6666666666666661        3.0000000000000000       0.26619719612291437     
   5.6666666666666661        3.3333333333333330       0.34053915357417691     
   5.6666666666666661        3.6666666666666665       0.36746605743931104     
   5.6666666666666661        4.0000000000000000       0.38246793049005939     
   5.6666666666666661        4.3333333333333330       0.39198823384417231     
   5.6666666666666661        4.6666666666666661       0.39637306139489531     
   5.6666666666666661        5.0000000000000000       0.39534436312804339     
   5.6666666666666661        5.3333333333333330       0.37419661072873572     
   5.6666666666666661        5.6666666666666661       0.34357736081567702     
   5.6666666666666661        6.0000000000000000       0.28103987466852942     
   5.6666666666666661        6.3333333333333330       0.27894484703698669     
   5.6666666666666661        6.6666666666666661       0.21671426995883730     
   5.6666666666666661        7.0000000000000000       0.17738370773234016     
   5.6666666666666661        7.3333333333333330       0.14364092361861180     
   5.6666666666666661        7.6666666666666661       0.14060913381924370     
   5.6666666666666661        8.0000000000000000        9.4679762935656026E-002
   5.6666666666666661        8.3333333333333321        8.8162428492572886E-002
   5.6666666666666661        8.6666666666666661        7.9174326669884568E-002
   5.6666666666666661        9.0000000000000000        1.9782482137415659E-002
   5.6666666666666661        9.3333333333333321        2.0141303128066661E-002
   5.6666666666666661        9.6666666666666661        1.1092986168868342E-002
   5.6666666666666661        10.000000000000000        0.0000000000000000     
 
   6.0000000000000000        0.0000000000000000        0.0000000000000000     
   6.0000000000000000       0.33333333333333331        8.3848734528333361E-003
   6.0000000000000000       0.66666666666666663        1.8326696321799514E-002
   6.0000000000000000        1.0000000000000000        3.0943630882993987E-002
   6.0000000000000000        1.3333333333333333        0.0000000000000000     
   6.0000000000000000        1.6666666666666665       0.11798646042982515     
   6.0000000000000000        2.0000000000000000       0.11861016710517566     
   6.0000000000000000        2.3333333333333330       0.15821041520593146     
   6.0000000000000000        2.6666666666666665       0.17383988519154706     
   6.0000000000000000        3.0000000000000000       0.36963679817220135     
   6.0000000000000000        3.3333333333333330       0.36178876532632342     
   6.0000000000000000        3.6666666666666665       0.36760400636476037     
   6.0000000000000000        4.0000000000000000       0.37523704190172130     
   6.0000000000000000        4.3333333333333330       0.38108841854914816     
   6.0000000000000000        4.6666666666666661       0.38312316697726240     
   6.0000000000000000        5.0000000000000000       0.35304143641806457     
   6.0000000000000000        5.3333333333333330       0.34937216326586024     
   6.0000000000000000        5.6666666666666661       0.31367106540886514     
   6.0000000000000000        6.0000000000000000       0.27869132607003472     
   6.0000000000000000        6.3333333333333330       0.25453492500714558     
   6.0000000000000000        6.6666666666666661       0.21458468842167261     
   6.0000000000000000        7.0000000000000000       0.17649103972743319     
   6.0000000000000000        7.3333333333333330       0.14663331660190795     
   6.0000000000000000        7.6666666666666661       0.12686115066903161     
   6.0000000000000000        8.0000000000000000       0.10191624775539332     
   6.0000000000000000        8.3333333333333321        8.7609987446736648E-002
   6.0000000000000000        8.6666666666666661        7.7600260591940709E-002
   6.0000000000000000        9.0000000000000000        3.0342803993503028E-002
   6.0000000000000000        9.3333333333333321        2.1177990509431945E-002
   6.0000000000000000        9.6666666666666661        1.0724070834926214E-002
   6.0000000000000000        10.000000000000000        0.0000000000000000     
 
   6.3333333333333330        0.0000000000000000        0.0000000000000000     
   6.3333333333333330       0.33333333333333331        8.1576883200241614E-003
   6.3333333333333330       0.66666666666666663        1.6219328261084895E-002
   6.3333333333333330        1.0000000000000000        2.3417298586058798E-002
   6.3333333333333330        1.3333333333333333        7.2101137276129143E-002
   6.3333333333333330        1.6666666666666665       0.10748633062595420     
   6.3333333333333330        2.0000000000000000       0.12045166592720509     
   6.3333333333333330        2.3333333333333330       0.14233055664051886     
   6.3333333333333330        2.6666666666666665       0.15744900902932449     
   6.3333333333333330        3.0000000000000000       0.17745658724880789     
   6.3333333333333330        3.3333333333333330       0.36553975833254054     
   6.3333333333333330        3.6666666666666665       0.35818472712229837     
   6.3333333333333330        4.0000000000000000       0.36173981810181521     
   6.3333333333333330        4.3333333333333330       0.36568299106925956     
   6.3333333333333330        4.6666666666666661       0.36345831101795290     
   6.3333333333333330        5.0000000000000000       0.34947350310521608     
   6.3333333333333330        5.3333333333333330       0.27635952856342888     
   6.3333333333333330        5.6666666666666661       0.27725993882411221     
   6.3333333333333330        6.0000000000000000       0.26112133623718348     
   6.3333333333333330        6.3333333333333330       0.24240004981484728     
   6.3333333333333330        6.6666666666666661       0.20845310229401445     
   6.3333333333333330        7.0000000000000000       0.16639677750180842     
   6.3333333333333330        7.3333333333333330       0.13936399560807206     
   6.3333333333333330        7.6666666666666661       0.11851493414589449     
   6.3333333333333330        8.0000000000000000        9.9127675816187075E-002
   6.3333333333333330        8.3333333333333321        8.3503860078877210E-002
   6.3333333333333330        8.6666666666666661        6.6792107914306800E-002
   6.3333333333333330        9.0000000000000000        4.0017417063573937E-002
   6.3333333333333330        9.3333333333333321        2.3869549845816972E-002
   6.3333333333333330        9.6666666666666661        1.0816372567981101E-002
   6.3333333333333330        10.000000000000000        0.0000000000000000     
 
   6.6666666666666661        0.0000000000000000        0.0000000000000000     
   6.6666666666666661       0.33333333333333331        8.1667502250477846E-003
   6.6666666666666661       0.66666666666666663        1.5237182832260587E-002
   6.6666666666666661        1.0000000000000000        5.8450105685461419E-002
   6.6666666666666661        1.3333333333333333        7.3278758783375281E-002
   6.6666666666666661        1.6666666666666665        9.5404627480674783E-002
   6.6666666666666661        2.0000000000000000       0.11401205538077534     
   6.6666666666666661        2.3333333333333330       0.13342546975057712     
   6.6666666666666661        2.6666666666666665       0.15602714388282046     
   6.6666666666666661        3.0000000000000000       0.17725209812051657     
   6.6666666666666661        3.3333333333333330       0.28749237138762623     
   6.6666666666666661        3.6666666666666665       0.33071617942861958     
   6.6666666666666661        4.0000000000000000       0.34053866887006212     
   6.6666666666666661        4.3333333333333330       0.34891569336794803     
   6.6666666666666661        4.6666666666666661       0.34803738953316554     
   6.6666666666666661        5.0000000000000000       0.32491645393157453     
   6.6666666666666661        5.3333333333333330       0.27121609674695385     
   6.6666666666666661        5.6666666666666661       0.25355789982018101     
   6.6666666666666661        6.0000000000000000       0.24239661885964378     
   6.6666666666666661        6.3333333333333330       0.16452115418941576     
   6.6666666666666661        6.6666666666666661       0.14093444956648526     
   6.6666666666666661        7.0000000000000000       0.14056573653745627     
   6.6666666666666661        7.3333333333333330       0.12588517064972504     
   6.6666666666666661        7.6666666666666661       0.10908711358668105     
   6.6666666666666661        8.0000000000000000        9.3225615671180484E-002
   6.6666666666666661        8.3333333333333321        8.1248816355862299E-002
   6.6666666666666661        8.6666666666666661        4.3605130460527337E-002
   6.6666666666666661        9.0000000000000000        3.9670194207720097E-002
   6.6666666666666661        9.3333333333333321        1.5988385813682601E-002
   6.6666666666666661        9.6666666666666661        8.8720645656565084E-003
   6.6666666666666661        10.000000000000000        0.0000000000000000     
 
   7.0000000000000000        0.0000000000000000        0.0000000000000000     
   7.0000000000000000       0.33333333333333331        9.4283005638825714E-003
   7.0000000000000000       0.66666666666666663        2.1608378362316907E-002
   7.0000000000000000        1.0000000000000000        4.4580108368114102E-002
   7.0000000000000000        1.3333333333333333        6.8227663083228557E-002
   7.0000000000000000        1.6666666666666665        8.7848996197264842E-002
   7.0000000000000000        2.0000000000000000       0.10757649558048162     
   7.0000000000000000        2.3333333333333330       0.12183621020570863     
   7.0000000000000000        2.6666666666666665       0.17744347928407028     
   7.0000000000000000        3.0000000000000000       0.19792686728429537     
   7.0000000000000000        3.3333333333333330       0.24006645487255904     
   7.0000000000000000        3.6666666666666665       0.28874913213425962     
   7.0000000000000000        4.0000000000000000       0.31446657250954607     
   7.0000000000000000        4.3333333333333330       0.33468953627300629     
   7.0000000000000000        4.6666666666666661       0.15652218898686940     
   7.0000000000000000        5.0000000000000000       0.20854299520262240     
   7.0000000000000000        5.3333333333333330       0.22596899748596622     
   7.0000000000000000        5.6666666666666661       0.21990734493404718     
   7.0000000000000000        6.0000000000000000       0.20945195795613070     
   7.0000000000000000        6.3333333333333330       0.16410157759444297     
   7.0000000000000000        6.6666666666666661       0.14143560001703145     
   7.0000000000000000        7.0000000000000000       0.12909115518525255     
   7.0000000000000000        7.3333333333333330       0.11483187694894641     
   7.0000000000000000        7.6666666666666661        9.9281603080191239E-002
   7.0000000000000000        8.0000000000000000        8.4171310903627297E-002
   7.0000000000000000        8.3333333333333321        6.7826246891093900E-002
   7.0000000000000000        8.6666666666666661        4.8312786857780281E-002
   7.0000000000000000        9.0000000000000000        3.6088894744023985E-002
   7.0000000000000000        9.3333333333333321        2.3455198706419614E-002
   7.0000000000000000        9.6666666666666661        3.4358442592686217E-003
   7.0000000000000000        10.000000000000000        0.0000000000000000     
 
   7.3333333333333330        0.0000000000000000        0.0000000000000000     
   7.3333333333333330       0.33333333333333331        8.1263163669091434E-003
   7.3333333333333330       0.66666666666666663        1.7594353186294303E-002
   7.3333333333333330        1.0000000000000000        3.0794931450978516E-002
   7.3333333333333330        1.3333333333333333        7.6460491103885600E-002
   7.3333333333333330        1.6666666666666665        8.1334434734538802E-002
   7.3333333333333330        2.0000000000000000       0.11089818009993552     
   7.3333333333333330        2.3333333333333330       0.12532410668281499     
   7.3333333333333330        2.6666666666666665       0.15657959409720490     
   7.3333333333333330        3.0000000000000000       0.19594152662260500     
   7.3333333333333330        3.3333333333333330       0.23235577316189751     
   7.3333333333333330        3.6666666666666665       0.25895331286471657     
   7.3333333333333330        4.0000000000000000       0.28874913213425962     
   7.3333333333333330        4.3333333333333330       0.15652218898686940     
   7.3333333333333330        4.6666666666666661       0.15657255606948436     
   7.3333333333333330        5.0000000000000000       0.18933910006745175     
   7.3333333333333330        5.3333333333333330       0.20176446653439850     
   7.3333333333333330        5.6666666666666661       0.18835019947720380     
   7.3333333333333330        6.0000000000000000       0.13468557106522644     
   7.3333333333333330        6.3333333333333330       0.14048942374592152     
   7.3333333333333330        6.6666666666666661       0.13172865718119084     
   7.3333333333333330        7.0000000000000000       0.11988174483632762     
   7.3333333333333330        7.3333333333333330       0.10561722379049043     
   7.3333333333333330        7.6666666666666661        8.9741240635679953E-002
   7.3333333333333330        8.0000000000000000        7.7155765530323772E-002
   7.3333333333333330        8.3333333333333321        5.8401531123892667E-002
   7.3333333333333330        8.6666666666666661        4.6507685645502179E-002
   7.3333333333333330        9.0000000000000000        3.3579978894897874E-002
   7.3333333333333330        9.3333333333333321        1.8774038195445670E-002
   7.3333333333333330        9.6666666666666661        6.9573434885410032E-003
   7.3333333333333330        10.000000000000000        0.0000000000000000     
 
   7.6666666666666661        0.0000000000000000        0.0000000000000000     
   7.6666666666666661       0.33333333333333331        5.6575807100911835E-003
   7.6666666666666661       0.66666666666666663        1.0207315504283708E-002
   7.6666666666666661        1.0000000000000000        7.1443641809187067E-002
   7.6666666666666661        1.3333333333333333        7.3203641045547427E-002
   7.6666666666666661        1.6666666666666665        8.1164725602893270E-002
   7.6666666666666661        2.0000000000000000        9.7641271940338184E-002
   7.6666666666666661        2.3333333333333330       0.11283017035387180     
   7.6666666666666661        2.6666666666666665       0.12773660344131346     
   7.6666666666666661        3.0000000000000000       0.12400670586242370     
   7.6666666666666661        3.3333333333333330       0.18528821276039226     
   7.6666666666666661        3.6666666666666665       0.22297246589423894     
   7.6666666666666661        4.0000000000000000        6.7335772261762461E-002
   7.6666666666666661        4.3333333333333330       0.10862997069100443     
   7.6666666666666661        4.6666666666666661       0.12385540144168239     
   7.6666666666666661        5.0000000000000000       0.10264858529834588     
   7.6666666666666661        5.3333333333333330       0.14210009849617214     
   7.6666666666666661        5.6666666666666661       0.14202465136486597     
   7.6666666666666661        6.0000000000000000       0.12913334141636451     
   7.6666666666666661        6.3333333333333330       0.13158511480920551     
   7.6666666666666661        6.6666666666666661       0.12548225760527573     
   7.6666666666666661        7.0000000000000000       0.11367522125635710     
   7.6666666666666661        7.3333333333333330        9.8729698913531838E-002
   7.6666666666666661        7.6666666666666661        7.7711925940931334E-002
   7.6666666666666661        8.0000000000000000        3.9471043819191906E-002
   7.6666666666666661        8.3333333333333321        4.2954126613051001E-002
   7.6666666666666661        8.6666666666666661        2.1430796829849070E-002
   7.6666666666666661        9.0000000000000000        1.2358884038561410E-002
   7.6666666666666661        9.3333333333333321        1.1509815088314170E-002
   7.6666666666666661        9.6666666666666661        5.7851592880970434E-003
   7.6666666666666661        10.000000000000000        0.0000000000000000     
 
   8.0000000000000000        0.0000000000000000        0.0000000000000000     
   8.0000000000000000       0.33333333333333331        4.4353320303789009E-003
   8.0000000000000000       0.66666666666666663        7.6134727866894493E-003
   8.0000000000000000        1.0000000000000000        6.3722480302540283E-002
   8.0000000000000000        1.3333333333333333        6.5392891136436843E-002
   8.0000000000000000        1.6666666666666665        7.4009887696297655E-002
   8.0000000000000000        2.0000000000000000        8.7029755071813777E-002
   8.0000000000000000        2.3333333333333330       0.10176393772620136     
   8.0000000000000000        2.6666666666666665       0.11468279034267273     
   8.0000000000000000        3.0000000000000000       0.12531735316698411     
   8.0000000000000000        3.3333333333333330       0.14711366417231805     
   8.0000000000000000        3.6666666666666665        6.7335772261762461E-002
   8.0000000000000000        4.0000000000000000        6.8715280625152336E-002
   8.0000000000000000        4.3333333333333330        9.4420379621495715E-002
   8.0000000000000000        4.6666666666666661       0.10710227955334116     
   8.0000000000000000        5.0000000000000000       0.10417627643600912     
   8.0000000000000000        5.3333333333333330        9.5096498849660219E-002
   8.0000000000000000        5.6666666666666661       0.10834746868692445     
   8.0000000000000000        6.0000000000000000       0.10849001314709227     
   8.0000000000000000        6.3333333333333330        0.0000000000000000     
   8.0000000000000000        6.6666666666666661       0.11017566688312933     
   8.0000000000000000        7.0000000000000000       0.11139098314338758     
   8.0000000000000000        7.3333333333333330        3.6582675946878321E-002
   8.0000000000000000        7.6666666666666661        4.5498961517117582E-002
   8.0000000000000000        8.0000000000000000        3.6822790195508603E-002
   8.0000000000000000        8.3333333333333321        3.1812950682899743E-002
   8.0000000000000000        8.6666666666666661        2.2072432854343502E-002
   8.0000000000000000        9.0000000000000000        1.3582475324931967E-002
   8.0000000000000000        9.3333333333333321        9.4338437824165941E-003
   8.0000000000000000        9.6666666666666661        4.8330519908309794E-003
   8.0000000000000000        10.000000000000000        0.0000000000000000     
 
   8.3333333333333321        0.0000000000000000        0.0000000000000000     
   8.3333333333333321       0.33333333333333331        4.5968932132007386E-003
   8.3333333333333321       0.66666666666666663        8.4129180523208301E-003
   8.3333333333333321        1.0000000000000000        3.9682908690642345E-002
   8.3333333333333321        1.3333333333333333        5.2204649627967621E-002
   8.3333333333333321        1.6666666666666665        6.3980352592584722E-002
   8.3333333333333321        2.0000000000000000        7.6163437629973421E-002
   8.3333333333333321        2.3333333333333330        9.3873264315293345E-002
   8.3333333333333321        2.6666666666666665       0.10515533135596880     
   8.3333333333333321        3.0000000000000000       0.11662398580268446     
   8.3333333333333321        3.3333333333333330       0.13134943069875027     
   8.3333333333333321        3.6666666666666665        4.5851279669867517E-002
   8.3333333333333321        4.0000000000000000        4.7065792064737280E-002
   8.3333333333333321        4.3333333333333330        2.1863884607122804E-002
   8.3333333333333321        4.6666666666666661        1.9945918536729099E-002
   8.3333333333333321        5.0000000000000000        8.1632527643700520E-002
   8.3333333333333321        5.3333333333333330        8.2479615730718769E-002
   8.3333333333333321        5.6666666666666661        8.8201806802107346E-002
   8.3333333333333321        6.0000000000000000        8.8460582345723349E-002
   8.3333333333333321        6.3333333333333330        4.5350257630938702E-002
   8.3333333333333321        6.6666666666666661        0.0000000000000000     
   8.3333333333333321        7.0000000000000000        2.4780978965126647E-002
   8.3333333333333321        7.3333333333333330        2.8434438672266089E-002
   8.3333333333333321        7.6666666666666661        3.1669819795006798E-002
   8.3333333333333321        8.0000000000000000        3.1296691155399362E-002
   8.3333333333333321        8.3333333333333321        2.6137261605803198E-002
   8.3333333333333321        8.6666666666666661        1.1332194442393272E-002
   8.3333333333333321        9.0000000000000000        1.0881723656390075E-002
   8.3333333333333321        9.3333333333333321        8.1020899122678548E-003
   8.3333333333333321        9.6666666666666661        4.2638846170508548E-003
   8.3333333333333321        10.000000000000000        0.0000000000000000     
 
   8.6666666666666661        0.0000000000000000        0.0000000000000000     
   8.6666666666666661       0.33333333333333331        5.6845192983432449E-003
   8.6666666666666661       0.66666666666666663        1.3290938327387050E-002
   8.6666666666666661        1.0000000000000000        2.8269033534791807E-002
   8.6666666666666661        1.3333333333333333        4.1091672116942639E-002
   8.6666666666666661        1.6666666666666665        5.4987677630505084E-002
   8.6666666666666661        2.0000000000000000        6.1241905071703837E-002
   8.6666666666666661        2.3333333333333330        8.1015656646673082E-002
   8.6666666666666661        2.6666666666666665        9.6870245108472072E-002
   8.6666666666666661        3.0000000000000000       0.10599320496292546     
   8.6666666666666661        3.3333333333333330        0.0000000000000000     
   8.6666666666666661        3.6666666666666665        2.1021810839180713E-002
   8.6666666666666661        4.0000000000000000        2.7790766091696610E-002
   8.6666666666666661        4.3333333333333330        2.2799605785308857E-002
   8.6666666666666661        4.6666666666666661        2.0900811478313304E-002
   8.6666666666666661        5.0000000000000000        6.4895873846104110E-002
   8.6666666666666661        5.3333333333333330        6.5734287268352939E-002
   8.6666666666666661        5.6666666666666661        7.4178194727519881E-002
   8.6666666666666661        6.0000000000000000        6.9329313666685877E-002
   8.6666666666666661        6.3333333333333330        4.6043512224745030E-002
   8.6666666666666661        6.6666666666666661        1.9811849109617360E-002
   8.6666666666666661        7.0000000000000000        2.1795012800183922E-002
   8.6666666666666661        7.3333333333333330        2.1397317426838758E-002
   8.6666666666666661        7.6666666666666661        2.2162561369374105E-002
   8.6666666666666661        8.0000000000000000        1.3696023253896680E-002
   8.6666666666666661        8.3333333333333321        1.5973968364178560E-002
   8.6666666666666661        8.6666666666666661        1.2190890420946791E-002
   8.6666666666666661        9.0000000000000000        4.6673822344990186E-003
   8.6666666666666661        9.3333333333333321        2.9649891822701633E-003
   8.6666666666666661        9.6666666666666661        0.0000000000000000     
   8.6666666666666661        10.000000000000000        0.0000000000000000     
 
   9.0000000000000000        0.0000000000000000        0.0000000000000000     
   9.0000000000000000       0.33333333333333331        5.0342037830269385E-003
   9.0000000000000000       0.66666666666666663        1.1210630536415250E-002
   9.0000000000000000        1.0000000000000000        1.9833682578365295E-002
   9.0000000000000000        1.3333333333333333        3.0019189690088162E-002
   9.0000000000000000        1.6666666666666665        3.5269708839529970E-002
   9.0000000000000000        2.0000000000000000        5.3983508554616033E-002
   9.0000000000000000        2.3333333333333330        6.6749028097184110E-002
   9.0000000000000000        2.6666666666666665        1.8353697007871506E-003
   9.0000000000000000        3.0000000000000000        3.0020203626228256E-003
   9.0000000000000000        3.3333333333333330        1.0308238053144177E-002
   9.0000000000000000        3.6666666666666665        1.5009748415946317E-002
   9.0000000000000000        4.0000000000000000        2.1190038286901997E-002
   9.0000000000000000        4.3333333333333330        2.1562298340792034E-002
   9.0000000000000000        4.6666666666666661        1.5898089412748320E-003
   9.0000000000000000        5.0000000000000000        4.1467712420631235E-002
   9.0000000000000000        5.3333333333333330        4.2134900373787795E-002
   9.0000000000000000        5.6666666666666661        1.5921896317873975E-002
   9.0000000000000000        6.0000000000000000        1.8592292723786253E-002
   9.0000000000000000        6.3333333333333330        2.4081753779126611E-002
   9.0000000000000000        6.6666666666666661        1.8362024204636805E-002
   9.0000000000000000        7.0000000000000000        1.1240703744538871E-002
   9.0000000000000000        7.3333333333333330        1.3779129634833985E-002
   9.0000000000000000        7.6666666666666661        1.4004545899537419E-002
   9.0000000000000000        8.0000000000000000        1.1878688340767654E-002
   9.0000000000000000        8.3333333333333321        1.2374044670399969E-002
   9.0000000000000000        8.6666666666666661        9.6948694621896807E-003
   9.0000000000000000        9.0000000000000000        4.8767349548686249E-003
   9.0000000000000000        9.3333333333333321        3.1111922519902473E-003
   9.0000000000000000        9.6666666666666661        2.6697571482598868E-004
   9.0000000000000000        10.000000000000000        0.0000000000000000     
 
   9.3333333333333321        0.0000000000000000        0.0000000000000000     
   9.3333333333333321       0.33333333333333331        3.4096180757136182E-003
   9.3333333333333321       0.66666666666666663        7.0458476933530799E-003
   9.3333333333333321        1.0000000000000000        1.0447569757287778E-002
   9.3333333333333321        1.3333333333333333        1.1361916037051212E-002
   9.3333333333333321        1.6666666666666665        1.7490871817209097E-002
   9.3333333333333321        2.0000000000000000        2.4059393097762799E-003
   9.3333333333333321        2.3333333333333330        1.5862158802253143E-003
   9.3333333333333321        2.6666666666666665        1.9301029084764635E-003
   9.3333333333333321        3.0000000000000000        3.1495653552653801E-003
   9.3333333333333321        3.3333333333333330        6.0295073119128002E-003
   9.3333333333333321        3.6666666666666665        8.0984212954152597E-003
   9.3333333333333321        4.0000000000000000        0.0000000000000000     
   9.3333333333333321        4.3333333333333330        1.2757728944789554E-003
   9.3333333333333321        4.6666666666666661        1.6345879227892043E-003
   9.3333333333333321        5.0000000000000000        1.2676578207029278E-002
   9.3333333333333321        5.3333333333333330        1.9809390572123400E-002
   9.3333333333333321        5.6666666666666661        1.6291066181960655E-002
   9.3333333333333321        6.0000000000000000        1.3485567629677649E-002
   9.3333333333333321        6.3333333333333330        1.3773686814632339E-002
   9.3333333333333321        6.6666666666666661        1.1624302740530397E-002
   9.3333333333333321        7.0000000000000000        9.0516314906430410E-003
   9.3333333333333321        7.3333333333333330        8.8876700625941767E-003
   9.3333333333333321        7.6666666666666661        8.6221483770875969E-003
   9.3333333333333321        8.0000000000000000        7.8392096477251129E-003
   9.3333333333333321        8.3333333333333321        1.3257182322676713E-003
   9.3333333333333321        8.6666666666666661        1.5670684754823742E-003
   9.3333333333333321        9.0000000000000000        2.2374488164356105E-003
   9.3333333333333321        9.3333333333333321        1.6351856990464880E-003
   9.3333333333333321        9.6666666666666661        5.4727391347224135E-004
   9.3333333333333321        10.000000000000000        0.0000000000000000     
 
   9.6666666666666661        0.0000000000000000        0.0000000000000000     
   9.6666666666666661       0.33333333333333331        1.6758810425145485E-003
   9.6666666666666661       0.66666666666666663        3.3528937400991369E-003
   9.6666666666666661        1.0000000000000000        4.8055966785582882E-003
   9.6666666666666661        1.3333333333333333        5.5831240093371379E-003
   9.6666666666666661        1.6666666666666665        6.3437337270285856E-003
   9.6666666666666661        2.0000000000000000        2.4953388069546816E-003
   9.6666666666666661        2.3333333333333330        1.3173660121002576E-003
   9.6666666666666661        2.6666666666666665        1.2429642305170625E-003
   9.6666666666666661        3.0000000000000000        1.7823680970070488E-003
   9.6666666666666661        3.3333333333333330        2.8191089036980026E-003
   9.6666666666666661        3.6666666666666665        3.5882050488320535E-003
   9.6666666666666661        4.0000000000000000        4.6933456333064625E-004
   9.6666666666666661        4.3333333333333330        9.5057819986114271E-004
   9.6666666666666661        4.6666666666666661        2.0802351406117091E-003
   9.6666666666666661        5.0000000000000000        5.7808041674764074E-003
   9.6666666666666661        5.3333333333333330        8.4781096768904787E-003
   9.6666666666666661        5.6666666666666661        2.7561611759181312E-003
   9.6666666666666661        6.0000000000000000        5.5787426082935798E-003
   9.6666666666666661        6.3333333333333330        6.2017925364057196E-003
   9.6666666666666661        6.6666666666666661        5.6004618301647999E-003
   9.6666666666666661        7.0000000000000000        4.7220629740106265E-003
   9.6666666666666661        7.3333333333333330        4.3766476583934804E-003
   9.6666666666666661        7.6666666666666661        4.0372051670791737E-003
   9.6666666666666661        8.0000000000000000        3.2855457743809556E-003
   9.6666666666666661        8.3333333333333321        1.3815538638195617E-003
   9.6666666666666661        8.6666666666666661        9.6908833714877255E-004
   9.6666666666666661        9.0000000000000000        9.7079964161690332E-004
   9.6666666666666661        9.3333333333333321        7.2126243697709033E-004
   9.6666666666666661        9.6666666666666661        3.1332368261806413E-004
   9.6666666666666661        10.000000000000000        0.0000000000000000     
 
   10.000000000000000        0.0000000000000000        0.0000000000000000     
   10.000000000000000       0.33333333333333331        0.0000000000000000     
   10.000000000000000       0.66666666666666663        0.0000000000000000     
   10.000000000000000        1.0000000000000000        0.0000000000000000     
   10.000000000000000        1.3333333333333333        0.0000000000000000     
   10.000000000000000        1.6666666666666665        0.0000000000000000     
   10.000000000000000        2.0000000000000000        0.0000000000000000     
   10.000000000000000        2.3333333333333330        0.0000000000000000     
   10.000000000000000        2.6666666666666665        0.0000000000000000     
   10.000000000000000        3.0000000000000000        0.0000000000000000     
   10.000000000000000        3.3333333333333330        0.0000000000000000     
   10.000000000000000        3.6666666666666665        0.0000000000000000     
   10.000000000000000        4.0000000000000000        0.0000000000000000     
   10.000000000000000        4.3333333333333330        0.0000000000000000     
   10.000000000000000        4.6666666666666661        0.0000000000000000     
   10.000000000000000        5.0000000000000000        0.0000000000000000     
   10.000000000000000        5.3333333333333330        0.0000000000000000     
   10.000000000000000        5.6666666666666661        0.0000000000000000     
   10.000000000000000        6.0000000000000000        0.0000000000000000     
   10.000000000000000        6.3333333333333330        0.0000000000000000     
   10.000000000000000        6.6666666666666661        0.0000000000000000     
   10.000000000000000        7.0000000000000000        0.0000000000000000     
   10.000000000000000        7.3333333333333330        0.0000000000000000     
   10.000000000000000        7.6666666666666661        0.0000000000000000     
   10.000000000000000        8.0000000000000000        0.0000000000000000     
   10.000000000000000        8.3333333333333321        0.0000000000000000     
   10.000000000000000        8.6666666666666661        0.0000000000000000     
   10.000000000000000        9.0000000000000000        0.0000000000000000     
   10.000000000000000        9.3333333333333321        0.0000000000000000     
   10.000000000000000        9.6666666666666661        0.0000000000000000     
   10.000000000000000        10.000000000000000        0.0000000000000000     
 
