   0.0000000000000000        0.0000000000000000        0.0000000000000000     
   0.0000000000000000       0.33333333333333331        0.0000000000000000     
   0.0000000000000000       0.66666666666666663        0.0000000000000000     
   0.0000000000000000        1.0000000000000000        0.0000000000000000     
   0.0000000000000000        1.3333333333333333        0.0000000000000000     
   0.0000000000000000        1.6666666666666665        0.0000000000000000     
   0.0000000000000000        2.0000000000000000        0.0000000000000000     
   0.0000000000000000        2.3333333333333330        0.0000000000000000     
   0.0000000000000000        2.6666666666666665        0.0000000000000000     
   0.0000000000000000        3.0000000000000000        0.0000000000000000     
   0.0000000000000000        3.3333333333333330        0.0000000000000000     
   0.0000000000000000        3.6666666666666665        0.0000000000000000     
   0.0000000000000000        4.0000000000000000        0.0000000000000000     
   0.0000000000000000        4.3333333333333330        0.0000000000000000     
   0.0000000000000000        4.6666666666666661        0.0000000000000000     
   0.0000000000000000        5.0000000000000000        0.0000000000000000     
   0.0000000000000000        5.3333333333333330        0.0000000000000000     
   0.0000000000000000        5.6666666666666661        0.0000000000000000     
   0.0000000000000000        6.0000000000000000        0.0000000000000000     
   0.0000000000000000        6.3333333333333330        0.0000000000000000     
   0.0000000000000000        6.6666666666666661        0.0000000000000000     
   0.0000000000000000        7.0000000000000000        0.0000000000000000     
   0.0000000000000000        7.3333333333333330        0.0000000000000000     
   0.0000000000000000        7.6666666666666661        0.0000000000000000     
   0.0000000000000000        8.0000000000000000        0.0000000000000000     
   0.0000000000000000        8.3333333333333321        0.0000000000000000     
   0.0000000000000000        8.6666666666666661        0.0000000000000000     
   0.0000000000000000        9.0000000000000000        0.0000000000000000     
   0.0000000000000000        9.3333333333333321        0.0000000000000000     
   0.0000000000000000        9.6666666666666661        0.0000000000000000     
   0.0000000000000000        10.000000000000000        0.0000000000000000     
 
  0.33333333333333331        0.0000000000000000        0.0000000000000000     
  0.33333333333333331       0.33333333333333331        1.1858970029314477E-004
  0.33333333333333331       0.66666666666666663        2.0034876779046829E-004
  0.33333333333333331        1.0000000000000000        2.0893559751999547E-004
  0.33333333333333331        1.3333333333333333        4.5049533893361959E-004
  0.33333333333333331        1.6666666666666665        6.7641952911756990E-004
  0.33333333333333331        2.0000000000000000        1.0547156419296441E-003
  0.33333333333333331        2.3333333333333330        1.3315344829757840E-003
  0.33333333333333331        2.6666666666666665        1.2046477239209361E-003
  0.33333333333333331        3.0000000000000000        2.4011710156958380E-003
  0.33333333333333331        3.3333333333333330        2.6662396460557219E-003
  0.33333333333333331        3.6666666666666665        2.5917755748988704E-003
  0.33333333333333331        4.0000000000000000        2.6347481388498549E-003
  0.33333333333333331        4.3333333333333330        2.6667373606678933E-003
  0.33333333333333331        4.6666666666666661        1.7515458003313584E-003
  0.33333333333333331        5.0000000000000000        2.7393369802377579E-003
  0.33333333333333331        5.3333333333333330        6.6774052943396516E-003
  0.33333333333333331        5.6666666666666661        8.2989006969377121E-003
  0.33333333333333331        6.0000000000000000        9.3886655790478817E-003
  0.33333333333333331        6.3333333333333330        9.9191458966642818E-003
  0.33333333333333331        6.6666666666666661        6.8532569068391605E-003
  0.33333333333333331        7.0000000000000000        1.1034897054668725E-002
  0.33333333333333331        7.3333333333333330        5.0966438287250058E-003
  0.33333333333333331        7.6666666666666661        4.5656727709635038E-003
  0.33333333333333331        8.0000000000000000        3.5078863580530442E-003
  0.33333333333333331        8.3333333333333321        2.3790512138803076E-003
  0.33333333333333331        8.6666666666666661        1.8277690729695665E-003
  0.33333333333333331        9.0000000000000000        1.3317933425303851E-003
  0.33333333333333331        9.3333333333333321        7.3295433510543783E-004
  0.33333333333333331        9.6666666666666661        3.1775404228953451E-004
  0.33333333333333331        10.000000000000000        0.0000000000000000     
 
  0.66666666666666663        0.0000000000000000        0.0000000000000000     
  0.66666666666666663       0.33333333333333331        2.8666291784560592E-004
  0.66666666666666663       0.66666666666666663        4.9557100751655909E-004
  0.66666666666666663        1.0000000000000000        1.1272614924118037E-003
  0.66666666666666663        1.3333333333333333        9.6807856208037545E-004
  0.66666666666666663        1.6666666666666665        1.2758685756030072E-003
  0.66666666666666663        2.0000000000000000        2.3235996647784254E-003
  0.66666666666666663        2.3333333333333330        3.2031587945163943E-003
  0.66666666666666663        2.6666666666666665        6.8412028812320164E-003
  0.66666666666666663        3.0000000000000000        5.9567329023827945E-003
  0.66666666666666663        3.3333333333333330        5.9162531998204993E-003
  0.66666666666666663        3.6666666666666665        5.3082528213078536E-003
  0.66666666666666663        4.0000000000000000        5.5275084631696975E-003
  0.66666666666666663        4.3333333333333330        6.5246935098669514E-003
  0.66666666666666663        4.6666666666666661        0.0000000000000000     
  0.66666666666666663        5.0000000000000000        1.7021029290665585E-002
  0.66666666666666663        5.3333333333333330        1.6150466948876809E-002
  0.66666666666666663        5.6666666666666661        1.7680351129701993E-002
  0.66666666666666663        6.0000000000000000        1.9910644635358198E-002
  0.66666666666666663        6.3333333333333330        2.3998058431235092E-002
  0.66666666666666663        6.6666666666666661        4.0385060452534746E-002
  0.66666666666666663        7.0000000000000000        3.2789559424101528E-002
  0.66666666666666663        7.3333333333333330        9.2754952904712286E-003
  0.66666666666666663        7.6666666666666661        9.9765218239132314E-003
  0.66666666666666663        8.0000000000000000        7.3535921680358100E-003
  0.66666666666666663        8.3333333333333321        4.3789939033240235E-003
  0.66666666666666663        8.6666666666666661        3.7652130194348681E-003
  0.66666666666666663        9.0000000000000000        2.8925923232480263E-003
  0.66666666666666663        9.3333333333333321        1.3545897256889848E-003
  0.66666666666666663        9.6666666666666661        5.7026692609056019E-004
  0.66666666666666663        10.000000000000000        0.0000000000000000     
 
   1.0000000000000000        0.0000000000000000        0.0000000000000000     
   1.0000000000000000       0.33333333333333331        5.6181737713718177E-004
   1.0000000000000000       0.66666666666666663        1.0505817207307853E-003
   1.0000000000000000        1.0000000000000000        1.4098198067982754E-003
   1.0000000000000000        1.3333333333333333        1.1272614924118037E-003
   1.0000000000000000        1.6666666666666665        3.8230033789114879E-003
   1.0000000000000000        2.0000000000000000        4.0035954501138520E-003
   1.0000000000000000        2.3333333333333330        6.2725321858394176E-003
   1.0000000000000000        2.6666666666666665        8.3548944248582821E-003
   1.0000000000000000        3.0000000000000000        9.2012317082332609E-003
   1.0000000000000000        3.3333333333333330        1.0249823912071651E-002
   1.0000000000000000        3.6666666666666665        7.6790578192621082E-003
   1.0000000000000000        4.0000000000000000        8.1484097809615356E-003
   1.0000000000000000        4.3333333333333330        1.1960713986686066E-002
   1.0000000000000000        4.6666666666666661        1.7727489532604779E-002
   1.0000000000000000        5.0000000000000000        1.9211796195393864E-002
   1.0000000000000000        5.3333333333333330        2.4368554789727815E-002
   1.0000000000000000        5.6666666666666661        2.7496050541782897E-002
   1.0000000000000000        6.0000000000000000        2.9735430139113929E-002
   1.0000000000000000        6.3333333333333330        4.3423066313839374E-002
   1.0000000000000000        6.6666666666666661        5.0012721273567526E-002
   1.0000000000000000        7.0000000000000000        4.8609339213296528E-002
   1.0000000000000000        7.3333333333333330        3.7286791661830063E-002
   1.0000000000000000        7.6666666666666661        1.9398526091917698E-002
   1.0000000000000000        8.0000000000000000        1.2096668284204366E-002
   1.0000000000000000        8.3333333333333321        7.8496753683437431E-003
   1.0000000000000000        8.6666666666666661        6.2975695656195914E-003
   1.0000000000000000        9.0000000000000000        5.3873707673652510E-003
   1.0000000000000000        9.3333333333333321        6.0223885199489570E-004
   1.0000000000000000        9.6666666666666661        6.6582236423514643E-004
   1.0000000000000000        10.000000000000000        0.0000000000000000     
 
   1.3333333333333333        0.0000000000000000        0.0000000000000000     
   1.3333333333333333       0.33333333333333331        9.6460944371591195E-004
   1.3333333333333333       0.66666666666666663        1.8381810248491465E-003
   1.3333333333333333        1.0000000000000000        2.4769763242646131E-003
   1.3333333333333333        1.3333333333333333        4.7107024036508209E-003
   1.3333333333333333        1.6666666666666665        4.0530234257443202E-003
   1.3333333333333333        2.0000000000000000        1.0582028848280611E-002
   1.3333333333333333        2.3333333333333330        1.0112269273863045E-002
   1.3333333333333333        2.6666666666666665        1.1841361515521089E-002
   1.3333333333333333        3.0000000000000000        1.3015087054353938E-002
   1.3333333333333333        3.3333333333333330        1.9014619175719564E-002
   1.3333333333333333        3.6666666666666665        3.5803358092033041E-002
   1.3333333333333333        4.0000000000000000        2.5536135705202904E-002
   1.3333333333333333        4.3333333333333330        2.2207731317781084E-002
   1.3333333333333333        4.6666666666666661        3.8956365600347556E-002
   1.3333333333333333        5.0000000000000000        3.8181650234188527E-002
   1.3333333333333333        5.3333333333333330        3.6242012032567647E-002
   1.3333333333333333        5.6666666666666661        3.9847946218920717E-002
   1.3333333333333333        6.0000000000000000        8.0433605611157352E-002
   1.3333333333333333        6.3333333333333330        7.1931213609410502E-002
   1.3333333333333333        6.6666666666666661        6.9907857719600106E-002
   1.3333333333333333        7.0000000000000000        6.5270375492430963E-002
   1.3333333333333333        7.3333333333333330        5.7074512242137714E-002
   1.3333333333333333        7.6666666666666661        9.5549332700702733E-003
   1.3333333333333333        8.0000000000000000        1.0395544360169465E-002
   1.3333333333333333        8.3333333333333321        1.0077637579295865E-002
   1.3333333333333333        8.6666666666666661        8.7392282467603430E-003
   1.3333333333333333        9.0000000000000000        7.4544889359544576E-003
   1.3333333333333333        9.3333333333333321        3.3992980427133891E-003
   1.3333333333333333        9.6666666666666661        1.5559180548066745E-003
   1.3333333333333333        10.000000000000000        0.0000000000000000     
 
   1.6666666666666665        0.0000000000000000        0.0000000000000000     
   1.6666666666666665       0.33333333333333331        1.5455811619609189E-003
   1.6666666666666665       0.66666666666666663        3.0269554037089422E-003
   1.6666666666666665        1.0000000000000000        4.4083381280225356E-003
   1.6666666666666665        1.3333333333333333        5.8276546721072811E-003
   1.6666666666666665        1.6666666666666665        1.2874903402749476E-002
   1.6666666666666665        2.0000000000000000        1.1990460577543775E-002
   1.6666666666666665        2.3333333333333330        1.2636479744980575E-002
   1.6666666666666665        2.6666666666666665        1.6855851926413059E-002
   1.6666666666666665        3.0000000000000000        3.7161562555503659E-002
   1.6666666666666665        3.3333333333333330        3.5072542186979021E-002
   1.6666666666666665        3.6666666666666665        3.8117954805937382E-002
   1.6666666666666665        4.0000000000000000        3.0783282172550074E-002
   1.6666666666666665        4.3333333333333330        3.0823369703330678E-002
   1.6666666666666665        4.6666666666666661        4.1643420354322086E-002
   1.6666666666666665        5.0000000000000000        4.2561519187415103E-002
   1.6666666666666665        5.3333333333333330        4.4760744635699741E-002
   1.6666666666666665        5.6666666666666661        5.7956147981665262E-002
   1.6666666666666665        6.0000000000000000        9.1782600383684396E-002
   1.6666666666666665        6.3333333333333330        9.6612431198105378E-002
   1.6666666666666665        6.6666666666666661        9.5092865301598023E-002
   1.6666666666666665        7.0000000000000000        8.8130647136288973E-002
   1.6666666666666665        7.3333333333333330        7.1186266512496293E-002
   1.6666666666666665        7.6666666666666661        8.4389982891396945E-003
   1.6666666666666665        8.0000000000000000        1.0696889652130004E-002
   1.6666666666666665        8.3333333333333321        1.4128261542937399E-002
   1.6666666666666665        8.6666666666666661        1.1839584213827086E-002
   1.6666666666666665        9.0000000000000000        8.8674568715952223E-003
   1.6666666666666665        9.3333333333333321        5.5420100233840629E-003
   1.6666666666666665        9.6666666666666661        2.2993940857751810E-003
   1.6666666666666665        10.000000000000000        0.0000000000000000     
 
   2.0000000000000000        0.0000000000000000        0.0000000000000000     
   2.0000000000000000       0.33333333333333331        2.3194794315142507E-003
   2.0000000000000000       0.66666666666666663        4.5680298627482803E-003
   2.0000000000000000        1.0000000000000000        6.6722436963432092E-003
   2.0000000000000000        1.3333333333333333        8.8663661978899185E-003
   2.0000000000000000        1.6666666666666665        1.4782349147373449E-002
   2.0000000000000000        2.0000000000000000        1.2874903402749476E-002
   2.0000000000000000        2.3333333333333330        2.5564269225976433E-002
   2.0000000000000000        2.6666666666666665        2.7355013956372815E-002
   2.0000000000000000        3.0000000000000000        4.1416769613532405E-002
   2.0000000000000000        3.3333333333333330        4.8039493081040448E-002
   2.0000000000000000        3.6666666666666665        5.3083969725255253E-002
   2.0000000000000000        4.0000000000000000        8.7478396450449136E-002
   2.0000000000000000        4.3333333333333330        8.3698276108947284E-002
   2.0000000000000000        4.6666666666666661        5.6870822882734033E-002
   2.0000000000000000        5.0000000000000000        4.8284179569189740E-002
   2.0000000000000000        5.3333333333333330        0.0000000000000000     
   2.0000000000000000        5.6666666666666661       0.18510941098108841     
   2.0000000000000000        6.0000000000000000       0.13491922738627626     
   2.0000000000000000        6.3333333333333330       0.13051700734713889     
   2.0000000000000000        6.6666666666666661       0.12863042472045749     
   2.0000000000000000        7.0000000000000000       0.12388258294071884     
   2.0000000000000000        7.3333333333333330        6.2677133819100559E-003
   2.0000000000000000        7.6666666666666661        6.9813189845520582E-003
   2.0000000000000000        8.0000000000000000        3.9855435771609701E-002
   2.0000000000000000        8.3333333333333321        2.4871530557233883E-002
   2.0000000000000000        8.6666666666666661        1.6486760340780355E-002
   2.0000000000000000        9.0000000000000000        1.1330677143388210E-002
   2.0000000000000000        9.3333333333333321        8.0606082957108433E-003
   2.0000000000000000        9.6666666666666661        1.5876860143151134E-003
   2.0000000000000000        10.000000000000000        0.0000000000000000     
 
   2.3333333333333330        0.0000000000000000        0.0000000000000000     
   2.3333333333333330       0.33333333333333331        3.3402248762506304E-003
   2.3333333333333330       0.66666666666666663        6.5982581382452495E-003
   2.3333333333333330        1.0000000000000000        9.3505297402732140E-003
   2.3333333333333330        1.3333333333333333        2.4951463666665247E-002
   2.3333333333333330        1.6666666666666665        2.5555475968832918E-002
   2.3333333333333330        2.0000000000000000        5.1534382124135164E-002
   2.3333333333333330        2.3333333333333330        6.2915634629969214E-002
   2.3333333333333330        2.6666666666666665        6.2161127391366471E-002
   2.3333333333333330        3.0000000000000000        5.5342447750722737E-002
   2.3333333333333330        3.3333333333333330        6.4975395405836661E-002
   2.3333333333333330        3.6666666666666665        7.5639585326963493E-002
   2.3333333333333330        4.0000000000000000        9.1194511946273454E-002
   2.3333333333333330        4.3333333333333330       0.11394431344955837     
   2.3333333333333330        4.6666666666666661       0.20763082667594196     
   2.3333333333333330        5.0000000000000000       0.24790596808923987     
   2.3333333333333330        5.3333333333333330       0.25650098467203702     
   2.3333333333333330        5.6666666666666661       0.23724713337054174     
   2.3333333333333330        6.0000000000000000       0.19841819542026137     
   2.3333333333333330        6.3333333333333330       0.16475077502417385     
   2.3333333333333330        6.6666666666666661       0.16790843751714174     
   2.3333333333333330        7.0000000000000000       0.15785602554122241     
   2.3333333333333330        7.3333333333333330       0.17176273696138458     
   2.3333333333333330        7.6666666666666661       0.10157340063009125     
   2.3333333333333330        8.0000000000000000        5.6582396376883365E-002
   2.3333333333333330        8.3333333333333321        3.0351018518925351E-002
   2.3333333333333330        8.6666666666666661        1.8964881650696042E-002
   2.3333333333333330        9.0000000000000000        1.2737703799102639E-002
   2.3333333333333330        9.3333333333333321        7.9465357150548116E-003
   2.3333333333333330        9.6666666666666661        3.3094193878031052E-003
   2.3333333333333330        10.000000000000000        0.0000000000000000     
 
   2.6666666666666665        0.0000000000000000        0.0000000000000000     
   2.6666666666666665       0.33333333333333331        4.6720984109249368E-003
   2.6666666666666665       0.66666666666666663        9.5788140480099551E-003
   2.6666666666666665        1.0000000000000000        1.5397419952731419E-002
   2.6666666666666665        1.3333333333333333        2.5776867115309035E-002
   2.6666666666666665        1.6666666666666665        3.8363989291055597E-002
   2.6666666666666665        2.0000000000000000        5.3875403675541354E-002
   2.6666666666666665        2.3333333333333330        6.5506662487922349E-002
   2.6666666666666665        2.6666666666666665        7.1558682000239140E-002
   2.6666666666666665        3.0000000000000000        9.2130944667392800E-002
   2.6666666666666665        3.3333333333333330        8.3532405740273749E-002
   2.6666666666666665        3.6666666666666665        9.6173738481623347E-002
   2.6666666666666665        4.0000000000000000       0.16643100554173701     
   2.6666666666666665        4.3333333333333330       0.17055061975107971     
   2.6666666666666665        4.6666666666666661       0.21106664037157991     
   2.6666666666666665        5.0000000000000000       0.24979009871501884     
   2.6666666666666665        5.3333333333333330       0.27622367268976794     
   2.6666666666666665        5.6666666666666661       0.27094206533376453     
   2.6666666666666665        6.0000000000000000       0.23415319005717911     
   2.6666666666666665        6.3333333333333330       0.26024007966024459     
   2.6666666666666665        6.6666666666666661       0.22280369634750341     
   2.6666666666666665        7.0000000000000000       0.18451312269011408     
   2.6666666666666665        7.3333333333333330       0.17525526533557373     
   2.6666666666666665        7.6666666666666661       0.14923497358842588     
   2.6666666666666665        8.0000000000000000        2.1057741728435823E-002
   2.6666666666666665        8.3333333333333321        2.2491875980363459E-002
   2.6666666666666665        8.6666666666666661        1.7465452091529322E-002
   2.6666666666666665        9.0000000000000000        1.3621507423862856E-002
   2.6666666666666665        9.3333333333333321        8.2967380587975394E-003
   2.6666666666666665        9.6666666666666661        3.9710375934636950E-003
   2.6666666666666665        10.000000000000000        0.0000000000000000     
 
   3.0000000000000000        0.0000000000000000        0.0000000000000000     
   3.0000000000000000       0.33333333333333331        6.0604849565323261E-003
   3.0000000000000000       0.66666666666666663        1.2227268409562037E-002
   3.0000000000000000        1.0000000000000000        1.7771387531370794E-002
   3.0000000000000000        1.3333333333333333        4.5516976969037060E-002
   3.0000000000000000        1.6666666666666665        5.0026436351057246E-002
   3.0000000000000000        2.0000000000000000        6.2314869390261138E-002
   3.0000000000000000        2.3333333333333330        7.6115534876274829E-002
   3.0000000000000000        2.6666666666666665        8.9502296739366785E-002
   3.0000000000000000        3.0000000000000000       0.10331236473769656     
   3.0000000000000000        3.3333333333333330       0.14169348574194754     
   3.0000000000000000        3.6666666666666665       0.13197706255205252     
   3.0000000000000000        4.0000000000000000       0.19040112705222478     
   3.0000000000000000        4.3333333333333330       0.19438439878947339     
   3.0000000000000000        4.6666666666666661       0.21916380437149094     
   3.0000000000000000        5.0000000000000000       0.26529250195642207     
   3.0000000000000000        5.3333333333333330       0.32732727416242541     
   3.0000000000000000        5.6666666666666661       0.33571133591319241     
   3.0000000000000000        6.0000000000000000       0.35085418434636362     
   3.0000000000000000        6.3333333333333330       0.29747919943441492     
   3.0000000000000000        6.6666666666666661       0.27952590100826008     
   3.0000000000000000        7.0000000000000000       0.22580229124984183     
   3.0000000000000000        7.3333333333333330       0.19843097982664626     
   3.0000000000000000        7.6666666666666661       0.17385213769872723     
   3.0000000000000000        8.0000000000000000       0.13405606597865746     
   3.0000000000000000        8.3333333333333321        1.4757446224815743E-002
   3.0000000000000000        8.6666666666666661        1.5994235419991013E-002
   3.0000000000000000        9.0000000000000000        1.6991253573961633E-002
   3.0000000000000000        9.3333333333333321        8.5771550791374218E-003
   3.0000000000000000        9.6666666666666661        4.5938189252537091E-003
   3.0000000000000000        10.000000000000000        0.0000000000000000     
 
   3.3333333333333330        0.0000000000000000        0.0000000000000000     
   3.3333333333333330       0.33333333333333331        7.6902042681536928E-003
   3.3333333333333330       0.66666666666666663        1.6176719156302331E-002
   3.3333333333333330        1.0000000000000000        2.6633812475554238E-002
   3.3333333333333330        1.3333333333333333        4.2931838932015395E-002
   3.3333333333333330        1.6666666666666665        5.5907022650140359E-002
   3.3333333333333330        2.0000000000000000        7.1431711752025603E-002
   3.3333333333333330        2.3333333333333330        8.9436371255329300E-002
   3.3333333333333330        2.6666666666666665       0.10932546807381441     
   3.3333333333333330        3.0000000000000000       0.13058266017301717     
   3.3333333333333330        3.3333333333333330       0.15336645941011870     
   3.3333333333333330        3.6666666666666665       0.16018818472683236     
   3.3333333333333330        4.0000000000000000       0.20177965656077182     
   3.3333333333333330        4.3333333333333330       0.20085024715073740     
   3.3333333333333330        4.6666666666666661       0.20847837638169092     
   3.3333333333333330        5.0000000000000000       0.47955134402227806     
   3.3333333333333330        5.3333333333333330       0.42897371127056172     
   3.3333333333333330        5.6666666666666661       0.40520660272515585     
   3.3333333333333330        6.0000000000000000       0.39976270998975810     
   3.3333333333333330        6.3333333333333330       0.36289503177038546     
   3.3333333333333330        6.6666666666666661       0.31714057769994214     
   3.3333333333333330        7.0000000000000000       0.25464800869770837     
   3.3333333333333330        7.3333333333333330       0.22112679864529219     
   3.3333333333333330        7.6666666666666661       0.17675881811020994     
   3.3333333333333330        8.0000000000000000       0.13810590279955456     
   3.3333333333333330        8.3333333333333321        6.8960808486148675E-002
   3.3333333333333330        8.6666666666666661        3.2288247286879936E-002
   3.3333333333333330        9.0000000000000000        2.2589334990338768E-002
   3.3333333333333330        9.3333333333333321        1.3181569382715672E-002
   3.3333333333333330        9.6666666666666661        6.1705511320316432E-003
   3.3333333333333330        10.000000000000000        0.0000000000000000     
 
   3.6666666666666665        0.0000000000000000        0.0000000000000000     
   3.6666666666666665       0.33333333333333331        8.9320984433563424E-003
   3.6666666666666665       0.66666666666666663        1.8971257446278419E-002
   3.6666666666666665        1.0000000000000000        3.0883692908687272E-002
   3.6666666666666665        1.3333333333333333        4.5411433665401540E-002
   3.6666666666666665        1.6666666666666665        6.1217207239784702E-002
   3.6666666666666665        2.0000000000000000        8.0169355127450215E-002
   3.6666666666666665        2.3333333333333330       0.10296304563938935     
   3.6666666666666665        2.6666666666666665       0.12972914647516884     
   3.6666666666666665        3.0000000000000000       0.15806289401779111     
   3.6666666666666665        3.3333333333333330       0.18252175592350947     
   3.6666666666666665        3.6666666666666665       0.19675429720871432     
   3.6666666666666665        4.0000000000000000       0.20525831208785417     
   3.6666666666666665        4.3333333333333330       0.20177965656077182     
   3.6666666666666665        4.6666666666666661       0.56613418421180595     
   3.6666666666666665        5.0000000000000000       0.51825333490834635     
   3.6666666666666665        5.3333333333333330       0.49475082928005121     
   3.6666666666666665        5.6666666666666661       0.44875411715354113     
   3.6666666666666665        6.0000000000000000       0.43592278078743468     
   3.6666666666666665        6.3333333333333330       0.40326195080755145     
   3.6666666666666665        6.6666666666666661       0.36849430142087813     
   3.6666666666666665        7.0000000000000000       0.29126414818186813     
   3.6666666666666665        7.3333333333333330       0.25613405314809423     
   3.6666666666666665        7.6666666666666661       0.10325149685076805     
   3.6666666666666665        8.0000000000000000       0.10710475224912071     
   3.6666666666666665        8.3333333333333321        7.2278542641228405E-002
   3.6666666666666665        8.6666666666666661        4.3876885244372686E-002
   3.6666666666666665        9.0000000000000000        2.9329338489389224E-002
   3.6666666666666665        9.3333333333333321        1.6273720561622382E-002
   3.6666666666666665        9.6666666666666661        7.3371901167663331E-003
   3.6666666666666665        10.000000000000000        0.0000000000000000     
 
   4.0000000000000000        0.0000000000000000        0.0000000000000000     
   4.0000000000000000       0.33333333333333331        9.5199040242194485E-003
   4.0000000000000000       0.66666666666666663        2.0802271888841855E-002
   4.0000000000000000        1.0000000000000000        3.3866652001627050E-002
   4.0000000000000000        1.3333333333333333        4.8345314147857733E-002
   4.0000000000000000        1.6666666666666665        6.5326168697074125E-002
   4.0000000000000000        2.0000000000000000        8.7048512115995819E-002
   4.0000000000000000        2.3333333333333330       0.11434220425064520     
   4.0000000000000000        2.6666666666666665       0.15001767100527855     
   4.0000000000000000        3.0000000000000000       0.19038309194020636     
   4.0000000000000000        3.3333333333333330       0.22249929589550677     
   4.0000000000000000        3.6666666666666665       0.23973474705858022     
   4.0000000000000000        4.0000000000000000       0.22233879604651491     
   4.0000000000000000        4.3333333333333330       0.60846511236392364     
   4.0000000000000000        4.6666666666666661       0.59689823627773930     
   4.0000000000000000        5.0000000000000000       0.60341047082560584     
   4.0000000000000000        5.3333333333333330       0.56960676264704124     
   4.0000000000000000        5.6666666666666661       0.52779702810953422     
   4.0000000000000000        6.0000000000000000       0.48214688531537830     
   4.0000000000000000        6.3333333333333330       0.43788249640956595     
   4.0000000000000000        6.6666666666666661       0.37925353368428794     
   4.0000000000000000        7.0000000000000000       0.32472646454752935     
   4.0000000000000000        7.3333333333333330       0.20827803163797970     
   4.0000000000000000        7.6666666666666661       0.13349982359167969     
   4.0000000000000000        8.0000000000000000       0.11829939226541794     
   4.0000000000000000        8.3333333333333321        8.1150742098678869E-002
   4.0000000000000000        8.6666666666666661        4.4553721270963909E-002
   4.0000000000000000        9.0000000000000000        3.6254773336443648E-002
   4.0000000000000000        9.3333333333333321        1.3361505740924855E-002
   4.0000000000000000        9.6666666666666661        7.3866028044064502E-003
   4.0000000000000000        10.000000000000000        0.0000000000000000     
 
   4.3333333333333330        0.0000000000000000        0.0000000000000000     
   4.3333333333333330       0.33333333333333331        8.8173234247102359E-003
   4.3333333333333330       0.66666666666666663        2.1826969271726858E-002
   4.3333333333333330        1.0000000000000000        3.6882770526722376E-002
   4.3333333333333330        1.3333333333333333        5.0560759321469154E-002
   4.3333333333333330        1.6666666666666665        6.6637041929413485E-002
   4.3333333333333330        2.0000000000000000        9.0243645360924302E-002
   4.3333333333333330        2.3333333333333330       0.11891225237295838     
   4.3333333333333330        2.6666666666666665       0.16646850098989860     
   4.3333333333333330        3.0000000000000000       0.23079887863626525     
   4.3333333333333330        3.3333333333333330       0.27633231787899543     
   4.3333333333333330        3.6666666666666665       0.31607235926388266     
   4.3333333333333330        4.0000000000000000       0.57996276513620060     
   4.3333333333333330        4.3333333333333330       0.59964880825876143     
   4.3333333333333330        4.6666666666666661       0.62709359411733756     
   4.3333333333333330        5.0000000000000000       0.61530626203007022     
   4.3333333333333330        5.3333333333333330       0.59139245414888975     
   4.3333333333333330        5.6666666666666661       0.55695986645435536     
   4.3333333333333330        6.0000000000000000       0.51377531292279321     
   4.3333333333333330        6.3333333333333330       0.47658072155958781     
   4.3333333333333330        6.6666666666666661       0.36249819000729749     
   4.3333333333333330        7.0000000000000000       0.29986464203259261     
   4.3333333333333330        7.3333333333333330       0.20914432163225591     
   4.3333333333333330        7.6666666666666661       0.15156645772813901     
   4.3333333333333330        8.0000000000000000       0.11746231097044649     
   4.3333333333333330        8.3333333333333321        8.4135588874427736E-002
   4.3333333333333330        8.6666666666666661        5.5012906662540703E-002
   4.3333333333333330        9.0000000000000000        3.6790568311620676E-002
   4.3333333333333330        9.3333333333333321        2.0123139035402263E-002
   4.3333333333333330        9.6666666666666661        9.3031385470544858E-003
   4.3333333333333330        10.000000000000000        0.0000000000000000     
 
   4.6666666666666661        0.0000000000000000        0.0000000000000000     
   4.6666666666666661       0.33333333333333331        4.3583440157381340E-003
   4.6666666666666661       0.66666666666666663        4.0834965542189634E-002
   4.6666666666666661        1.0000000000000000        4.2873850516462156E-002
   4.6666666666666661        1.3333333333333333        5.2271326400845197E-002
   4.6666666666666661        1.6666666666666665        6.2423232445988609E-002
   4.6666666666666661        2.0000000000000000        9.7668454140774741E-002
   4.6666666666666661        2.3333333333333330       0.10611313027635247     
   4.6666666666666661        2.6666666666666665       0.29149822879940068     
   4.6666666666666661        3.0000000000000000       0.28840520265125941     
   4.6666666666666661        3.3333333333333330       0.33252277902804406     
   4.6666666666666661        3.6666666666666665       0.42691476866947931     
   4.6666666666666661        4.0000000000000000       0.54080857841483321     
   4.6666666666666661        4.3333333333333330       0.59003848094230382     
   4.6666666666666661        4.6666666666666661       0.61525427674463540     
   4.6666666666666661        5.0000000000000000       0.61650360929058901     
   4.6666666666666661        5.3333333333333330       0.60260507782671124     
   4.6666666666666661        5.6666666666666661       0.57620508834842377     
   4.6666666666666661        6.0000000000000000       0.52382953218722961     
   4.6666666666666661        6.3333333333333330       0.46506538044818990     
   4.6666666666666661        6.6666666666666661       0.41862450178711563     
   4.6666666666666661        7.0000000000000000       0.17514541581110840     
   4.6666666666666661        7.3333333333333330       0.17735436038778338     
   4.6666666666666661        7.6666666666666661       0.14836600928562541     
   4.6666666666666661        8.0000000000000000       0.11862947112511733     
   4.6666666666666661        8.3333333333333321        8.5655010084067326E-002
   4.6666666666666661        8.6666666666666661        5.6857834007973916E-002
   4.6666666666666661        9.0000000000000000        3.7563463567149999E-002
   4.6666666666666661        9.3333333333333321        2.2121500664594982E-002
   4.6666666666666661        9.6666666666666661        1.0237906711858032E-002
   4.6666666666666661        10.000000000000000        0.0000000000000000     
 
   5.0000000000000000        0.0000000000000000        0.0000000000000000     
   5.0000000000000000       0.33333333333333331        4.4855729474068259E-003
   5.0000000000000000       0.66666666666666663        3.5126879961763967E-002
   5.0000000000000000        1.0000000000000000        4.3438193746901971E-002
   5.0000000000000000        1.3333333333333333        5.5287689232359771E-002
   5.0000000000000000        1.6666666666666665        7.0522195561238621E-002
   5.0000000000000000        2.0000000000000000        9.1549130799419703E-002
   5.0000000000000000        2.3333333333333330       0.10385460763665058     
   5.0000000000000000        2.6666666666666665       0.29790598849460792     
   5.0000000000000000        3.0000000000000000       0.29548136666785452     
   5.0000000000000000        3.3333333333333330       0.52282651415793657     
   5.0000000000000000        3.6666666666666665       0.50735831025043410     
   5.0000000000000000        4.0000000000000000       0.54906032268611560     
   5.0000000000000000        4.3333333333333330       0.58410568335634527     
   5.0000000000000000        4.6666666666666661       0.60487366389927455     
   5.0000000000000000        5.0000000000000000       0.61001651685836444     
   5.0000000000000000        5.3333333333333330       0.60435109489409067     
   5.0000000000000000        5.6666666666666661       0.60127136317885188     
   5.0000000000000000        6.0000000000000000       0.43157059878847503     
   5.0000000000000000        6.3333333333333330       0.42874337170751442     
   5.0000000000000000        6.6666666666666661       0.31358667263071327     
   5.0000000000000000        7.0000000000000000       0.20564874529484486     
   5.0000000000000000        7.3333333333333330       0.17853081491684111     
   5.0000000000000000        7.6666666666666661       0.14825591213304345     
   5.0000000000000000        8.0000000000000000       0.12572790772931688     
   5.0000000000000000        8.3333333333333321        6.1011166203287018E-002
   5.0000000000000000        8.6666666666666661        5.1495050788357387E-002
   5.0000000000000000        9.0000000000000000        3.6269571175259280E-002
   5.0000000000000000        9.3333333333333321        2.1730148126317090E-002
   5.0000000000000000        9.6666666666666661        1.0103733006424604E-002
   5.0000000000000000        10.000000000000000        0.0000000000000000     
 
   5.3333333333333330        0.0000000000000000        0.0000000000000000     
   5.3333333333333330       0.33333333333333331        9.3349628362640741E-003
   5.3333333333333330       0.66666666666666663        2.8497744908397071E-002
   5.3333333333333330        1.0000000000000000        4.2382778410078113E-002
   5.3333333333333330        1.3333333333333333        5.7037420652458620E-002
   5.3333333333333330        1.6666666666666665        7.5085512960061496E-002
   5.3333333333333330        2.0000000000000000        9.6464981471257191E-002
   5.3333333333333330        2.3333333333333330       0.11610594150777329     
   5.3333333333333330        2.6666666666666665       0.26435032553978915     
   5.3333333333333330        3.0000000000000000       0.29730843290538406     
   5.3333333333333330        3.3333333333333330       0.49203490692461427     
   5.3333333333333330        3.6666666666666665       0.51595802893610221     
   5.3333333333333330        4.0000000000000000       0.54668852489455144     
   5.3333333333333330        4.3333333333333330       0.57272854074771318     
   5.3333333333333330        4.6666666666666661       0.58862343505107351     
   5.3333333333333330        5.0000000000000000       0.59214317452911902     
   5.3333333333333330        5.3333333333333330       0.58147488224043353     
   5.3333333333333330        5.6666666666666661       0.45192020202408578     
   5.3333333333333330        6.0000000000000000       0.42425060070643722     
   5.3333333333333330        6.3333333333333330       0.37946204615475476     
   5.3333333333333330        6.6666666666666661       0.31010858498555627     
   5.3333333333333330        7.0000000000000000       0.23356647130633501     
   5.3333333333333330        7.3333333333333330       0.18451099105099583     
   5.3333333333333330        7.6666666666666661       0.14273089117414808     
   5.3333333333333330        8.0000000000000000       0.11296614272130109     
   5.3333333333333330        8.3333333333333321        7.3075793275295051E-002
   5.3333333333333330        8.6666666666666661        5.4128163580550531E-002
   5.3333333333333330        9.0000000000000000        3.6070220424070244E-002
   5.3333333333333330        9.3333333333333321        1.9593581082994343E-002
   5.3333333333333330        9.6666666666666661        9.0231270986580563E-003
   5.3333333333333330        10.000000000000000        0.0000000000000000     
 
   5.6666666666666661        0.0000000000000000        0.0000000000000000     
   5.6666666666666661       0.33333333333333331        4.8267878252124504E-003
   5.6666666666666661       0.66666666666666663        1.1359999530105466E-002
   5.6666666666666661        1.0000000000000000        3.8868962096696574E-002
   5.6666666666666661        1.3333333333333333        5.7485031284552762E-002
   5.6666666666666661        1.6666666666666665        7.8568514488454796E-002
   5.6666666666666661        2.0000000000000000       0.10535902063435519     
   5.6666666666666661        2.3333333333333330       0.14995546823939096     
   5.6666666666666661        2.6666666666666665       0.22957443736573771     
   5.6666666666666661        3.0000000000000000       0.32906027553564465     
   5.6666666666666661        3.3333333333333330       0.45556791738359542     
   5.6666666666666661        3.6666666666666665       0.50345047024880862     
   5.6666666666666661        4.0000000000000000       0.53256588943540550     
   5.6666666666666661        4.3333333333333330       0.55305019665747590     
   5.6666666666666661        4.6666666666666661       0.56479958480208314     
   5.6666666666666661        5.0000000000000000       0.56779314459302077     
   5.6666666666666661        5.3333333333333330       0.52770250847637556     
   5.6666666666666661        5.6666666666666661       0.46806766480843465     
   5.6666666666666661        6.0000000000000000       0.35059245995027388     
   5.6666666666666661        6.3333333333333330       0.34736632451896554     
   5.6666666666666661        6.6666666666666661       0.24089757261570818     
   5.6666666666666661        7.0000000000000000       0.17933572859793034     
   5.6666666666666661        7.3333333333333330       0.13110831361971187     
   5.6666666666666661        7.6666666666666661       0.12749039175325497     
   5.6666666666666661        8.0000000000000000        7.2700407835236444E-002
   5.6666666666666661        8.3333333333333321        6.6832656019573361E-002
   5.6666666666666661        8.6666666666666661        5.8245839805877039E-002
   5.6666666666666661        9.0000000000000000        1.1802342475768845E-002
   5.6666666666666661        9.3333333333333321        1.2637964392177280E-002
   5.6666666666666661        9.6666666666666661        6.9294446553899679E-003
   5.6666666666666661        10.000000000000000        0.0000000000000000     
 
   6.0000000000000000        0.0000000000000000        0.0000000000000000     
   6.0000000000000000       0.33333333333333331        5.4137823169010642E-003
   6.0000000000000000       0.66666666666666663        1.2071237856529410E-002
   6.0000000000000000        1.0000000000000000        2.1846789910475985E-002
   6.0000000000000000        1.3333333333333333        0.0000000000000000     
   6.0000000000000000        1.6666666666666665        9.5450629501349124E-002
   6.0000000000000000        2.0000000000000000        9.8651338747493614E-002
   6.0000000000000000        2.3333333333333330       0.14845880823086641     
   6.0000000000000000        2.6666666666666665       0.17402358021098871     
   6.0000000000000000        3.0000000000000000       0.49853069232074565     
   6.0000000000000000        3.3333333333333330       0.48734326077607520     
   6.0000000000000000        3.6666666666666665       0.49679226154481998     
   6.0000000000000000        4.0000000000000000       0.51222102080694121     
   6.0000000000000000        4.3333333333333330       0.52559296737110994     
   6.0000000000000000        4.6666666666666661       0.53194369096760197     
   6.0000000000000000        5.0000000000000000       0.47854908497845022     
   6.0000000000000000        5.3333333333333330       0.47703688008112111     
   6.0000000000000000        5.6666666666666661       0.41187746450632906     
   6.0000000000000000        6.0000000000000000       0.34796780103693697     
   6.0000000000000000        6.3333333333333330       0.30631124838611673     
   6.0000000000000000        6.6666666666666661       0.24004583227080284     
   6.0000000000000000        7.0000000000000000       0.18061546615178231     
   6.0000000000000000        7.3333333333333330       0.13725171431030764     
   6.0000000000000000        7.6666666666666661       0.11121738942050526     
   6.0000000000000000        8.0000000000000000        8.1455749912563505E-002
   6.0000000000000000        8.3333333333333321        6.6083953304327994E-002
   6.0000000000000000        8.6666666666666661        5.6418671087185408E-002
   6.0000000000000000        9.0000000000000000        1.8976896456034301E-002
   6.0000000000000000        9.3333333333333321        1.3041821430811057E-002
   6.0000000000000000        9.6666666666666661        6.5082209985929873E-003
   6.0000000000000000        10.000000000000000        0.0000000000000000     
 
   6.3333333333333330        0.0000000000000000        0.0000000000000000     
   6.3333333333333330       0.33333333333333331        5.0803559773992622E-003
   6.3333333333333330       0.66666666666666663        1.0353574050848193E-002
   6.3333333333333330        1.0000000000000000        1.5667363383195920E-002
   6.3333333333333330        1.3333333333333333        4.6068165336883814E-002
   6.3333333333333330        1.6666666666666665        8.2207194782486295E-002
   6.3333333333333330        2.0000000000000000        9.8083150270733638E-002
   6.3333333333333330        2.3333333333333330       0.12526204002923219     
   6.3333333333333330        2.6666666666666665       0.14550795590421159     
   6.3333333333333330        3.0000000000000000       0.16167455878845768     
   6.3333333333333330        3.3333333333333330       0.48202331070743920     
   6.3333333333333330        3.6666666666666665       0.47244861535944310     
   6.3333333333333330        4.0000000000000000       0.48105655010825449     
   6.3333333333333330        4.3333333333333330       0.49109047672886141     
   6.3333333333333330        4.6666666666666661       0.49059842037855023     
   6.3333333333333330        5.0000000000000000       0.46771594286015278     
   6.3333333333333330        5.3333333333333330       0.34139219808709398     
   6.3333333333333330        5.6666666666666661       0.34499254007338648     
   6.3333333333333330        6.0000000000000000       0.31715127288912381     
   6.3333333333333330        6.3333333333333330       0.28591525419036817     
   6.3333333333333330        6.6666666666666661       0.23122020508872521     
   6.3333333333333330        7.0000000000000000       0.16677164138203832     
   6.3333333333333330        7.3333333333333330       0.12820797478181983     
   6.3333333333333330        7.6666666666666661       0.10127847091570259     
   6.3333333333333330        8.0000000000000000        7.8621801726706728E-002
   6.3333333333333330        8.3333333333333321        6.2380170084993372E-002
   6.3333333333333330        8.6666666666666661        4.7540686744988049E-002
   6.3333333333333330        9.0000000000000000        2.6121472538657708E-002
   6.3333333333333330        9.3333333333333321        1.4905079866673637E-002
   6.3333333333333330        9.6666666666666661        6.5038833701316382E-003
   6.3333333333333330        10.000000000000000        0.0000000000000000     
 
   6.6666666666666661        0.0000000000000000        0.0000000000000000     
   6.6666666666666661       0.33333333333333331        4.8781507604631156E-003
   6.6666666666666661       0.66666666666666663        9.2245043856218414E-003
   6.6666666666666661        1.0000000000000000        3.7341686443255681E-002
   6.6666666666666661        1.3333333333333333        4.8850856716264594E-002
   6.6666666666666661        1.6666666666666665        6.9566145591938786E-002
   6.6666666666666661        2.0000000000000000        8.9367132241091704E-002
   6.6666666666666661        2.3333333333333330       0.11192555190684129     
   6.6666666666666661        2.6666666666666665       0.13985717307442297     
   6.6666666666666661        3.0000000000000000       0.16524525930219380     
   6.6666666666666661        3.3333333333333330       0.34353532302469314     
   6.6666666666666661        3.6666666666666665       0.42027079761162200     
   6.6666666666666661        4.0000000000000000       0.43799244634172424     
   6.6666666666666661        4.3333333333333330       0.45566491207505366     
   6.6666666666666661        4.6666666666666661       0.45969737100508790     
   6.6666666666666661        5.0000000000000000       0.42286795679683631     
   6.6666666666666661        5.3333333333333330       0.33247577047338556     
   6.6666666666666661        5.6666666666666661       0.30378983193126474     
   6.6666666666666661        6.0000000000000000       0.28529455384373043     
   6.6666666666666661        6.3333333333333330       0.15912401767868181     
   6.6666666666666661        6.6666666666666661       0.12676679770477239     
   6.6666666666666661        7.0000000000000000       0.12823825066634287     
   6.6666666666666661        7.3333333333333330       0.10972697308317945     
   6.6666666666666661        7.6666666666666661        8.9691681788800146E-002
   6.6666666666666661        8.0000000000000000        7.2115456100035710E-002
   6.6666666666666661        8.3333333333333321        5.9911981184651290E-002
   6.6666666666666661        8.6666666666666661        2.7066673174868938E-002
   6.6666666666666661        9.0000000000000000        2.4584640734827943E-002
   6.6666666666666661        9.3333333333333321        9.0126154931787477E-003
   6.6666666666666661        9.6666666666666661        5.0472036675697652E-003
   6.6666666666666661        10.000000000000000        0.0000000000000000     
 
   7.0000000000000000        0.0000000000000000        0.0000000000000000     
   7.0000000000000000       0.33333333333333331        5.5422253103848927E-003
   7.0000000000000000       0.66666666666666663        1.3058963030147270E-002
   7.0000000000000000        1.0000000000000000        2.8082483007172369E-002
   7.0000000000000000        1.3333333333333333        4.5117336068875427E-002
   7.0000000000000000        1.6666666666666665        6.0939335410453037E-002
   7.0000000000000000        2.0000000000000000        8.1155629685429220E-002
   7.0000000000000000        2.3333333333333330        9.6466571328139628E-002
   7.0000000000000000        2.6666666666666665       0.16733750681975817     
   7.0000000000000000        3.0000000000000000       0.19727643385835689     
   7.0000000000000000        3.3333333333333330       0.26354409152048719     
   7.0000000000000000        3.6666666666666665       0.34055485300607147     
   7.0000000000000000        4.0000000000000000       0.38720439435895782     
   7.0000000000000000        4.3333333333333330       0.42485989211983205     
   7.0000000000000000        4.6666666666666661       0.14312786640863623     
   7.0000000000000000        5.0000000000000000       0.22705881201231901     
   7.0000000000000000        5.3333333333333330       0.25698339663811959     
   7.0000000000000000        5.6666666666666661       0.24862279922527775     
   7.0000000000000000        6.0000000000000000       0.23193138604452998     
   7.0000000000000000        6.3333333333333330       0.16093395958726178     
   7.0000000000000000        6.6666666666666661       0.12779831872656691     
   7.0000000000000000        7.0000000000000000       0.11198417650198909     
   7.0000000000000000        7.3333333333333330        9.5323341454318158E-002
   7.0000000000000000        7.6666666666666661        7.8354948295632124E-002
   7.0000000000000000        8.0000000000000000        6.2942597256918351E-002
   7.0000000000000000        8.3333333333333321        4.7837151933598464E-002
   7.0000000000000000        8.6666666666666661        3.1265041377828408E-002
   7.0000000000000000        9.0000000000000000        2.2135923077237000E-002
   7.0000000000000000        9.3333333333333321        1.3651937206468850E-002
   7.0000000000000000        9.6666666666666661        1.8337603460075729E-003
   7.0000000000000000        10.000000000000000        0.0000000000000000     
 
   7.3333333333333330        0.0000000000000000        0.0000000000000000     
   7.3333333333333330       0.33333333333333331        4.6208424379456554E-003
   7.3333333333333330       0.66666666666666663        1.0259286604988503E-002
   7.3333333333333330        1.0000000000000000        1.8547664422193445E-002
   7.3333333333333330        1.3333333333333333        4.4810135787816972E-002
   7.3333333333333330        1.6666666666666665        5.0958432345602114E-002
   7.3333333333333330        2.0000000000000000        8.1741265870100249E-002
   7.3333333333333330        2.3333333333333330        9.9724405228155316E-002
   7.3333333333333330        2.6666666666666665       0.14015797412477246     
   7.3333333333333330        3.0000000000000000       0.19505659518502835     
   7.3333333333333330        3.3333333333333330       0.24978329612807648     
   7.3333333333333330        3.6666666666666665       0.29134807634606075     
   7.3333333333333330        4.0000000000000000       0.34055485300607147     
   7.3333333333333330        4.3333333333333330       0.14312786640863623     
   7.3333333333333330        4.6666666666666661       0.14574287844472639     
   7.3333333333333330        5.0000000000000000       0.19674138605249011     
   7.3333333333333330        5.3333333333333330       0.21807017635137907     
   7.3333333333333330        5.6666666666666661       0.20025474762238710     
   7.3333333333333330        6.0000000000000000       0.11890354630907896     
   7.3333333333333330        6.3333333333333330       0.12638981891233864     
   7.3333333333333330        6.6666666666666661       0.11393457539161102     
   7.3333333333333330        7.0000000000000000        9.9239941009091975E-002
   7.3333333333333330        7.3333333333333330        8.3986195842717576E-002
   7.3333333333333330        7.6666666666666661        6.8194354406828778E-002
   7.3333333333333330        8.0000000000000000        5.6057546116471568E-002
   7.3333333333333330        8.3333333333333321        3.9525125070353030E-002
   7.3333333333333330        8.6666666666666661        2.9834984760732118E-002
   7.3333333333333330        9.0000000000000000        2.0470784841686705E-002
   7.3333333333333330        9.3333333333333321        1.0771053833416401E-002
   7.3333333333333330        9.6666666666666661        3.8138322661110270E-003
   7.3333333333333330        10.000000000000000        0.0000000000000000     
 
   7.6666666666666661        0.0000000000000000        0.0000000000000000     
   7.6666666666666661       0.33333333333333331        3.0230815812190620E-003
   7.6666666666666661       0.66666666666666663        5.5371180909952284E-003
   7.6666666666666661        1.0000000000000000        3.8730924205430298E-002
   7.6666666666666661        1.3333333333333333        4.1721990390730060E-002
   7.6666666666666661        1.6666666666666665        5.0220759086331251E-002
   7.6666666666666661        2.0000000000000000        6.7231545692753913E-002
   7.6666666666666661        2.3333333333333330        8.3935078598864898E-002
   7.6666666666666661        2.6666666666666665       0.10152100636950596     
   7.6666666666666661        3.0000000000000000        9.0586009530739628E-002
   7.6666666666666661        3.3333333333333330       0.17738418531520647     
   7.6666666666666661        3.6666666666666665       0.23378547149579654     
   7.6666666666666661        4.0000000000000000        4.1344951728211149E-002
   7.6666666666666661        4.3333333333333330        8.3757702688483426E-002
   7.6666666666666661        4.6666666666666661       0.10224407610345249     
   7.6666666666666661        5.0000000000000000        6.9361991638133905E-002
   7.6666666666666661        5.3333333333333330       0.13207601051778112     
   7.6666666666666661        5.6666666666666661       0.13417269408217167     
   7.6666666666666661        6.0000000000000000       0.11402209763640624     
   7.6666666666666661        6.3333333333333330       0.11425309702544244     
   7.6666666666666661        6.6666666666666661       0.10506666893783455     
   7.6666666666666661        7.0000000000000000        8.9967228847382369E-002
   7.6666666666666661        7.3333333333333330        7.6043588805893111E-002
   7.6666666666666661        7.6666666666666661        5.7050580753307711E-002
   7.6666666666666661        8.0000000000000000        2.3319227739966988E-002
   7.6666666666666661        8.3333333333333321        2.6438088413864795E-002
   7.6666666666666661        8.6666666666666661        1.0495047303673453E-002
   7.6666666666666661        9.0000000000000000        5.9607080983809426E-003
   7.6666666666666661        9.3333333333333321        5.9192284691593853E-003
   7.6666666666666661        9.6666666666666661        2.9424516713966471E-003
   7.6666666666666661        10.000000000000000        0.0000000000000000     
 
   8.0000000000000000        0.0000000000000000        0.0000000000000000     
   8.0000000000000000       0.33333333333333331        2.1776280775174014E-003
   8.0000000000000000       0.66666666666666663        3.7647668925507032E-003
   8.0000000000000000        1.0000000000000000        3.3396074534597198E-002
   8.0000000000000000        1.3333333333333333        3.6097822314135733E-002
   8.0000000000000000        1.6666666666666665        4.4070074005183597E-002
   8.0000000000000000        2.0000000000000000        5.6373184159387829E-002
   8.0000000000000000        2.3333333333333330        7.0732936388322259E-002
   8.0000000000000000        2.6666666666666665        8.3931230582654254E-002
   8.0000000000000000        3.0000000000000000        9.4632332410025249E-002
   8.0000000000000000        3.3333333333333330       0.12351927659094529     
   8.0000000000000000        3.6666666666666665        4.1344951728211149E-002
   8.0000000000000000        4.0000000000000000        4.3866078975536259E-002
   8.0000000000000000        4.3333333333333330        6.8273486464972735E-002
   8.0000000000000000        4.6666666666666661        8.0119667043191553E-002
   8.0000000000000000        5.0000000000000000        7.3000027283425764E-002
   8.0000000000000000        5.3333333333333330        7.6139092026589777E-002
   8.0000000000000000        5.6666666666666661        9.2155293433988483E-002
   8.0000000000000000        6.0000000000000000        9.1227326625131708E-002
   8.0000000000000000        6.3333333333333330        0.0000000000000000     
   8.0000000000000000        6.6666666666666661        7.8886775744608562E-002
   8.0000000000000000        7.0000000000000000        8.2649575733003133E-002
   8.0000000000000000        7.3333333333333330        2.1892265619320759E-002
   8.0000000000000000        7.6666666666666661        2.9354806672422067E-002
   8.0000000000000000        8.0000000000000000        2.1754057233886466E-002
   8.0000000000000000        8.3333333333333321        1.8113597978502347E-002
   8.0000000000000000        8.6666666666666661        1.1407518561343661E-002
   8.0000000000000000        9.0000000000000000        6.5345586577648194E-003
   8.0000000000000000        9.3333333333333321        4.4920286066213915E-003
   8.0000000000000000        9.6666666666666661        2.2842116644000653E-003
   8.0000000000000000        10.000000000000000        0.0000000000000000     
 
   8.3333333333333321        0.0000000000000000        0.0000000000000000     
   8.3333333333333321       0.33333333333333331        2.1173855697372880E-003
   8.3333333333333321       0.66666666666666663        3.9129117887104110E-003
   8.3333333333333321        1.0000000000000000        2.0044788944321233E-002
   8.3333333333333321        1.3333333333333333        2.7900667882721719E-002
   8.3333333333333321        1.6666666666666665        3.6496196626980705E-002
   8.3333333333333321        2.0000000000000000        4.6648099048017165E-002
   8.3333333333333321        2.3333333333333330        6.2157598226188729E-002
   8.3333333333333321        2.6666666666666665        7.2486662051304537E-002
   8.3333333333333321        3.0000000000000000        8.4299042847194861E-002
   8.3333333333333321        3.3333333333333330       0.10202084981476031     
   8.3333333333333321        3.6666666666666665        2.5146657150837956E-002
   8.3333333333333321        4.0000000000000000        2.6960386908797828E-002
   8.3333333333333321        4.3333333333333330        8.7597113836559628E-003
   8.3333333333333321        4.6666666666666661        7.1758484356814348E-003
   8.3333333333333321        5.0000000000000000        6.0012544618169641E-002
   8.3333333333333321        5.3333333333333330        6.2613908911270832E-002
   8.3333333333333321        5.6666666666666661        6.9431188356299398E-002
   8.3333333333333321        6.0000000000000000        6.9978826496942051E-002
   8.3333333333333321        6.3333333333333330        3.0122598950642628E-002
   8.3333333333333321        6.6666666666666661        0.0000000000000000     
   8.3333333333333321        7.0000000000000000        1.3019506119329437E-002
   8.3333333333333321        7.3333333333333330        1.5834283355041265E-002
   8.3333333333333321        7.6666666666666661        1.8364662679733662E-002
   8.3333333333333321        8.0000000000000000        1.7664148607553193E-002
   8.3333333333333321        8.3333333333333321        1.4125062633461775E-002
   8.3333333333333321        8.6666666666666661        4.8770648816124050E-003
   8.3333333333333321        9.0000000000000000        4.8590623633717718E-003
   8.3333333333333321        9.3333333333333321        3.6368438733604576E-003
   8.3333333333333321        9.6666666666666661        1.9117046430852788E-003
   8.3333333333333321        10.000000000000000        0.0000000000000000     
 
   8.6666666666666661        0.0000000000000000        0.0000000000000000     
   8.6666666666666661       0.33333333333333331        2.5826296838554431E-003
   8.6666666666666661       0.66666666666666663        6.2281738345207737E-003
   8.6666666666666661        1.0000000000000000        1.3890424103568709E-002
   8.6666666666666661        1.3333333333333333        2.1150125893596518E-002
   8.6666666666666661        1.6666666666666665        2.9954196814724485E-002
   8.6666666666666661        2.0000000000000000        3.4503388992975371E-002
   8.6666666666666661        2.3333333333333330        4.8880493934788348E-002
   8.6666666666666661        2.6666666666666665        6.3211794343975294E-002
   8.6666666666666661        3.0000000000000000        7.1863548324289567E-002
   8.6666666666666661        3.3333333333333330        0.0000000000000000     
   8.6666666666666661        3.6666666666666665        9.6773051976619708E-003
   8.6666666666666661        4.0000000000000000        1.3669540834131230E-002
   8.6666666666666661        4.3333333333333330        9.6558954764032201E-003
   8.6666666666666661        4.6666666666666661        7.9893398878354525E-003
   8.6666666666666661        5.0000000000000000        4.5064547516117139E-002
   8.6666666666666661        5.3333333333333330        4.7323995059190736E-002
   8.6666666666666661        5.6666666666666661        5.5384079894199384E-002
   8.6666666666666661        6.0000000000000000        5.1668944351004650E-002
   8.6666666666666661        6.3333333333333330        3.1766063834262059E-002
   8.6666666666666661        6.6666666666666661        1.0383272018216398E-002
   8.6666666666666661        7.0000000000000000        1.1231049416682936E-002
   8.6666666666666661        7.3333333333333330        1.1201605780821711E-002
   8.6666666666666661        7.6666666666666661        1.1844447996439245E-002
   8.6666666666666661        8.0000000000000000        6.2523014210951041E-003
   8.6666666666666661        8.3333333333333321        7.6639622442196799E-003
   8.6666666666666661        8.6666666666666661        5.3855917605307186E-003
   8.6666666666666661        9.0000000000000000        1.6806654227541737E-003
   8.6666666666666661        9.3333333333333321        9.7109691974073264E-004
   8.6666666666666661        9.6666666666666661        0.0000000000000000     
   8.6666666666666661        10.000000000000000        0.0000000000000000     
 
   9.0000000000000000        0.0000000000000000        0.0000000000000000     
   9.0000000000000000       0.33333333333333331        2.2363729866740228E-003
   9.0000000000000000       0.66666666666666663        5.1099199567869137E-003
   9.0000000000000000        1.0000000000000000        9.3617823005614619E-003
   9.0000000000000000        1.3333333333333333        1.4604529224089518E-002
   9.0000000000000000        1.6666666666666665        1.8246907800511442E-002
   9.0000000000000000        2.0000000000000000        2.9415946708444909E-002
   9.0000000000000000        2.3333333333333330        3.7766759288064479E-002
   9.0000000000000000        2.6666666666666665        5.9053323042436824E-004
   9.0000000000000000        3.0000000000000000        1.0315627200943472E-003
   9.0000000000000000        3.3333333333333330        4.2564851864401107E-003
   9.0000000000000000        3.6666666666666665        6.5390581938961218E-003
   9.0000000000000000        4.0000000000000000        9.4931375074543880E-003
   9.0000000000000000        4.3333333333333330        9.1332362680756878E-003
   9.0000000000000000        4.6666666666666661        7.8356864320567980E-004
   9.0000000000000000        5.0000000000000000        2.6816941295189543E-002
   9.0000000000000000        5.3333333333333330        2.8385715554099404E-002
   9.0000000000000000        5.6666666666666661        8.8376269130594192E-003
   9.0000000000000000        6.0000000000000000        1.1081107853143413E-002
   9.0000000000000000        6.3333333333333330        1.5086482543782897E-002
   9.0000000000000000        6.6666666666666661        1.0360026266762306E-002
   9.0000000000000000        7.0000000000000000        5.3918820771461460E-003
   9.0000000000000000        7.3333333333333330        6.7812532145554499E-003
   9.0000000000000000        7.6666666666666661        6.8719520662454715E-003
   9.0000000000000000        8.0000000000000000        5.4256618656239415E-003
   9.0000000000000000        8.3333333333333321        5.5664466170059915E-003
   9.0000000000000000        8.6666666666666661        4.1383550310414479E-003
   9.0000000000000000        9.0000000000000000        1.8789341863640163E-003
   9.0000000000000000        9.3333333333333321        1.0949187453818479E-003
   9.0000000000000000        9.6666666666666661        8.6043320356626090E-005
   9.0000000000000000        10.000000000000000        0.0000000000000000     
 
   9.3333333333333321        0.0000000000000000        0.0000000000000000     
   9.3333333333333321       0.33333333333333331        1.4762466173132863E-003
   9.3333333333333321       0.66666666666666663        3.1079721037985905E-003
   9.3333333333333321        1.0000000000000000        4.7101102483934083E-003
   9.3333333333333321        1.3333333333333333        5.3187213278483346E-003
   9.3333333333333321        1.6666666666666665        8.5960928983795613E-003
   9.3333333333333321        2.0000000000000000        9.8606652875436588E-004
   9.3333333333333321        2.3333333333333330        5.5396220491620734E-004
   9.3333333333333321        2.6666666666666665        6.6597138047431591E-004
   9.3333333333333321        3.0000000000000000        1.1552556143738309E-003
   9.3333333333333321        3.3333333333333330        2.3995566555421529E-003
   9.3333333333333321        3.6666666666666665        3.3444987258958690E-003
   9.3333333333333321        4.0000000000000000        0.0000000000000000     
   9.3333333333333321        4.3333333333333330        6.5581631113685904E-004
   9.3333333333333321        4.6666666666666661        8.5362068870647068E-004
   9.3333333333333321        5.0000000000000000        7.7578173372662975E-003
   9.3333333333333321        5.3333333333333330        1.2529724436189200E-002
   9.3333333333333321        5.6666666666666661        9.5048438035898446E-003
   9.3333333333333321        6.0000000000000000        7.8071743736076362E-003
   9.3333333333333321        6.3333333333333330        8.0434894005809790E-003
   9.3333333333333321        6.6666666666666661        6.3477748382095240E-003
   9.3333333333333321        7.0000000000000000        4.4819457265708454E-003
   9.3333333333333321        7.3333333333333330        4.2413259540365544E-003
   9.3333333333333321        7.6666666666666661        4.0256139772154838E-003
   9.3333333333333321        8.0000000000000000        3.5194618924465153E-003
   9.3333333333333321        8.3333333333333321        5.0268309491483085E-004
   9.3333333333333321        8.6666666666666661        5.4766903621814630E-004
   9.3333333333333321        9.0000000000000000        8.0978631495107786E-004
   9.3333333333333321        9.3333333333333321        5.6604744713357460E-004
   9.3333333333333321        9.6666666666666661        1.8323310268314295E-004
   9.3333333333333321        10.000000000000000        0.0000000000000000     
 
   9.6666666666666661        0.0000000000000000        0.0000000000000000     
   9.6666666666666661       0.33333333333333331        7.1244850251548817E-004
   9.6666666666666661       0.66666666666666663        1.4483661808945671E-003
   9.6666666666666661        1.0000000000000000        2.1224899035001562E-003
   9.6666666666666661        1.3333333333333333        2.5453148785187928E-003
   9.6666666666666661        1.6666666666666665        2.9885611484255789E-003
   9.6666666666666661        2.0000000000000000        1.0932067416312078E-003
   9.6666666666666661        2.3333333333333330        5.0865399585338367E-004
   9.6666666666666661        2.6666666666666665        4.4420244627114508E-004
   9.6666666666666661        3.0000000000000000        6.5425040122857379E-004
   9.6666666666666661        3.3333333333333330        1.0915157892938000E-003
   9.6666666666666661        3.6666666666666665        1.4291367206647856E-003
   9.6666666666666661        4.0000000000000000        2.4661061258443107E-004
   9.6666666666666661        4.3333333333333330        5.1348419668649850E-004
   9.6666666666666661        4.6666666666666661        1.1919747595273019E-003
   9.6666666666666661        5.0000000000000000        3.4866523845929818E-003
   9.6666666666666661        5.3333333333333330        5.2279594829108284E-003
   9.6666666666666661        5.6666666666666661        1.5141221228281443E-003
   9.6666666666666661        6.0000000000000000        3.1429249745487399E-003
   9.6666666666666661        6.3333333333333330        3.4787624211948167E-003
   9.6666666666666661        6.6666666666666661        2.9809828455125706E-003
   9.6666666666666661        7.0000000000000000        2.3295160819237076E-003
   9.6666666666666661        7.3333333333333330        2.0553083188244291E-003
   9.6666666666666661        7.6666666666666661        1.8378270092407236E-003
   9.6666666666666661        8.0000000000000000        1.4438595035014645E-003
   9.6666666666666661        8.3333333333333321        5.5974530804497229E-004
   9.6666666666666661        8.6666666666666661        3.5190695001742180E-004
   9.6666666666666661        9.0000000000000000        3.4145378124417127E-004
   9.6666666666666661        9.3333333333333321        2.4523611092912848E-004
   9.6666666666666661        9.6666666666666661        1.0382986751442732E-004
   9.6666666666666661        10.000000000000000        0.0000000000000000     
 
   10.000000000000000        0.0000000000000000        0.0000000000000000     
   10.000000000000000       0.33333333333333331        0.0000000000000000     
   10.000000000000000       0.66666666666666663        0.0000000000000000     
   10.000000000000000        1.0000000000000000        0.0000000000000000     
   10.000000000000000        1.3333333333333333        0.0000000000000000     
   10.000000000000000        1.6666666666666665        0.0000000000000000     
   10.000000000000000        2.0000000000000000        0.0000000000000000     
   10.000000000000000        2.3333333333333330        0.0000000000000000     
   10.000000000000000        2.6666666666666665        0.0000000000000000     
   10.000000000000000        3.0000000000000000        0.0000000000000000     
   10.000000000000000        3.3333333333333330        0.0000000000000000     
   10.000000000000000        3.6666666666666665        0.0000000000000000     
   10.000000000000000        4.0000000000000000        0.0000000000000000     
   10.000000000000000        4.3333333333333330        0.0000000000000000     
   10.000000000000000        4.6666666666666661        0.0000000000000000     
   10.000000000000000        5.0000000000000000        0.0000000000000000     
   10.000000000000000        5.3333333333333330        0.0000000000000000     
   10.000000000000000        5.6666666666666661        0.0000000000000000     
   10.000000000000000        6.0000000000000000        0.0000000000000000     
   10.000000000000000        6.3333333333333330        0.0000000000000000     
   10.000000000000000        6.6666666666666661        0.0000000000000000     
   10.000000000000000        7.0000000000000000        0.0000000000000000     
   10.000000000000000        7.3333333333333330        0.0000000000000000     
   10.000000000000000        7.6666666666666661        0.0000000000000000     
   10.000000000000000        8.0000000000000000        0.0000000000000000     
   10.000000000000000        8.3333333333333321        0.0000000000000000     
   10.000000000000000        8.6666666666666661        0.0000000000000000     
   10.000000000000000        9.0000000000000000        0.0000000000000000     
   10.000000000000000        9.3333333333333321        0.0000000000000000     
   10.000000000000000        9.6666666666666661        0.0000000000000000     
   10.000000000000000        10.000000000000000        0.0000000000000000     
 
