   0.0000000000000000        0.0000000000000000        0.0000000000000000     
   0.0000000000000000       0.33333333333333331        0.0000000000000000     
   0.0000000000000000       0.66666666666666663        0.0000000000000000     
   0.0000000000000000        1.0000000000000000        0.0000000000000000     
   0.0000000000000000        1.3333333333333333        0.0000000000000000     
   0.0000000000000000        1.6666666666666665        0.0000000000000000     
   0.0000000000000000        2.0000000000000000        0.0000000000000000     
   0.0000000000000000        2.3333333333333330        0.0000000000000000     
   0.0000000000000000        2.6666666666666665        0.0000000000000000     
   0.0000000000000000        3.0000000000000000        0.0000000000000000     
   0.0000000000000000        3.3333333333333330        0.0000000000000000     
   0.0000000000000000        3.6666666666666665        0.0000000000000000     
   0.0000000000000000        4.0000000000000000        0.0000000000000000     
   0.0000000000000000        4.3333333333333330        0.0000000000000000     
   0.0000000000000000        4.6666666666666661        0.0000000000000000     
   0.0000000000000000        5.0000000000000000        0.0000000000000000     
   0.0000000000000000        5.3333333333333330        0.0000000000000000     
   0.0000000000000000        5.6666666666666661        0.0000000000000000     
   0.0000000000000000        6.0000000000000000        0.0000000000000000     
   0.0000000000000000        6.3333333333333330        0.0000000000000000     
   0.0000000000000000        6.6666666666666661        0.0000000000000000     
   0.0000000000000000        7.0000000000000000        0.0000000000000000     
   0.0000000000000000        7.3333333333333330        0.0000000000000000     
   0.0000000000000000        7.6666666666666661        0.0000000000000000     
   0.0000000000000000        8.0000000000000000        0.0000000000000000     
   0.0000000000000000        8.3333333333333321        0.0000000000000000     
   0.0000000000000000        8.6666666666666661        0.0000000000000000     
   0.0000000000000000        9.0000000000000000        0.0000000000000000     
   0.0000000000000000        9.3333333333333321        0.0000000000000000     
   0.0000000000000000        9.6666666666666661        0.0000000000000000     
   0.0000000000000000        10.000000000000000        0.0000000000000000     
 
  0.33333333333333331        0.0000000000000000        0.0000000000000000     
  0.33333333333333331       0.33333333333333331        3.3344795058675361E-005
  0.33333333333333331       0.66666666666666663        5.5381302374067744E-005
  0.33333333333333331        1.0000000000000000        5.3365448303069581E-005
  0.33333333333333331        1.3333333333333333        1.1658210263083885E-004
  0.33333333333333331        1.6666666666666665        1.8156315719859576E-004
  0.33333333333333331        2.0000000000000000        3.0007700349340451E-004
  0.33333333333333331        2.3333333333333330        3.9979705620490154E-004
  0.33333333333333331        2.6666666666666665        3.7862821041858511E-004
  0.33333333333333331        3.0000000000000000        8.0851784325595977E-004
  0.33333333333333331        3.3333333333333330        9.1028489111521442E-004
  0.33333333333333331        3.6666666666666665        8.6034087786535280E-004
  0.33333333333333331        4.0000000000000000        8.6526778099379163E-004
  0.33333333333333331        4.3333333333333330        8.9579103787895394E-004
  0.33333333333333331        4.6666666666666661        6.1837771623500829E-004
  0.33333333333333331        5.0000000000000000        1.0696446988237328E-003
  0.33333333333333331        5.3333333333333330        2.7669803969380558E-003
  0.33333333333333331        5.6666666666666661        3.6434972135477323E-003
  0.33333333333333331        6.0000000000000000        4.3514786110433398E-003
  0.33333333333333331        6.3333333333333330        4.8108458513251053E-003
  0.33333333333333331        6.6666666666666661        3.2625443598945343E-003
  0.33333333333333331        7.0000000000000000        5.4318762232944198E-003
  0.33333333333333331        7.3333333333333330        2.3298100473770709E-003
  0.33333333333333331        7.6666666666666661        1.8973326154157538E-003
  0.33333333333333331        8.0000000000000000        1.3593345181107453E-003
  0.33333333333333331        8.3333333333333321        8.4828165856717355E-004
  0.33333333333333331        8.6666666666666661        6.0351152137539689E-004
  0.33333333333333331        9.0000000000000000        4.1756211127406262E-004
  0.33333333333333331        9.3333333333333321        2.1886857940742527E-004
  0.33333333333333331        9.6666666666666661        9.1753510287979542E-005
  0.33333333333333331        10.000000000000000        0.0000000000000000     
 
  0.66666666666666663        0.0000000000000000        0.0000000000000000     
  0.66666666666666663       0.33333333333333331        8.4993529392714268E-005
  0.66666666666666663       0.66666666666666663        1.4654295834713052E-004
  0.66666666666666663        1.0000000000000000        3.0935558065794863E-004
  0.66666666666666663        1.3333333333333333        2.5704977539783456E-004
  0.66666666666666663        1.6666666666666665        3.4850773733406811E-004
  0.66666666666666663        2.0000000000000000        6.8068435951656038E-004
  0.66666666666666663        2.3333333333333330        9.9961599433017888E-004
  0.66666666666666663        2.6666666666666665        2.3269455892786441E-003
  0.66666666666666663        3.0000000000000000        2.0916257943082166E-003
  0.66666666666666663        3.3333333333333330        2.1353333269633307E-003
  0.66666666666666663        3.6666666666666665        1.8242803616686913E-003
  0.66666666666666663        4.0000000000000000        1.8665690622362151E-003
  0.66666666666666663        4.3333333333333330        2.2644277638561813E-003
  0.66666666666666663        4.6666666666666661        0.0000000000000000     
  0.66666666666666663        5.0000000000000000        6.6162655858412354E-003
  0.66666666666666663        5.3333333333333330        6.7871414055752886E-003
  0.66666666666666663        5.6666666666666661        7.9960764190467257E-003
  0.66666666666666663        6.0000000000000000        9.5659122489099493E-003
  0.66666666666666663        6.3333333333333330        1.2278403817746714E-002
  0.66666666666666663        6.6666666666666661        2.0872803694294735E-002
  0.66666666666666663        7.0000000000000000        1.6867254565037314E-002
  0.66666666666666663        7.3333333333333330        3.5918246195384049E-003
  0.66666666666666663        7.6666666666666661        4.2022337448897979E-003
  0.66666666666666663        8.0000000000000000        2.9215448749462234E-003
  0.66666666666666663        8.3333333333333321        1.5836799708052872E-003
  0.66666666666666663        8.6666666666666661        1.2637197108497445E-003
  0.66666666666666663        9.0000000000000000        9.3083134092699466E-004
  0.66666666666666663        9.3333333333333321        4.1121467479082350E-004
  0.66666666666666663        9.6666666666666661        1.6748855703066536E-004
  0.66666666666666663        10.000000000000000        0.0000000000000000     
 
   1.0000000000000000        0.0000000000000000        0.0000000000000000     
   1.0000000000000000       0.33333333333333331        1.7727630720359432E-004
   1.0000000000000000       0.66666666666666663        3.2890204483397302E-004
   1.0000000000000000        1.0000000000000000        4.2713522736009428E-004
   1.0000000000000000        1.3333333333333333        3.0935558065794863E-004
   1.0000000000000000        1.6666666666666665        1.0814672520800001E-003
   1.0000000000000000        2.0000000000000000        1.2115612874582403E-003
   1.0000000000000000        2.3333333333333330        2.1104230800944425E-003
   1.0000000000000000        2.6666666666666665        2.9807778366131668E-003
   1.0000000000000000        3.0000000000000000        3.4611529608484341E-003
   1.0000000000000000        3.3333333333333330        4.0788224659042450E-003
   1.0000000000000000        3.6666666666666665        2.7608034364404832E-003
   1.0000000000000000        4.0000000000000000        2.8528085851617503E-003
   1.0000000000000000        4.3333333333333330        4.4356988779030637E-003
   1.0000000000000000        4.6666666666666661        6.4121697706863313E-003
   1.0000000000000000        5.0000000000000000        7.5369659660440942E-003
   1.0000000000000000        5.3333333333333330        1.0809647554980288E-002
   1.0000000000000000        5.6666666666666661        1.3131781284015501E-002
   1.0000000000000000        6.0000000000000000        1.4930826904893011E-002
   1.0000000000000000        6.3333333333333330        2.4005671596787688E-002
   1.0000000000000000        6.6666666666666661        2.7524338729437336E-002
   1.0000000000000000        7.0000000000000000        2.6450800729747832E-002
   1.0000000000000000        7.3333333333333330        1.9220203394203404E-002
   1.0000000000000000        7.6666666666666661        9.0559717310999561E-003
   1.0000000000000000        8.0000000000000000        5.0224856977133065E-003
   1.0000000000000000        8.3333333333333321        2.7651428660270417E-003
   1.0000000000000000        8.6666666666666661        2.1749139413472381E-003
   1.0000000000000000        9.0000000000000000        1.8117471996512953E-003
   1.0000000000000000        9.3333333333333321        1.6587968991610459E-004
   1.0000000000000000        9.6666666666666661        2.0183227012384998E-004
   1.0000000000000000        10.000000000000000        0.0000000000000000     
 
   1.3333333333333333        0.0000000000000000        0.0000000000000000     
   1.3333333333333333       0.33333333333333331        3.2946279148575658E-004
   1.3333333333333333       0.66666666666666663        6.2838410618461520E-004
   1.3333333333333333        1.0000000000000000        8.4528867225775644E-004
   1.3333333333333333        1.3333333333333333        1.5058487787685377E-003
   1.3333333333333333        1.6666666666666665        1.1745901089426662E-003
   1.3333333333333333        2.0000000000000000        3.7257966867804502E-003
   1.3333333333333333        2.3333333333333330        3.6319992617701944E-003
   1.3333333333333333        2.6666666666666665        4.5383584571889830E-003
   1.3333333333333333        3.0000000000000000        5.2613926888211383E-003
   1.3333333333333333        3.3333333333333330        8.5913667006112804E-003
   1.3333333333333333        3.6666666666666665        1.6622687425423346E-002
   1.3333333333333333        4.0000000000000000        1.0449934518166877E-002
   1.3333333333333333        4.3333333333333330        8.9383821390935855E-003
   1.3333333333333333        4.6666666666666661        1.6947432138533107E-002
   1.3333333333333333        5.0000000000000000        1.7520672119070026E-002
   1.3333333333333333        5.3333333333333330        1.7341174729372324E-002
   1.3333333333333333        5.6666666666666661        2.0546610516060174E-002
   1.3333333333333333        6.0000000000000000        5.0166673949603752E-002
   1.3333333333333333        6.3333333333333330        4.4019849050584876E-002
   1.3333333333333333        6.6666666666666661        4.1951084529158286E-002
   1.3333333333333333        7.0000000000000000        3.8082303758902106E-002
   1.3333333333333333        7.3333333333333330        3.1817110003238482E-002
   1.3333333333333333        7.6666666666666661        3.2766236446441937E-003
   1.3333333333333333        8.0000000000000000        3.8808975569649493E-003
   1.3333333333333333        8.3333333333333321        3.8522145155100549E-003
   1.3333333333333333        8.6666666666666661        3.2570654947114311E-003
   1.3333333333333333        9.0000000000000000        2.6687688748242787E-003
   1.3333333333333333        9.3333333333333321        1.1596223766077785E-003
   1.3333333333333333        9.6666666666666661        5.1491107792164565E-004
   1.3333333333333333        10.000000000000000        0.0000000000000000     
 
   1.6666666666666665        0.0000000000000000        0.0000000000000000     
   1.6666666666666665       0.33333333333333331        5.7217314159318871E-004
   1.6666666666666665       0.66666666666666663        1.1238665038896796E-003
   1.6666666666666665        1.0000000000000000        1.6333059507402661E-003
   1.6666666666666665        1.3333333333333333        2.1207626815850375E-003
   1.6666666666666665        1.6666666666666665        5.0688704652979222E-003
   1.6666666666666665        2.0000000000000000        4.4739345964633168E-003
   1.6666666666666665        2.3333333333333330        4.7780300625109668E-003
   1.6666666666666665        2.6666666666666665        7.0130653356132279E-003
   1.6666666666666665        3.0000000000000000        1.8575607865535419E-002
   1.6666666666666665        3.3333333333333330        1.7608601219778530E-002
   1.6666666666666665        3.6666666666666665        1.8856145476690546E-002
   1.6666666666666665        4.0000000000000000        1.3570075841708440E-002
   1.6666666666666665        4.3333333333333330        1.3330056173794643E-002
   1.6666666666666665        4.6666666666666661        1.9425635024076526E-002
   1.6666666666666665        5.0000000000000000        2.0135824326672144E-002
   1.6666666666666665        5.3333333333333330        2.2779245207729483E-002
   1.6666666666666665        5.6666666666666661        3.3641981574590800E-002
   1.6666666666666665        6.0000000000000000        6.1030934557023027E-002
   1.6666666666666665        6.3333333333333330        6.4245155291189848E-002
   1.6666666666666665        6.6666666666666661        6.2421484850620733E-002
   1.6666666666666665        7.0000000000000000        5.6154590460927065E-002
   1.6666666666666665        7.3333333333333330        4.1779544449133198E-002
   1.6666666666666665        7.6666666666666661        2.7568838562713467E-003
   1.6666666666666665        8.0000000000000000        4.0368101037387433E-003
   1.6666666666666665        8.3333333333333321        6.1485781778003309E-003
   1.6666666666666665        8.6666666666666661        4.8895029617081320E-003
   1.6666666666666665        9.0000000000000000        3.4114495716864356E-003
   1.6666666666666665        9.3333333333333321        2.0197514947273240E-003
   1.6666666666666665        9.6666666666666661        7.9619582600200093E-004
   1.6666666666666665        10.000000000000000        0.0000000000000000     
 
   2.0000000000000000        0.0000000000000000        0.0000000000000000     
   2.0000000000000000       0.33333333333333331        9.3301440814862430E-004
   2.0000000000000000       0.66666666666666663        1.8521902845320762E-003
   2.0000000000000000        1.0000000000000000        2.7190975894145026E-003
   2.0000000000000000        1.3333333333333333        3.5839883788729419E-003
   2.0000000000000000        1.6666666666666665        6.4671847866004670E-003
   2.0000000000000000        2.0000000000000000        5.0688704652979222E-003
   2.0000000000000000        2.3333333333333330        1.1163902412583108E-002
   2.0000000000000000        2.6666666666666665        1.2771299553467187E-002
   2.0000000000000000        3.0000000000000000        2.1831081927058595E-002
   2.0000000000000000        3.3333333333333330        2.6552682685069252E-002
   2.0000000000000000        3.6666666666666665        2.9952737912241293E-002
   2.0000000000000000        4.0000000000000000        5.1023145242448338E-002
   2.0000000000000000        4.3333333333333330        5.0255897059081824E-002
   2.0000000000000000        4.6666666666666661        2.9906364644875491E-002
   2.0000000000000000        5.0000000000000000        2.3506940500328293E-002
   2.0000000000000000        5.3333333333333330        0.0000000000000000     
   2.0000000000000000        5.6666666666666661       0.15369299011996559     
   2.0000000000000000        6.0000000000000000       0.10108731047878934     
   2.0000000000000000        6.3333333333333330        9.4876856117494870E-002
   2.0000000000000000        6.6666666666666661        9.2717501280656506E-002
   2.0000000000000000        7.0000000000000000        8.7471588388495308E-002
   2.0000000000000000        7.3333333333333330        1.6349277657335651E-003
   2.0000000000000000        7.6666666666666661        1.9915296935813353E-003
   2.0000000000000000        8.0000000000000000        2.2567148110013847E-002
   2.0000000000000000        8.3333333333333321        1.2719807866446926E-002
   2.0000000000000000        8.6666666666666661        7.5017027379076827E-003
   2.0000000000000000        9.0000000000000000        4.6367641561800149E-003
   2.0000000000000000        9.3333333333333321        3.0662746036955297E-003
   2.0000000000000000        9.6666666666666661        5.6094890662569002E-004
   2.0000000000000000        10.000000000000000        0.0000000000000000     
 
   2.3333333333333330        0.0000000000000000        0.0000000000000000     
   2.3333333333333330       0.33333333333333331        1.4559927186373819E-003
   2.3333333333333330       0.66666666666666663        2.9237504151886332E-003
   2.3333333333333330        1.0000000000000000        4.2290853928259103E-003
   2.3333333333333330        1.3333333333333333        1.2479826145132548E-002
   2.3333333333333330        1.6666666666666665        1.3067646124641121E-002
   2.3333333333333330        2.0000000000000000        2.9368732374054258E-002
   2.3333333333333330        2.3333333333333330        3.7711846704456743E-002
   2.3333333333333330        2.6666666666666665        3.7501211803562848E-002
   2.3333333333333330        3.0000000000000000        3.1921935379778117E-002
   2.3333333333333330        3.3333333333333330        3.9649538177961491E-002
   2.3333333333333330        3.6666666666666665        4.7539749572519004E-002
   2.3333333333333330        4.0000000000000000        5.6265804026271009E-002
   2.3333333333333330        4.3333333333333330        7.5431722384830008E-002
   2.3333333333333330        4.6666666666666661       0.16044312914076023     
   2.3333333333333330        5.0000000000000000       0.21201092205546337     
   2.3333333333333330        5.3333333333333330       0.23447811615773162     
   2.3333333333333330        5.6666666666666661       0.21324278855331116     
   2.3333333333333330        6.0000000000000000       0.16390721662554411     
   2.3333333333333330        6.3333333333333330       0.12800159259824911     
   2.3333333333333330        6.6666666666666661       0.13265584483522630     
   2.3333333333333330        7.0000000000000000       0.12007549926694534     
   2.3333333333333330        7.3333333333333330       0.12430333961628980     
   2.3333333333333330        7.6666666666666661        6.9317849435246867E-002
   2.3333333333333330        8.0000000000000000        3.4912364915807473E-002
   2.3333333333333330        8.3333333333333321        1.6247325312107121E-002
   2.3333333333333330        8.6666666666666661        8.8228358622908856E-003
   2.3333333333333330        9.0000000000000000        5.2988745500692639E-003
   2.3333333333333330        9.3333333333333321        3.0613633914040790E-003
   2.3333333333333330        9.6666666666666661        1.2238289569791721E-003
   2.3333333333333330        10.000000000000000        0.0000000000000000     
 
   2.6666666666666665        0.0000000000000000        0.0000000000000000     
   2.6666666666666665       0.33333333333333331        2.1819865963326637E-003
   2.6666666666666665       0.66666666666666663        4.5801941973314881E-003
   2.6666666666666665        1.0000000000000000        7.6395613829280517E-003
   2.6666666666666665        1.3333333333333333        1.3452293347357216E-002
   2.6666666666666665        1.6666666666666665        2.1826874853492662E-002
   2.6666666666666665        2.0000000000000000        3.2459787867633712E-002
   2.6666666666666665        2.3333333333333330        4.1360710565260701E-002
   2.6666666666666665        2.6666666666666665        4.6602763633016138E-002
   2.6666666666666665        3.0000000000000000        6.4777093260365237E-002
   2.6666666666666665        3.3333333333333330        5.6199704807079386E-002
   2.6666666666666665        3.6666666666666665        6.8411678845491652E-002
   2.6666666666666665        4.0000000000000000       0.11726503821701252     
   2.6666666666666665        4.3333333333333330       0.12589541779025756     
   2.6666666666666665        4.6666666666666661       0.16975544236905835     
   2.6666666666666665        5.0000000000000000       0.22061285611614356     
   2.6666666666666665        5.3333333333333330       0.26241644451464285     
   2.6666666666666665        5.6666666666666661       0.25824721786310095     
   2.6666666666666665        6.0000000000000000       0.20754319908607652     
   2.6666666666666665        6.3333333333333330       0.24303330188783287     
   2.6666666666666665        6.6666666666666661       0.19712825855014671     
   2.6666666666666665        7.0000000000000000       0.14757916367056173     
   2.6666666666666665        7.3333333333333330       0.13345506951868913     
   2.6666666666666665        7.6666666666666661       0.10940866839223093     
   2.6666666666666665        8.0000000000000000        9.0686847414205712E-003
   2.6666666666666665        8.3333333333333321        1.0442409301095015E-002
   2.6666666666666665        8.6666666666666661        7.4619063219197677E-003
   2.6666666666666665        9.0000000000000000        5.4979650705752987E-003
   2.6666666666666665        9.3333333333333321        3.1696488081695462E-003
   2.6666666666666665        9.6666666666666661        1.4865050882318911E-003
   2.6666666666666665        10.000000000000000        0.0000000000000000     
 
   3.0000000000000000        0.0000000000000000        0.0000000000000000     
   3.0000000000000000       0.33333333333333331        2.9915162826601189E-003
   3.0000000000000000       0.66666666666666663        6.1855593643888691E-003
   3.0000000000000000        1.0000000000000000        9.2650293850477239E-003
   3.0000000000000000        1.3333333333333333        2.6959578888069800E-002
   3.0000000000000000        1.6666666666666665        3.0594218305734843E-002
   3.0000000000000000        2.0000000000000000        4.0361880253623993E-002
   3.0000000000000000        2.3333333333333330        5.2260742063682426E-002
   3.0000000000000000        2.6666666666666665        6.4722903416719643E-002
   3.0000000000000000        3.0000000000000000        7.7795117924215021E-002
   3.0000000000000000        3.3333333333333330       0.11635158985266982     
   3.0000000000000000        3.6666666666666665       0.10598524201831871     
   3.0000000000000000        4.0000000000000000       0.13990300733664349     
   3.0000000000000000        4.3333333333333330       0.14923786019398561     
   3.0000000000000000        4.6666666666666661       0.18052541355690413     
   3.0000000000000000        5.0000000000000000       0.24565787305457598     
   3.0000000000000000        5.3333333333333330       0.34176321669678450     
   3.0000000000000000        5.6666666666666661       0.35504191252455974     
   3.0000000000000000        6.0000000000000000       0.37553057748811980     
   3.0000000000000000        6.3333333333333330       0.29541767441384670     
   3.0000000000000000        6.6666666666666661       0.27220547575769177     
   3.0000000000000000        7.0000000000000000       0.19465291169066912     
   3.0000000000000000        7.3333333333333330       0.16096421733518446     
   3.0000000000000000        7.6666666666666661       0.13310118608678265     
   3.0000000000000000        8.0000000000000000        8.7668722660765155E-002
   3.0000000000000000        8.3333333333333321        5.2692434311300473E-003
   3.0000000000000000        8.6666666666666661        6.2142492454146762E-003
   3.0000000000000000        9.0000000000000000        6.9445731028039085E-003
   3.0000000000000000        9.3333333333333321        3.4730140054127262E-003
   3.0000000000000000        9.6666666666666661        1.8098191412522667E-003
   3.0000000000000000        10.000000000000000        0.0000000000000000     
 
   3.3333333333333330        0.0000000000000000        0.0000000000000000     
   3.3333333333333330       0.33333333333333331        3.9843888953613928E-003
   3.3333333333333330       0.66666666666666663        8.6763055528412784E-003
   3.3333333333333330        1.0000000000000000        1.5075175051400028E-002
   3.3333333333333330        1.3333333333333333        2.5979700286812679E-002
   3.3333333333333330        1.6666666666666665        3.6051687106295631E-002
   3.3333333333333330        2.0000000000000000        4.9453465958707490E-002
   3.3333333333333330        2.3333333333333330        6.6370426340119845E-002
   3.3333333333333330        2.6666666666666665        8.6326991299609829E-002
   3.3333333333333330        3.0000000000000000       0.10828873352012780     
   3.3333333333333330        3.3333333333333330       0.13170141706299715     
   3.3333333333333330        3.6666666666666665       0.13806322227976905     
   3.3333333333333330        4.0000000000000000       0.16525334777391743     
   3.3333333333333330        4.3333333333333330       0.15927024444818830     
   3.3333333333333330        4.6666666666666661       0.16558754658800501     
   3.3333333333333330        5.0000000000000000       0.58193364399144087     
   3.3333333333333330        5.3333333333333330       0.50508003110711253     
   3.3333333333333330        5.6666666666666661       0.46569791282354855     
   3.3333333333333330        6.0000000000000000       0.45615573020719902     
   3.3333333333333330        6.3333333333333330       0.39938893452086749     
   3.3333333333333330        6.6666666666666661       0.32903569033180857     
   3.3333333333333330        7.0000000000000000       0.23612887166797342     
   3.3333333333333330        7.3333333333333330       0.19087688662908275     
   3.3333333333333330        7.6666666666666661       0.13713833583082047     
   3.3333333333333330        8.0000000000000000        9.5404375035624059E-002
   3.3333333333333330        8.3333333333333321        3.6993804073364188E-002
   3.3333333333333330        8.6666666666666661        1.5454086227341920E-002
   3.3333333333333330        9.0000000000000000        1.0225350799087783E-002
   3.3333333333333330        9.3333333333333321        5.6980100572741766E-003
   3.3333333333333330        9.6666666666666661        2.5800650793705447E-003
   3.3333333333333330        10.000000000000000        0.0000000000000000     
 
   3.6666666666666665        0.0000000000000000        0.0000000000000000     
   3.6666666666666665       0.33333333333333331        4.7532755091656050E-003
   3.6666666666666665       0.66666666666666663        1.0459700231345169E-002
   3.6666666666666665        1.0000000000000000        1.7974657345349844E-002
   3.6666666666666665        1.3333333333333333        2.8286235071379600E-002
   3.6666666666666665        1.6666666666666665        4.1178607347788221E-002
   3.6666666666666665        2.0000000000000000        5.8534127403254407E-002
   3.6666666666666665        2.3333333333333330        8.1354107473592147E-002
   3.6666666666666665        2.6666666666666665       0.11010652010641396     
   3.6666666666666665        3.0000000000000000       0.14168914794014234     
   3.6666666666666665        3.3333333333333330       0.16866080909529876     
   3.6666666666666665        3.6666666666666665       0.18117903245202177     
   3.6666666666666665        4.0000000000000000       0.17870928685517801     
   3.6666666666666665        4.3333333333333330       0.16525334777391743     
   3.6666666666666665        4.6666666666666661       0.72042907276599477     
   3.6666666666666665        5.0000000000000000       0.64698061199278889     
   3.6666666666666665        5.3333333333333330       0.62237788883840039     
   3.6666666666666665        5.6666666666666661       0.54061995605018132     
   3.6666666666666665        6.0000000000000000       0.52219476745156812     
   3.6666666666666665        6.3333333333333330       0.46790081940910944     
   3.6666666666666665        6.6666666666666661       0.41037174129283172     
   3.6666666666666665        7.0000000000000000       0.28926887850137878     
   3.6666666666666665        7.3333333333333330       0.23679212275251030     
   3.6666666666666665        7.6666666666666661        6.2580273743678833E-002
   3.6666666666666665        8.0000000000000000        6.8814661055739940E-002
   3.6666666666666665        8.3333333333333321        4.1382815839464154E-002
   3.6666666666666665        8.6666666666666661        2.2774378885828585E-002
   3.6666666666666665        9.0000000000000000        1.4274778278878998E-002
   3.6666666666666665        9.3333333333333321        7.3759571946290983E-003
   3.6666666666666665        9.6666666666666661        3.2169997509687658E-003
   3.6666666666666665        10.000000000000000        0.0000000000000000     
 
   4.0000000000000000        0.0000000000000000        0.0000000000000000     
   4.0000000000000000       0.33333333333333331        5.1260849088884449E-003
   4.0000000000000000       0.66666666666666663        1.1594006654751731E-002
   4.0000000000000000        1.0000000000000000        1.9897363725868880E-002
   4.0000000000000000        1.3333333333333333        3.0539113574175526E-002
   4.0000000000000000        1.6666666666666665        4.4967565932635935E-002
   4.0000000000000000        2.0000000000000000        6.5766993612466282E-002
   4.0000000000000000        2.3333333333333330        9.4339808818758669E-002
   4.0000000000000000        2.6666666666666665       0.13504750030630816     
   4.0000000000000000        3.0000000000000000       0.18352193418954990     
   4.0000000000000000        3.3333333333333330       0.22372101670451522     
   4.0000000000000000        3.6666666666666665       0.24329667276513103     
   4.0000000000000000        4.0000000000000000       0.20905478082579387     
   4.0000000000000000        4.3333333333333330       0.80549292341187506     
   4.0000000000000000        4.6666666666666661       0.77468157053407427     
   4.0000000000000000        5.0000000000000000       0.84886721063666837     
   4.0000000000000000        5.3333333333333330       0.77835948939020061     
   4.0000000000000000        5.6666666666666661       0.70153759349920131     
   4.0000000000000000        6.0000000000000000       0.61321167317040870     
   4.0000000000000000        6.3333333333333330       0.53269982811968697     
   4.0000000000000000        6.6666666666666661       0.43129377537442043     
   4.0000000000000000        7.0000000000000000       0.34595051218563239     
   4.0000000000000000        7.3333333333333330       0.18628888253980583     
   4.0000000000000000        7.6666666666666661        9.8638088915141045E-002
   4.0000000000000000        8.0000000000000000        8.2000262244706135E-002
   4.0000000000000000        8.3333333333333321        4.9990433852058959E-002
   4.0000000000000000        8.6666666666666661        2.4062046222938328E-002
   4.0000000000000000        9.0000000000000000        1.8615820339738260E-002
   4.0000000000000000        9.3333333333333321        6.3466150323912519E-003
   4.0000000000000000        9.6666666666666661        3.3931589486234236E-003
   4.0000000000000000        10.000000000000000        0.0000000000000000     
 
   4.3333333333333330        0.0000000000000000        0.0000000000000000     
   4.3333333333333330       0.33333333333333331        4.7488207877007674E-003
   4.3333333333333330       0.66666666666666663        1.2159302568329203E-002
   4.3333333333333330        1.0000000000000000        2.1467019681269048E-002
   4.3333333333333330        1.3333333333333333        3.1659778076893533E-002
   4.3333333333333330        1.6666666666666665        4.5618499670073850E-002
   4.3333333333333330        2.0000000000000000        6.8905390878341785E-002
   4.3333333333333330        2.3333333333333330        9.9062213604614327E-002
   4.3333333333333330        2.6666666666666665       0.15578118337292488     
   4.3333333333333330        3.0000000000000000       0.23634339726812290     
   4.3333333333333330        3.3333333333333330       0.30096666406533090     
   4.3333333333333330        3.6666666666666665       0.36039766057220274     
   4.3333333333333330        4.0000000000000000       0.77881822627554276     
   4.3333333333333330        4.3333333333333330       0.80777292153275693     
   4.3333333333333330        4.6666666666666661       0.89540665739859981     
   4.3333333333333330        5.0000000000000000       0.87365891950429730     
   4.3333333333333330        5.3333333333333330       0.82663850819907692     
   4.3333333333333330        5.6666666666666661       0.76021644540916100     
   4.3333333333333330        6.0000000000000000       0.67597816075689787     
   4.3333333333333330        6.3333333333333330       0.60536906601091900     
   4.3333333333333330        6.6666666666666661       0.41506666065737124     
   4.3333333333333330        7.0000000000000000       0.31763900205379259     
   4.3333333333333330        7.3333333333333330       0.19228349337474226     
   4.3333333333333330        7.6666666666666661       0.12156351445544127     
   4.3333333333333330        8.0000000000000000        8.4702244146617742E-002
   4.3333333333333330        8.3333333333333321        5.4759240340592777E-002
   4.3333333333333330        8.6666666666666661        3.2294192484228629E-002
   4.3333333333333330        9.0000000000000000        1.9821383738987640E-002
   4.3333333333333330        9.3333333333333321        1.0171508541639045E-002
   4.3333333333333330        9.6666666666666661        4.4930949351195629E-003
   4.3333333333333330        10.000000000000000        0.0000000000000000     
 
   4.6666666666666661        0.0000000000000000        0.0000000000000000     
   4.6666666666666661       0.33333333333333331        2.2588472334915764E-003
   4.6666666666666661       0.66666666666666663        2.1769628868821767E-002
   4.6666666666666661        1.0000000000000000        2.4335107627472381E-002
   4.6666666666666661        1.3333333333333333        3.1822152264103551E-002
   4.6666666666666661        1.6666666666666665        4.0269014053133982E-002
   4.6666666666666661        2.0000000000000000        7.1002028545496504E-002
   4.6666666666666661        2.3333333333333330        8.1133782725664336E-002
   4.6666666666666661        2.6666666666666665       0.30468190022588754     
   4.6666666666666661        3.0000000000000000       0.30635739951964358     
   4.6666666666666661        3.3333333333333330       0.38148953632042298     
   4.6666666666666661        3.6666666666666665       0.53152996207819536     
   4.6666666666666661        4.0000000000000000       0.71765436107674530     
   4.6666666666666661        4.3333333333333330       0.80569435934694400     
   4.6666666666666661        4.6666666666666661       0.86620680258035188     
   4.6666666666666661        5.0000000000000000       0.87490592548552304     
   4.6666666666666661        5.3333333333333330       0.85073607855669620     
   4.6666666666666661        5.6666666666666661       0.80032523269254274     
   4.6666666666666661        6.0000000000000000       0.69792244321930574     
   4.6666666666666661        6.3333333333333330       0.58751673052884268     
   4.6666666666666661        6.6666666666666661       0.50721121309243800     
   4.6666666666666661        7.0000000000000000       0.14127257657468748     
   4.6666666666666661        7.3333333333333330       0.14857686196122244     
   4.6666666666666661        7.6666666666666661       0.11659766126315127     
   4.6666666666666661        8.0000000000000000        8.6224190629516806E-002
   4.6666666666666661        8.3333333333333321        5.6709512495780087E-002
   4.6666666666666661        8.6666666666666661        3.3823020395569253E-002
   4.6666666666666661        9.0000000000000000        2.0506259610363810E-002
   4.6666666666666661        9.3333333333333321        1.1315993486033371E-002
   4.6666666666666661        9.6666666666666661        5.0126335660700327E-003
   4.6666666666666661        10.000000000000000        0.0000000000000000     
 
   5.0000000000000000        0.0000000000000000        0.0000000000000000     
   5.0000000000000000       0.33333333333333331        2.3048181706804335E-003
   5.0000000000000000       0.66666666666666663        1.9166775341051510E-002
   5.0000000000000000        1.0000000000000000        2.4876170329813846E-002
   5.0000000000000000        1.3333333333333333        3.4027072530692197E-002
   5.0000000000000000        1.6666666666666665        4.6761892817355460E-002
   5.0000000000000000        2.0000000000000000        6.5498464959754060E-002
   5.0000000000000000        2.3333333333333330        7.7850882415031200E-002
   5.0000000000000000        2.6666666666666665       0.29840830934329665     
   5.0000000000000000        3.0000000000000000       0.30326930254298168     
   5.0000000000000000        3.3333333333333330       0.67363776975291312     
   5.0000000000000000        3.6666666666666665       0.65090768796812448     
   5.0000000000000000        4.0000000000000000       0.72550923242821475     
   5.0000000000000000        4.3333333333333330       0.79386987856763291     
   5.0000000000000000        4.6666666666666661       0.84220208160164922     
   5.0000000000000000        5.0000000000000000       0.86007990837584780     
   5.0000000000000000        5.3333333333333330       0.85423774910345185     
   5.0000000000000000        5.6666666666666661       0.85105066714138622     
   5.0000000000000000        6.0000000000000000       0.52260298072871803     
   5.0000000000000000        6.3333333333333330       0.52090888717912942     
   5.0000000000000000        6.6666666666666661       0.32856558340979464     
   5.0000000000000000        7.0000000000000000       0.18398196659467042     
   5.0000000000000000        7.3333333333333330       0.15060347843285518     
   5.0000000000000000        7.6666666666666661       0.11633479627870305     
   5.0000000000000000        8.0000000000000000        9.2691066534256475E-002
   5.0000000000000000        8.3333333333333321        3.5661021201572968E-002
   5.0000000000000000        8.6666666666666661        2.9161175590709111E-002
   5.0000000000000000        9.0000000000000000        1.9407186213657873E-002
   5.0000000000000000        9.3333333333333321        1.0990279998513965E-002
   5.0000000000000000        9.6666666666666661        4.9062263425513489E-003
   5.0000000000000000        10.000000000000000        0.0000000000000000     
 
   5.3333333333333330        0.0000000000000000        0.0000000000000000     
   5.3333333333333330       0.33333333333333331        4.9426276333884673E-003
   5.3333333333333330       0.66666666666666663        1.5646359835546960E-002
   5.3333333333333330        1.0000000000000000        2.4598221901999489E-002
   5.3333333333333330        1.3333333333333333        3.5808083515338963E-002
   5.3333333333333330        1.6666666666666665        5.1004422128623744E-002
   5.3333333333333330        2.0000000000000000        7.0812600035068021E-002
   5.3333333333333330        2.3333333333333330        9.1562456638582812E-002
   5.3333333333333330        2.6666666666666665       0.26484050163479617     
   5.3333333333333330        3.0000000000000000       0.30809191243570894     
   5.3333333333333330        3.3333333333333330       0.60349085528103419     
   5.3333333333333330        3.6666666666666665       0.65095090305111147     
   5.3333333333333330        4.0000000000000000       0.71059244939082511     
   5.3333333333333330        4.3333333333333330       0.76540381283181247     
   5.3333333333333330        4.6666666666666661       0.80492803071451935     
   5.3333333333333330        5.0000000000000000       0.82168161533618411     
   5.3333333333333330        5.3333333333333330       0.80749211696093237     
   5.3333333333333330        5.6666666666666661       0.56312214868847332     
   5.3333333333333330        6.0000000000000000       0.51258497494758959     
   5.3333333333333330        6.3333333333333330       0.44037963127553681     
   5.3333333333333330        6.6666666666666661       0.33062591078364478     
   5.3333333333333330        7.0000000000000000       0.22334771194331535     
   5.3333333333333330        7.3333333333333330       0.15993816995936982     
   5.3333333333333330        7.6666666666666661       0.11183786328710980     
   5.3333333333333330        8.0000000000000000        8.1596754474241806E-002
   5.3333333333333330        8.3333333333333321        4.5842554700245987E-002
   5.3333333333333330        8.6666666666666661        3.0917413120486618E-002
   5.3333333333333330        9.0000000000000000        1.9259844379127720E-002
   5.3333333333333330        9.3333333333333321        9.7300903538065885E-003
   5.3333333333333330        9.6666666666666661        4.2795709322914748E-003
   5.3333333333333330        10.000000000000000        0.0000000000000000     
 
   5.6666666666666661        0.0000000000000000        0.0000000000000000     
   5.6666666666666661       0.33333333333333331        2.4086425311494034E-003
   5.6666666666666661       0.66666666666666663        5.2581192302495238E-003
   5.6666666666666661        1.0000000000000000        2.3247352204434080E-002
   5.6666666666666661        1.3333333333333333        3.6802269488804003E-002
   5.6666666666666661        1.6666666666666665        5.4505400440664327E-002
   5.6666666666666661        2.0000000000000000        7.9626699667527390E-002
   5.6666666666666661        2.3333333333333330       0.13065357181864337     
   5.6666666666666661        2.6666666666666665       0.22515615468960684     
   5.6666666666666661        3.0000000000000000       0.35856918846285452     
   5.6666666666666661        3.3333333333333330       0.54159626521040749     
   5.6666666666666661        3.6666666666666665       0.61919400384426937     
   5.6666666666666661        4.0000000000000000       0.67434970466566657     
   5.6666666666666661        4.3333333333333330       0.71917486336473990     
   5.6666666666666661        4.6666666666666661       0.75130124159801592     
   5.6666666666666661        5.0000000000000000       0.77137521351478022     
   5.6666666666666661        5.3333333333333330       0.70404787200071406     
   5.6666666666666661        5.6666666666666661       0.59678300793082550     
   5.6666666666666661        6.0000000000000000       0.39554741458366860     
   5.6666666666666661        6.3333333333333330       0.39079689236615056     
   5.6666666666666661        6.6666666666666661       0.23497802193388315     
   5.6666666666666661        7.0000000000000000       0.15603777940591626     
   5.6666666666666661        7.3333333333333330        9.9643753711801064E-002
   5.6666666666666661        7.6666666666666661        9.5593110617153906E-002
   5.6666666666666661        8.0000000000000000        4.3831933513960704E-002
   5.6666666666666661        8.3333333333333321        3.9358949991663686E-002
   5.6666666666666661        8.6666666666666661        3.2705749348288855E-002
   5.6666666666666661        9.0000000000000000        4.8797908077484482E-003
   5.6666666666666661        9.3333333333333321        5.6534307563359332E-003
   5.6666666666666661        9.6666666666666661        3.0699695304992475E-003
   5.6666666666666661        10.000000000000000        0.0000000000000000     
 
   6.0000000000000000        0.0000000000000000        0.0000000000000000     
   6.0000000000000000       0.33333333333333331        2.5924005181262610E-003
   6.0000000000000000       0.66666666666666663        5.9872777828327128E-003
   6.0000000000000000        1.0000000000000000        1.1947951572436073E-002
   6.0000000000000000        1.3333333333333333        0.0000000000000000     
   6.0000000000000000        1.6666666666666665        6.1816034126143275E-002
   6.0000000000000000        2.0000000000000000        6.7073349975366639E-002
   6.0000000000000000        2.3333333333333330       0.11766754181655339     
   6.0000000000000000        2.6666666666666665       0.14994119737966302     
   6.0000000000000000        3.0000000000000000       0.58196416883690671     
   6.0000000000000000        3.3333333333333330       0.57554646500897033     
   6.0000000000000000        3.6666666666666665       0.59451955417571112     
   6.0000000000000000        4.0000000000000000       0.62721014880922399     
   6.0000000000000000        4.3333333333333330       0.65850855741907821     
   6.0000000000000000        4.6666666666666661       0.67732945110458276     
   6.0000000000000000        5.0000000000000000       0.59878733058747358     
   6.0000000000000000        5.3333333333333330       0.60890587746757174     
   6.0000000000000000        5.6666666666666661       0.50185469956378959     
   6.0000000000000000        6.0000000000000000       0.39620577542223973     
   6.0000000000000000        6.3333333333333330       0.33274950506068196     
   6.0000000000000000        6.6666666666666661       0.23889480976839222     
   6.0000000000000000        7.0000000000000000       0.16165854761561321     
   6.0000000000000000        7.3333333333333330       0.10957154321506340     
   6.0000000000000000        7.6666666666666661        8.1195123195989038E-002
   6.0000000000000000        8.0000000000000000        5.2553076719703030E-002
   6.0000000000000000        8.3333333333333321        3.9039960111084460E-002
   6.0000000000000000        8.6666666666666661        3.1424224784514114E-002
   6.0000000000000000        9.0000000000000000        8.6427795942742528E-003
   6.0000000000000000        9.3333333333333321        5.7578703075009414E-003
   6.0000000000000000        9.6666666666666661        2.8002006389068078E-003
   6.0000000000000000        10.000000000000000        0.0000000000000000     
 
   6.3333333333333330        0.0000000000000000        0.0000000000000000     
   6.3333333333333330       0.33333333333333331        2.3196413885607082E-003
   6.3333333333333330       0.66666666666666663        4.9110898036609646E-003
   6.3333333333333330        1.0000000000000000        7.9383003288107760E-003
   6.3333333333333330        1.3333333333333333        2.1913940436120997E-002
   6.3333333333333330        1.6666666666666665        5.0072003870748429E-002
   6.3333333333333330        2.0000000000000000        6.4859474933451039E-002
   6.3333333333333330        2.3333333333333330        9.1334818313030253E-002
   6.3333333333333330        2.6666666666666665       0.11241774692665764     
   6.3333333333333330        3.0000000000000000       0.11621264260042206     
   6.3333333333333330        3.3333333333333330       0.54912861840905081     
   6.3333333333333330        3.6666666666666665       0.54498381813253749     
   6.3333333333333330        4.0000000000000000       0.56612582171384518     
   6.3333333333333330        4.3333333333333330       0.59057659677710916     
   6.3333333333333330        4.6666666666666661       0.59923676227939449     
   6.3333333333333330        5.0000000000000000       0.56983155516276829     
   6.3333333333333330        5.3333333333333330       0.38183264918389426     
   6.3333333333333330        5.6666666666666661       0.39186307716841662     
   6.3333333333333330        6.0000000000000000       0.34936480143754223     
   6.3333333333333330        6.3333333333333330       0.30372160303807072     
   6.3333333333333330        6.6666666666666661       0.22893789385763880     
   6.3333333333333330        7.0000000000000000       0.14689776429131343     
   6.3333333333333330        7.3333333333333330       0.10114794975994019     
   6.3333333333333330        7.6666666666666661        7.2287305306420455E-002
   6.3333333333333330        8.0000000000000000        5.0591165178413083E-002
   6.3333333333333330        8.3333333333333321        3.6723499369693623E-002
   6.3333333333333330        8.6666666666666661        2.5992480090129021E-002
   6.3333333333333330        9.0000000000000000        1.2751326615622205E-002
   6.3333333333333330        9.3333333333333321        6.7820985410252136E-003
   6.3333333333333330        9.6666666666666661        2.7974252768883617E-003
   6.3333333333333330        10.000000000000000        0.0000000000000000     
 
   6.6666666666666661        0.0000000000000000        0.0000000000000000     
   6.6666666666666661       0.33333333333333331        2.1017311023056500E-003
   6.6666666666666661       0.66666666666666663        4.0590451039547969E-003
   6.6666666666666661        1.0000000000000000        1.7822704208225033E-002
   6.6666666666666661        1.3333333333333333        2.4857905711946165E-002
   6.6666666666666661        1.6666666666666665        4.0005233356233093E-002
   6.6666666666666661        2.0000000000000000        5.6187903339566504E-002
   6.6666666666666661        2.3333333333333330        7.6299513370839164E-002
   6.6666666666666661        2.6666666666666665       0.10219054268874582     
   6.6666666666666661        3.0000000000000000       0.12464256870151941     
   6.6666666666666661        3.3333333333333330       0.35280855477450007     
   6.6666666666666661        3.6666666666666665       0.46397365135639373     
   6.6666666666666661        4.0000000000000000       0.49246643774986237     
   6.6666666666666661        4.3333333333333330       0.52573660478183815     
   6.6666666666666661        4.6666666666666661       0.54406544236033960     
   6.6666666666666661        5.0000000000000000       0.49701403873303746     
   6.6666666666666661        5.3333333333333330       0.36808420186865554     
   6.6666666666666661        5.6666666666666661       0.32915728559620894     
   6.6666666666666661        6.0000000000000000       0.30311468867008518     
   6.6666666666666661        6.3333333333333330       0.13347394477554808     
   6.6666666666666661        6.6666666666666661        9.6965918943947987E-002
   6.6666666666666661        7.0000000000000000       0.10041999454324631     
   6.6666666666666661        7.3333333333333330        8.0881248318839957E-002
   6.6666666666666661        7.6666666666666661        6.1061630785721938E-002
   6.6666666666666661        8.0000000000000000        4.5076209974319152E-002
   6.6666666666666661        8.3333333333333321        3.4934770736236270E-002
   6.6666666666666661        8.6666666666666661        1.2472804056717468E-002
   6.6666666666666661        9.0000000000000000        1.1244930574556404E-002
   6.6666666666666661        9.3333333333333321        3.6167179061078053E-003
   6.6666666666666661        9.6666666666666661        2.0291766734339490E-003
   6.6666666666666661        10.000000000000000        0.0000000000000000     
 
   7.0000000000000000        0.0000000000000000        0.0000000000000000     
   7.0000000000000000       0.33333333333333331        2.3438716993969206E-003
   7.0000000000000000       0.66666666666666663        5.7595784300297692E-003
   7.0000000000000000        1.0000000000000000        1.3167787947590711E-002
   7.0000000000000000        1.3333333333333333        2.2742959832375096E-002
   7.0000000000000000        1.6666666666666665        3.3033747104182033E-002
   7.0000000000000000        2.0000000000000000        4.8606432621501154E-002
   7.0000000000000000        2.3333333333333330        6.1335008725865704E-002
   7.0000000000000000        2.6666666666666665       0.12981975604215196     
   7.0000000000000000        3.0000000000000000       0.16334169894753867     
   7.0000000000000000        3.3333333333333330       0.24490535286142917     
   7.0000000000000000        3.6666666666666665       0.34071711674636718     
   7.0000000000000000        4.0000000000000000       0.41032357322301083     
   7.0000000000000000        4.3333333333333330       0.46896527495016394     
   7.0000000000000000        4.6666666666666661       0.10976969279244082     
   7.0000000000000000        5.0000000000000000       0.21860826317140847     
   7.0000000000000000        5.3333333333333330       0.26144230814628427     
   7.0000000000000000        5.6666666666666661       0.25213200097128069     
   7.0000000000000000        6.0000000000000000       0.23056927620595830     
   7.0000000000000000        6.3333333333333330       0.13885107766802321     
   7.0000000000000000        6.6666666666666661        9.8910199247919092E-002
   7.0000000000000000        7.0000000000000000        8.2056949991502065E-002
   7.0000000000000000        7.3333333333333330        6.5851830492674165E-002
   7.0000000000000000        7.6666666666666661        5.0566671495428657E-002
   7.0000000000000000        8.0000000000000000        3.7737773056477214E-002
   7.0000000000000000        8.3333333333333321        2.6533746566721524E-002
   7.0000000000000000        8.6666666666666661        1.5430649605222817E-002
   7.0000000000000000        9.0000000000000000        1.0086886424830887E-002
   7.0000000000000000        9.3333333333333321        5.7853433296070770E-003
   7.0000000000000000        9.6666666666666661        6.9903761040556291E-004
   7.0000000000000000        10.000000000000000        0.0000000000000000     
 
   7.3333333333333330        0.0000000000000000        0.0000000000000000     
   7.3333333333333330       0.33333333333333331        1.8727317142087803E-003
   7.3333333333333330       0.66666666666666663        4.3093044546886686E-003
   7.3333333333333330        1.0000000000000000        8.1402100366336442E-003
   7.3333333333333330        1.3333333333333333        1.9705591642662348E-002
   7.3333333333333330        1.6666666666666665        2.4496007059613856E-002
   7.3333333333333330        2.0000000000000000        4.8195350656744400E-002
   7.3333333333333330        2.3333333333333330        6.4507480451279409E-002
   7.3333333333333330        2.6666666666666665       0.10375625261542182     
   7.3333333333333330        3.0000000000000000       0.16156082952434039     
   7.3333333333333330        3.3333333333333330       0.22508899434712776     
   7.3333333333333330        3.6666666666666665       0.27616946283652466     
   7.3333333333333330        4.0000000000000000       0.34071711674636718     
   7.3333333333333330        4.3333333333333330       0.10976969279244082     
   7.3333333333333330        4.6666666666666661       0.11618822258137253     
   7.3333333333333330        5.0000000000000000       0.17961736576617332     
   7.3333333333333330        5.3333333333333330       0.20883473032693847     
   7.3333333333333330        5.6666666666666661       0.18922634413773259     
   7.3333333333333330        6.0000000000000000        8.8641906793087921E-002
   7.3333333333333330        6.3333333333333330        9.7170781981501489E-002
   7.3333333333333330        6.6666666666666661        8.3003426568276598E-002
   7.3333333333333330        7.0000000000000000        6.8163579857674683E-002
   7.3333333333333330        7.3333333333333330        5.4667745944192526E-002
   7.3333333333333330        7.6666666666666661        4.1852621957984032E-002
   7.3333333333333330        8.0000000000000000        3.2397603924948316E-002
   7.3333333333333330        8.3333333333333321        2.0911370907769539E-002
   7.3333333333333330        8.6666666666666661        1.4588782683757974E-002
   7.3333333333333330        9.0000000000000000        9.2997708143189584E-003
   7.3333333333333330        9.3333333333333321        4.5291183789908738E-003
   7.3333333333333330        9.6666666666666661        1.5150406115060321E-003
   7.3333333333333330        10.000000000000000        0.0000000000000000     
 
   7.6666666666666661        0.0000000000000000        0.0000000000000000     
   7.6666666666666661       0.33333333333333331        1.1363074148872628E-003
   7.6666666666666661       0.66666666666666663        2.1273999166560439E-003
   7.6666666666666661        1.0000000000000000        1.5296200557364260E-002
   7.6666666666666661        1.3333333333333333        1.7764687447233692E-002
   7.6666666666666661        1.6666666666666665        2.3948572513943618E-002
   7.6666666666666661        2.0000000000000000        3.6684896121274624E-002
   7.6666666666666661        2.3333333333333330        5.0217224430313845E-002
   7.6666666666666661        2.6666666666666665        6.5763361660940239E-002
   7.6666666666666661        3.0000000000000000        5.1446246269778020E-002
   7.6666666666666661        3.3333333333333330       0.14129655236806477     
   7.6666666666666661        3.6666666666666665       0.20486684489040249     
   7.6666666666666661        4.0000000000000000        1.9913571658498809E-002
   7.6666666666666661        4.3333333333333330        5.3707829133580069E-002
   7.6666666666666661        4.6666666666666661        7.1410251726871335E-002
   7.6666666666666661        5.0000000000000000        3.6305539959348813E-002
   7.6666666666666661        5.3333333333333330       0.10520467711203413     
   7.6666666666666661        5.6666666666666661       0.11043781277303319     
   7.6666666666666661        6.0000000000000000        8.5472695374154598E-002
   7.6666666666666661        6.3333333333333330        8.3460812252501085E-002
   7.6666666666666661        6.6666666666666661        7.3049616512330065E-002
   7.6666666666666661        7.0000000000000000        5.7941676739738705E-002
   7.6666666666666661        7.3333333333333330        4.7323522433508229E-002
   7.6666666666666661        7.6666666666666661        3.3644655845856998E-002
   7.6666666666666661        8.0000000000000000        1.0503360442154839E-002
   7.6666666666666661        8.3333333333333321        1.2546430771403695E-002
   7.6666666666666661        8.6666666666666661        3.7445559420531457E-003
   7.6666666666666661        9.0000000000000000        2.0577972435988200E-003
   7.6666666666666661        9.3333333333333321        2.2051778408713908E-003
   7.6666666666666661        9.6666666666666661        1.0753331209916773E-003
   7.6666666666666661        10.000000000000000        0.0000000000000000     
 
   8.0000000000000000        0.0000000000000000        0.0000000000000000     
   8.0000000000000000       0.33333333333333331        7.3857062516060733E-004
   8.0000000000000000       0.66666666666666663        1.2914362513271466E-003
   8.0000000000000000        1.0000000000000000        1.2639353166090942E-002
   8.0000000000000000        1.3333333333333333        1.4758296557539219E-002
   8.0000000000000000        1.6666666666666665        1.9996195459243214E-002
   8.0000000000000000        2.0000000000000000        2.8451848052815098E-002
   8.0000000000000000        2.3333333333333330        3.8782026146278334E-002
   8.0000000000000000        2.6666666666666665        4.8871643141203326E-002
   8.0000000000000000        3.0000000000000000        5.6995633794585665E-002
   8.0000000000000000        3.3333333333333330        8.5197826835786292E-002
   8.0000000000000000        3.6666666666666665        1.9913571658498809E-002
   8.0000000000000000        4.0000000000000000        2.2505448301695836E-002
   8.0000000000000000        4.3333333333333330        4.0555948070445193E-002
   8.0000000000000000        4.6666666666666661        4.9374164194948604E-002
   8.0000000000000000        5.0000000000000000        4.0639204897980286E-002
   8.0000000000000000        5.3333333333333330        5.0536749057346030E-002
   8.0000000000000000        5.6666666666666661        6.6542652040396777E-002
   8.0000000000000000        6.0000000000000000        6.4395067709123621E-002
   8.0000000000000000        6.3333333333333330        0.0000000000000000     
   8.0000000000000000        6.6666666666666661        4.3246122050502149E-002
   8.0000000000000000        7.0000000000000000        4.8135985220328234E-002
   8.0000000000000000        7.3333333333333330        1.0244351001139785E-002
   8.0000000000000000        7.6666666666666661        1.5081764822445814E-002
   8.0000000000000000        8.0000000000000000        9.9348102817694468E-003
   8.0000000000000000        8.3333333333333321        7.8819250970641828E-003
   8.0000000000000000        8.6666666666666661        4.3978200121409863E-003
   8.0000000000000000        9.0000000000000000        2.2806661391450689E-003
   8.0000000000000000        9.3333333333333321        1.5310895560728928E-003
   8.0000000000000000        9.6666666666666661        7.6631080341117176E-004
   8.0000000000000000        10.000000000000000        0.0000000000000000     
 
   8.3333333333333321        0.0000000000000000        0.0000000000000000     
   8.3333333333333321       0.33333333333333331        6.6309459444093726E-004
   8.3333333333333321       0.66666666666666663        1.2447536260950238E-003
   8.3333333333333321        1.0000000000000000        7.2468079746842032E-003
   8.3333333333333321        1.3333333333333333        1.0924566789741054E-002
   8.3333333333333321        1.6666666666666665        1.5609018078050048E-002
   8.3333333333333321        2.0000000000000000        2.1849467701715277E-002
   8.3333333333333321        2.3333333333333330        3.1889526973662187E-002
   8.3333333333333321        2.6666666666666665        3.8920738040787647E-002
   8.3333333333333321        3.0000000000000000        4.7989753810227589E-002
   8.3333333333333321        3.3333333333333330        6.3686591313965757E-002
   8.3333333333333321        3.6666666666666665        1.0736116658104724E-002
   8.3333333333333321        4.0000000000000000        1.2318488880171750E-002
   8.3333333333333321        4.3333333333333330        2.7065818155057654E-003
   8.3333333333333321        4.6666666666666661        1.9496857018528021E-003
   8.3333333333333321        5.0000000000000000        3.4943908546382525E-002
   8.3333333333333321        5.3333333333333330        3.8504083594650011E-002
   8.3333333333333321        5.6666666666666661        4.5067734596806464E-002
   8.3333333333333321        6.0000000000000000        4.5605010638911765E-002
   8.3333333333333321        6.3333333333333330        1.5437028138850915E-002
   8.3333333333333321        6.6666666666666661        0.0000000000000000     
   8.3333333333333321        7.0000000000000000        5.1204852686226867E-003
   8.3333333333333321        7.3333333333333330        6.7688950012764725E-003
   8.3333333333333321        7.6666666666666661        8.2913479211706199E-003
   8.3333333333333321        8.0000000000000000        7.6346631210446316E-003
   8.3333333333333321        8.3333333333333321        5.7881597245774408E-003
   8.3333333333333321        8.6666666666666661        1.4851193599634920E-003
   8.3333333333333321        9.0000000000000000        1.5403325095879165E-003
   8.3333333333333321        9.3333333333333321        1.1500546141842275E-003
   8.3333333333333321        9.6666666666666661        6.0000740958749538E-004
   8.3333333333333321        10.000000000000000        0.0000000000000000     
 
   8.6666666666666661        0.0000000000000000        0.0000000000000000     
   8.6666666666666661       0.33333333333333331        7.9932025206626387E-004
   8.6666666666666661       0.66666666666666663        2.0212138956234855E-003
   8.6666666666666661        1.0000000000000000        4.8314597379933155E-003
   8.6666666666666661        1.3333333333333333        7.8527619411551067E-003
   8.6666666666666661        1.6666666666666665        1.1983457551385376E-002
   8.6666666666666661        2.0000000000000000        1.4394978125103290E-002
   8.6666666666666661        2.3333333333333330        2.1879322015189169E-002
   8.6666666666666661        2.6666666666666665        3.1410550775534223E-002
   8.6666666666666661        3.0000000000000000        3.7443309058318858E-002
   8.6666666666666661        3.3333333333333330        0.0000000000000000     
   8.6666666666666661        3.6666666666666665        3.5058447836371076E-003
   8.6666666666666661        4.0000000000000000        5.3884103756042766E-003
   8.6666666666666661        4.3333333333333330        3.2213807703564651E-003
   8.6666666666666661        4.6666666666666661        2.3548956972148645E-003
   8.6666666666666661        5.0000000000000000        2.4212134319056170E-002
   8.6666666666666661        5.3333333333333330        2.6999390115087320E-002
   8.6666666666666661        5.6666666666666661        3.3328889312039624E-002
   8.6666666666666661        6.0000000000000000        3.1097667466354735E-002
   8.6666666666666661        6.3333333333333330        1.7322780987619139E-002
   8.6666666666666661        6.6666666666666661        4.0455047841990062E-003
   8.6666666666666661        7.0000000000000000        4.2904483837098327E-003
   8.6666666666666661        7.3333333333333330        4.4112153965757787E-003
   8.6666666666666661        7.6666666666666661        4.8237524542918140E-003
   8.6666666666666661        8.0000000000000000        2.0792938896776023E-003
   8.6666666666666661        8.3333333333333321        2.7355155698278980E-003
   8.6666666666666661        8.6666666666666661        1.7223023439861629E-003
   8.6666666666666661        9.0000000000000000        4.2114191661328108E-004
   8.6666666666666661        9.3333333333333321        2.1770118695771325E-004
   8.6666666666666661        9.6666666666666661        0.0000000000000000     
   8.6666666666666661        10.000000000000000        0.0000000000000000     
 
   9.0000000000000000        0.0000000000000000        0.0000000000000000     
   9.0000000000000000       0.33333333333333331        6.7111750030237564E-004
   9.0000000000000000       0.66666666666666663        1.5944459774042399E-003
   9.0000000000000000        1.0000000000000000        3.0748807848773613E-003
   9.0000000000000000        1.3333333333333333        5.0075061457677495E-003
   9.0000000000000000        1.6666666666666665        6.6540170876853216E-003
   9.0000000000000000        2.0000000000000000        1.1552888086477399E-002
   9.0000000000000000        2.3333333333333330        1.5496999975366479E-002
   9.0000000000000000        2.6666666666666665        1.3210055601660565E-004
   9.0000000000000000        3.0000000000000000        2.5530263278986527E-004
   9.0000000000000000        3.3333333333333330        1.3399592419622035E-003
   9.0000000000000000        3.6666666666666665        2.2129373299882571E-003
   9.0000000000000000        4.0000000000000000        3.3458064004381737E-003
   9.0000000000000000        4.3333333333333330        3.0106403717668120E-003
   9.0000000000000000        4.6666666666666661        2.6532046391554149E-004
   9.0000000000000000        5.0000000000000000        1.3061583731182642E-002
   9.0000000000000000        5.3333333333333330        1.4768156373270074E-002
   9.0000000000000000        5.6666666666666661        3.5367891387622242E-003
   9.0000000000000000        6.0000000000000000        5.0170908595817106E-003
   9.0000000000000000        6.3333333333333330        7.3577327318946088E-003
   9.0000000000000000        6.6666666666666661        4.4542424572002999E-003
   9.0000000000000000        7.0000000000000000        1.8807662435885830E-003
   9.0000000000000000        7.3333333333333330        2.4635784510425463E-003
   9.0000000000000000        7.6666666666666661        2.5088632987765869E-003
   9.0000000000000000        8.0000000000000000        1.8047669027627567E-003
   9.0000000000000000        8.3333333333333321        1.8245335888112859E-003
   9.0000000000000000        8.6666666666666661        1.2714372112708310E-003
   9.0000000000000000        9.0000000000000000        5.1474878653161207E-004
   9.0000000000000000        9.3333333333333321        2.6925484899918792E-004
   9.0000000000000000        9.6666666666666661        1.8732190838291719E-005
   9.0000000000000000        10.000000000000000        0.0000000000000000     
 
   9.3333333333333321        0.0000000000000000        0.0000000000000000     
   9.3333333333333321       0.33333333333333331        4.2655774133671965E-004
   9.3333333333333321       0.66666666666666663        9.2382776333168140E-004
   9.3333333333333321        1.0000000000000000        1.4463710557932458E-003
   9.3333333333333321        1.3333333333333333        1.6832283613853547E-003
   9.3333333333333321        1.6666666666666665        2.9181386332872402E-003
   9.3333333333333321        2.0000000000000000        2.6517833397736001E-004
   9.3333333333333321        2.3333333333333330        1.3391926476703856E-004
   9.3333333333333321        2.6666666666666665        1.6345670778756567E-004
   9.3333333333333321        3.0000000000000000        3.1221189732902267E-004
   9.3333333333333321        3.3333333333333330        7.2013875804368191E-004
   9.3333333333333321        3.6666666666666665        1.0542229098413560E-003
   9.3333333333333321        4.0000000000000000        0.0000000000000000     
   9.3333333333333321        4.3333333333333330        2.3523459971918766E-004
   9.3333333333333321        4.6666666666666661        3.1446737961738551E-004
   9.3333333333333321        5.0000000000000000        3.5299754760370235E-003
   9.3333333333333321        5.3333333333333330        6.0042146644302694E-003
   9.3333333333333321        5.6666666666666661        4.1037439899290736E-003
   9.3333333333333321        6.0000000000000000        3.3776209449826091E-003
   9.3333333333333321        6.3333333333333330        3.5751730652364955E-003
   9.3333333333333321        6.6666666666666661        2.6108592260758526E-003
   9.3333333333333321        7.0000000000000000        1.6322872105993141E-003
   9.3333333333333321        7.3333333333333330        1.4751183669602043E-003
   9.3333333333333321        7.6666666666666661        1.3690305840102354E-003
   9.3333333333333321        8.0000000000000000        1.1375876121843655E-003
   9.3333333333333321        8.3333333333333321        1.3149010744989466E-004
   9.3333333333333321        8.6666666666666661        1.3192905947798800E-004
   9.3333333333333321        9.0000000000000000        2.0504746672187204E-004
   9.3333333333333321        9.3333333333333321        1.3564431852826624E-004
   9.3333333333333321        9.6666666666666661        4.1988188065155495E-005
   9.3333333333333321        10.000000000000000        0.0000000000000000     
 
   9.6666666666666661        0.0000000000000000        0.0000000000000000     
   9.6666666666666661       0.33333333333333331        2.0006650563074611E-004
   9.6666666666666661       0.66666666666666663        4.1622767196261573E-004
   9.6666666666666661        1.0000000000000000        6.2805010172642677E-004
   9.6666666666666661        1.3333333333333333        7.7832552407713928E-004
   9.6666666666666661        1.6666666666666665        9.5844837426110744E-004
   9.6666666666666661        2.0000000000000000        3.2310854891064758E-004
   9.6666666666666661        2.3333333333333330        1.3498995387491527E-004
   9.6666666666666661        2.6666666666666665        1.1229571448561147E-004
   9.6666666666666661        3.0000000000000000        1.7561652997744444E-004
   9.6666666666666661        3.3333333333333330        3.1516914929788944E-004
   9.6666666666666661        3.6666666666666665        4.2844919013734810E-004
   9.6666666666666661        4.0000000000000000        9.0933197948557317E-005
   9.6666666666666661        4.3333333333333330        1.9759562769516208E-004
   9.6666666666666661        4.6666666666666661        4.9703700617087943E-004
   9.6666666666666661        5.0000000000000000        1.5526404783398427E-003
   9.6666666666666661        5.3333333333333330        2.4076086947169141E-003
   9.6666666666666661        5.6666666666666661        6.0739278633440709E-004
   9.6666666666666661        6.0000000000000000        1.3116231434772013E-003
   9.6666666666666661        6.3333333333333330        1.4619619117465048E-003
   9.6666666666666661        6.6666666666666661        1.1816245591246845E-003
   9.6666666666666661        7.0000000000000000        8.4166527632156569E-004
   9.6666666666666661        7.3333333333333330        6.9798325498285157E-004
   9.6666666666666661        7.6666666666666661        6.0193845912547234E-004
   9.6666666666666661        8.0000000000000000        4.5309008812755122E-004
   9.6666666666666661        8.3333333333333321        1.6015228075077492E-004
   9.6666666666666661        8.6666666666666661        8.8870581542440988E-005
   9.6666666666666661        9.0000000000000000        8.3082810375847646E-005
   9.6666666666666661        9.3333333333333321        5.7216805264127415E-005
   9.6666666666666661        9.6666666666666661        2.3415302916982054E-005
   9.6666666666666661        10.000000000000000        0.0000000000000000     
 
   10.000000000000000        0.0000000000000000        0.0000000000000000     
   10.000000000000000       0.33333333333333331        0.0000000000000000     
   10.000000000000000       0.66666666666666663        0.0000000000000000     
   10.000000000000000        1.0000000000000000        0.0000000000000000     
   10.000000000000000        1.3333333333333333        0.0000000000000000     
   10.000000000000000        1.6666666666666665        0.0000000000000000     
   10.000000000000000        2.0000000000000000        0.0000000000000000     
   10.000000000000000        2.3333333333333330        0.0000000000000000     
   10.000000000000000        2.6666666666666665        0.0000000000000000     
   10.000000000000000        3.0000000000000000        0.0000000000000000     
   10.000000000000000        3.3333333333333330        0.0000000000000000     
   10.000000000000000        3.6666666666666665        0.0000000000000000     
   10.000000000000000        4.0000000000000000        0.0000000000000000     
   10.000000000000000        4.3333333333333330        0.0000000000000000     
   10.000000000000000        4.6666666666666661        0.0000000000000000     
   10.000000000000000        5.0000000000000000        0.0000000000000000     
   10.000000000000000        5.3333333333333330        0.0000000000000000     
   10.000000000000000        5.6666666666666661        0.0000000000000000     
   10.000000000000000        6.0000000000000000        0.0000000000000000     
   10.000000000000000        6.3333333333333330        0.0000000000000000     
   10.000000000000000        6.6666666666666661        0.0000000000000000     
   10.000000000000000        7.0000000000000000        0.0000000000000000     
   10.000000000000000        7.3333333333333330        0.0000000000000000     
   10.000000000000000        7.6666666666666661        0.0000000000000000     
   10.000000000000000        8.0000000000000000        0.0000000000000000     
   10.000000000000000        8.3333333333333321        0.0000000000000000     
   10.000000000000000        8.6666666666666661        0.0000000000000000     
   10.000000000000000        9.0000000000000000        0.0000000000000000     
   10.000000000000000        9.3333333333333321        0.0000000000000000     
   10.000000000000000        9.6666666666666661        0.0000000000000000     
   10.000000000000000        10.000000000000000        0.0000000000000000     
 
