   0.0000000000000000        0.0000000000000000        0.0000000000000000     
   0.0000000000000000       0.33333333333333331        0.0000000000000000     
   0.0000000000000000       0.66666666666666663        0.0000000000000000     
   0.0000000000000000        1.0000000000000000        0.0000000000000000     
   0.0000000000000000        1.3333333333333333        0.0000000000000000     
   0.0000000000000000        1.6666666666666665        0.0000000000000000     
   0.0000000000000000        2.0000000000000000        0.0000000000000000     
   0.0000000000000000        2.3333333333333330        0.0000000000000000     
   0.0000000000000000        2.6666666666666665        0.0000000000000000     
   0.0000000000000000        3.0000000000000000        0.0000000000000000     
   0.0000000000000000        3.3333333333333330        0.0000000000000000     
   0.0000000000000000        3.6666666666666665        0.0000000000000000     
   0.0000000000000000        4.0000000000000000        0.0000000000000000     
   0.0000000000000000        4.3333333333333330        0.0000000000000000     
   0.0000000000000000        4.6666666666666661        0.0000000000000000     
   0.0000000000000000        5.0000000000000000        0.0000000000000000     
   0.0000000000000000        5.3333333333333330        0.0000000000000000     
   0.0000000000000000        5.6666666666666661        0.0000000000000000     
   0.0000000000000000        6.0000000000000000        0.0000000000000000     
   0.0000000000000000        6.3333333333333330        0.0000000000000000     
   0.0000000000000000        6.6666666666666661        0.0000000000000000     
   0.0000000000000000        7.0000000000000000        0.0000000000000000     
   0.0000000000000000        7.3333333333333330        0.0000000000000000     
   0.0000000000000000        7.6666666666666661        0.0000000000000000     
   0.0000000000000000        8.0000000000000000        0.0000000000000000     
   0.0000000000000000        8.3333333333333321        0.0000000000000000     
   0.0000000000000000        8.6666666666666661        0.0000000000000000     
   0.0000000000000000        9.0000000000000000        0.0000000000000000     
   0.0000000000000000        9.3333333333333321        0.0000000000000000     
   0.0000000000000000        9.6666666666666661        0.0000000000000000     
   0.0000000000000000        10.000000000000000        0.0000000000000000     
 
  0.33333333333333331        0.0000000000000000        0.0000000000000000     
  0.33333333333333331       0.33333333333333331        2.6086247462023872E-004
  0.33333333333333331       0.66666666666666663        4.4709745108046777E-004
  0.33333333333333331        1.0000000000000000        4.9269836869530765E-004
  0.33333333333333331        1.3333333333333333        1.0566962340772339E-003
  0.33333333333333331        1.6666666666666665        1.5543909397733138E-003
  0.33333333333333331        2.0000000000000000        2.3379340609394994E-003
  0.33333333333333331        2.3333333333333330        2.8491513702328572E-003
  0.33333333333333331        2.6666666666666665        2.4965127609842099E-003
  0.33333333333333331        3.0000000000000000        4.7508587420249312E-003
  0.33333333333333331        3.3333333333333330        5.2137836488173710E-003
  0.33333333333333331        3.6666666666666665        5.1152019423843162E-003
  0.33333333333333331        4.0000000000000000        5.1861912023335932E-003
  0.33333333333333331        4.3333333333333330        5.1376021952974542E-003
  0.33333333333333331        4.6666666666666661        3.2149396582102758E-003
  0.33333333333333331        5.0000000000000000        4.6196615674290896E-003
  0.33333333333333331        5.3333333333333330        1.0777586367676671E-002
  0.33333333333333331        5.6666666666666661        1.2809783776538226E-002
  0.33333333333333331        6.0000000000000000        1.3857855319596438E-002
  0.33333333333333331        6.3333333333333330        1.4107424802815013E-002
  0.33333333333333331        6.6666666666666661        9.7326040847019873E-003
  0.33333333333333331        7.0000000000000000        1.5253228109854279E-002
  0.33333333333333331        7.3333333333333330        7.4238613869433570E-003
  0.33333333333333331        7.6666666666666661        7.1541670203001655E-003
  0.33333333333333331        8.0000000000000000        5.7951911165078874E-003
  0.33333333333333331        8.3333333333333321        4.1759550419776404E-003
  0.33333333333333331        8.6666666666666661        3.3985047362837953E-003
  0.33333333333333331        9.0000000000000000        2.5677091312665771E-003
  0.33333333333333331        9.3333333333333321        1.4565172444729426E-003
  0.33333333333333331        9.6666666666666661        6.4437486979652210E-004
  0.33333333333333331        10.000000000000000        0.0000000000000000     
 
  0.66666666666666663        0.0000000000000000        0.0000000000000000     
  0.66666666666666663       0.33333333333333331        6.0882155907026594E-004
  0.66666666666666663       0.66666666666666663        1.0566254012048357E-003
  0.66666666666666663        1.0000000000000000        2.5467644306938503E-003
  0.66666666666666663        1.3333333333333333        2.2345320015754802E-003
  0.66666666666666663        1.6666666666666665        2.9017409424120359E-003
  0.66666666666666663        2.0000000000000000        5.0616693017528878E-003
  0.66666666666666663        2.3333333333333330        6.6942139885243232E-003
  0.66666666666666663        2.6666666666666665        1.3456599023322764E-002
  0.66666666666666663        3.0000000000000000        1.1489358794084775E-002
  0.66666666666666663        3.3333333333333330        1.1199814177556350E-002
  0.66666666666666663        3.6666666666666665        1.0268808239068531E-002
  0.66666666666666663        4.0000000000000000        1.0700201498741239E-002
  0.66666666666666663        4.3333333333333330        1.2347423391657220E-002
  0.66666666666666663        4.6666666666666661        0.0000000000000000     
  0.66666666666666663        5.0000000000000000        2.8788162886233242E-002
  0.66666666666666663        5.3333333333333330        2.5960189826416548E-002
  0.66666666666666663        5.6666666666666661        2.6897401227597411E-002
  0.66666666666666663        6.0000000000000000        2.8789161251510913E-002
  0.66666666666666663        6.3333333333333330        3.3082582744114235E-002
  0.66666666666666663        6.6666666666666661        5.4194327482934991E-002
  0.66666666666666663        7.0000000000000000        4.4082611763328741E-002
  0.66666666666666663        7.3333333333333330        1.5172554734811149E-002
  0.66666666666666663        7.6666666666666661        1.5564016806881827E-002
  0.66666666666666663        8.0000000000000000        1.2006256079301383E-002
  0.66666666666666663        8.3333333333333321        7.6389790875800870E-003
  0.66666666666666663        8.6666666666666661        6.9682465671364931E-003
  0.66666666666666663        9.0000000000000000        5.5108409607837585E-003
  0.66666666666666663        9.3333333333333321        2.6705165834426184E-003
  0.66666666666666663        9.6666666666666661        1.1467579066810002E-003
  0.66666666666666663        10.000000000000000        0.0000000000000000     
 
   1.0000000000000000        0.0000000000000000        0.0000000000000000     
   1.0000000000000000       0.33333333333333331        1.1455841978697215E-003
   1.0000000000000000       0.66666666666666663        2.1624865973273186E-003
   1.0000000000000000        1.0000000000000000        2.9854715586178590E-003
   1.0000000000000000        1.3333333333333333        2.5467644306938503E-003
   1.0000000000000000        1.6666666666666665        8.5220981807182343E-003
   1.0000000000000000        2.0000000000000000        8.5533047725731264E-003
   1.0000000000000000        2.3333333333333330        1.2472785974150151E-002
   1.0000000000000000        2.6666666666666665        1.5976067861890247E-002
   1.0000000000000000        3.0000000000000000        1.7007409788761498E-002
   1.0000000000000000        3.3333333333333330        1.8258759110678910E-002
   1.0000000000000000        3.6666666666666665        1.4465486084025956E-002
   1.0000000000000000        4.0000000000000000        1.5417316377153321E-002
   1.0000000000000000        4.3333333333333330        2.1668129249083755E-002
   1.0000000000000000        4.6666666666666661        3.1447419124217606E-002
   1.0000000000000000        5.0000000000000000        3.2447990042248402E-002
   1.0000000000000000        5.3333333333333330        3.8046450958789731E-002
   1.0000000000000000        5.6666666666666661        4.0626166230388477E-002
   1.0000000000000000        6.0000000000000000        4.1854875047448337E-002
   1.0000000000000000        6.3333333333333330        5.6859933914386339E-002
   1.0000000000000000        6.6666666666666661        6.5010601857582007E-002
   1.0000000000000000        7.0000000000000000        6.3376884907712441E-002
   1.0000000000000000        7.3333333333333330        5.0475336970701709E-002
   1.0000000000000000        7.6666666666666661        2.8282668338052559E-002
   1.0000000000000000        8.0000000000000000        1.9342251622096254E-002
   1.0000000000000000        8.3333333333333321        1.4288269754613237E-002
   1.0000000000000000        8.6666666666666661        1.1565721661840897E-002
   1.0000000000000000        9.0000000000000000        1.0037659887094454E-002
   1.0000000000000000        9.3333333333333321        1.2642419600427861E-003
   1.0000000000000000        9.6666666666666661        1.3174949769035494E-003
   1.0000000000000000        10.000000000000000        0.0000000000000000     
 
   1.3333333333333333        0.0000000000000000        0.0000000000000000     
   1.3333333333333333       0.33333333333333331        1.8604388325502452E-003
   1.3333333333333333       0.66666666666666663        3.5570144813442794E-003
   1.3333333333333333        1.0000000000000000        4.8223562032746001E-003
   1.3333333333333333        1.3333333333333333        9.7234909174311410E-003
   1.3333333333333333        1.6666666666666665        8.9082272887373477E-003
   1.3333333333333333        2.0000000000000000        2.0258888226712513E-002
   1.3333333333333333        2.3333333333333330        1.9189864757139359E-002
   1.3333333333333333        2.6666666666666665        2.1596700547704125E-002
   1.3333333333333333        3.0000000000000000        2.2938777438517861E-002
   1.3333333333333333        3.3333333333333330        3.0998768382547840E-002
   1.3333333333333333        3.6666666666666665        5.6282419551792119E-002
   1.3333333333333333        4.0000000000000000        4.3309720577506969E-002
   1.3333333333333333        4.3333333333333330        3.7993751074376268E-002
   1.3333333333333333        4.6666666666666661        6.2365012611113137E-002
   1.3333333333333333        5.0000000000000000        5.8499136475505378E-002
   1.3333333333333333        5.3333333333333330        5.4069661567173244E-002
   1.3333333333333333        5.6666666666666661        5.6538745165363093E-002
   1.3333333333333333        6.0000000000000000        9.7707104909660905E-002
   1.3333333333333333        6.3333333333333330        8.8178151400864949E-002
   1.3333333333333333        6.6666666666666661        8.6343200940853626E-002
   1.3333333333333333        7.0000000000000000        8.1754327707940277E-002
   1.3333333333333333        7.3333333333333330        7.3365782255465958E-002
   1.3333333333333333        7.6666666666666661        1.7614092330569202E-002
   1.3333333333333333        8.0000000000000000        1.8226742712899504E-002
   1.3333333333333333        8.3333333333333321        1.7497527632923497E-002
   1.3333333333333333        8.6666666666666661        1.5367398765018952E-002
   1.3333333333333333        9.0000000000000000        1.3390397194601401E-002
   1.3333333333333333        9.3333333333333321        6.2403296771065793E-003
   1.3333333333333333        9.6666666666666661        2.9098970561089984E-003
   1.3333333333333333        10.000000000000000        0.0000000000000000     
 
   1.6666666666666665        0.0000000000000000        0.0000000000000000     
   1.6666666666666665       0.33333333333333331        2.8127993454453958E-003
   1.6666666666666665       0.66666666666666663        5.5246521469522252E-003
   1.6666666666666665        1.0000000000000000        8.1193380364614140E-003
   1.6666666666666665        1.3333333333333333        1.0970227545345020E-002
   1.6666666666666665        1.6666666666666665        2.2942975580982104E-002
   1.6666666666666665        2.0000000000000000        2.2125337733555565E-002
   1.6666666666666665        2.3333333333333330        2.3177463957118605E-002
   1.6666666666666665        2.6666666666666665        2.9069496661749829E-002
   1.6666666666666665        3.0000000000000000        5.5773819883051509E-002
   1.6666666666666665        3.3333333333333330        5.2704863826535039E-002
   1.6666666666666665        3.6666666666666665        5.7760902097434175E-002
   1.6666666666666665        4.0000000000000000        4.9952060571477566E-002
   1.6666666666666665        4.3333333333333330        5.0184518192000822E-002
   1.6666666666666665        4.6666666666666661        6.4006309676383072E-002
   1.6666666666666665        5.0000000000000000        6.4285921149340508E-002
   1.6666666666666665        5.3333333333333330        6.4355654913152135E-002
   1.6666666666666665        5.6666666666666661        7.5952141368047482E-002
   1.6666666666666665        6.0000000000000000       0.10796472895999826     
   1.6666666666666665        6.3333333333333330       0.11249938136840626     
   1.6666666666666665        6.6666666666666661       0.11113635836047317     
   1.6666666666666665        7.0000000000000000       0.10466158860578753     
   1.6666666666666665        7.3333333333333330        8.8636879611280112E-002
   1.6666666666666665        7.6666666666666661        1.6855068746602392E-002
   1.6666666666666665        8.0000000000000000        1.9033376423442869E-002
   1.6666666666666665        8.3333333333333321        2.2656123882796739E-002
   1.6666666666666665        8.6666666666666661        1.9507402256574869E-002
   1.6666666666666665        9.0000000000000000        1.5209816135202897E-002
   1.6666666666666665        9.3333333333333321        9.7838181531198897E-003
   1.6666666666666665        9.6666666666666661        4.1843322260192474E-003
   1.6666666666666665        10.000000000000000        0.0000000000000000     
 
   2.0000000000000000        0.0000000000000000        0.0000000000000000     
   2.0000000000000000       0.33333333333333331        3.9668223281865587E-003
   2.0000000000000000       0.66666666666666663        7.8089798442740419E-003
   2.0000000000000000        1.0000000000000000        1.1459606136145906E-002
   2.0000000000000000        1.3333333333333333        1.5490218632040170E-002
   2.0000000000000000        1.6666666666666665        2.4562271720294373E-002
   2.0000000000000000        2.0000000000000000        2.2942975580982104E-002
   2.0000000000000000        2.3333333333333330        4.2138170580100325E-002
   2.0000000000000000        2.6666666666666665        4.3391647106069894E-002
   2.0000000000000000        3.0000000000000000        6.0157912844564752E-002
   2.0000000000000000        3.3333333333333330        6.7535494533421128E-002
   2.0000000000000000        3.6666666666666665        7.3493994705004825E-002
   2.0000000000000000        4.0000000000000000       0.11368474642848379     
   2.0000000000000000        4.3333333333333330       0.10794491924350887     
   2.0000000000000000        4.6666666666666661        8.0719697706308907E-002
   2.0000000000000000        5.0000000000000000        7.1729590859748740E-002
   2.0000000000000000        5.3333333333333330        0.0000000000000000     
   2.0000000000000000        5.6666666666666661       0.18778931141580768     
   2.0000000000000000        6.0000000000000000       0.14631612548589429     
   2.0000000000000000        6.3333333333333330       0.14325007709987617     
   2.0000000000000000        6.6666666666666661       0.14157280116170304     
   2.0000000000000000        7.0000000000000000       0.13771305758809793     
   2.0000000000000000        7.3333333333333330        1.4625750761993123E-002
   2.0000000000000000        7.6666666666666661        1.5374193117401538E-002
   2.0000000000000000        8.0000000000000000        5.1850331457321555E-002
   2.0000000000000000        8.3333333333333321        3.5189663285936992E-002
   2.0000000000000000        8.6666666666666661        2.5342960845949437E-002
   2.0000000000000000        9.0000000000000000        1.8618253120915730E-002
   2.0000000000000000        9.3333333333333321        1.3812349632298149E-002
   2.0000000000000000        9.6666666666666661        2.8120969463738799E-003
   2.0000000000000000        10.000000000000000        0.0000000000000000     
 
   2.3333333333333330        0.0000000000000000        0.0000000000000000     
   2.3333333333333330       0.33333333333333331        5.3710879356177986E-003
   2.3333333333333330       0.66666666666666663        1.0532886410942997E-002
   2.3333333333333330        1.0000000000000000        1.4789825271920708E-002
   2.3333333333333330        1.3333333333333333        3.6924784464813239E-002
   2.3333333333333330        1.6666666666666665        3.7622848930746973E-002
   2.3333333333333330        2.0000000000000000        6.9278778787507683E-002
   2.3333333333333330        2.3333333333333330        8.1992446475164654E-002
   2.3333333333333330        2.6666666666666665        8.1720552803171073E-002
   2.3333333333333330        3.0000000000000000        7.5228041104689322E-002
   2.3333333333333330        3.3333333333333330        8.5093585695551560E-002
   2.3333333333333330        3.6666666666666665        9.6528721690472871E-002
   2.3333333333333330        4.0000000000000000       0.11514852644114530     
   2.3333333333333330        4.3333333333333330       0.13652668115780844     
   2.3333333333333330        4.6666666666666661       0.21940790969545429     
   2.3333333333333330        5.0000000000000000       0.24563578495324428     
   2.3333333333333330        5.3333333333333330       0.24413864979790906     
   2.3333333333333330        5.6666666666666661       0.22852967987046088     
   2.3333333333333330        6.0000000000000000       0.20028971522074693     
   2.3333333333333330        6.3333333333333330       0.17274396964163152     
   2.3333333333333330        6.6666666666666661       0.17433229296396752     
   2.3333333333333330        7.0000000000000000       0.16711510828790674     
   2.3333333333333330        7.3333333333333330       0.18409989014077824     
   2.3333333333333330        7.6666666666666661       0.11462545207652547     
   2.3333333333333330        8.0000000000000000        6.9154225874833788E-002
   2.3333333333333330        8.3333333333333321        4.1550479933182054E-002
   2.3333333333333330        8.6666666666666661        2.8652250047586977E-002
   2.3333333333333330        9.0000000000000000        2.0619905802626997E-002
   2.3333333333333330        9.3333333333333321        1.3448118120396211E-002
   2.3333333333333330        9.6666666666666661        5.7125346648874784E-003
   2.3333333333333330        10.000000000000000        0.0000000000000000     
 
   2.6666666666666665        0.0000000000000000        0.0000000000000000     
   2.6666666666666665       0.33333333333333331        7.1320782878938798E-003
   2.6666666666666665       0.66666666666666663        1.4446939739848251E-002
   2.6666666666666665        1.0000000000000000        2.2770754042302988E-002
   2.6666666666666665        1.3333333333333333        3.7053088280070492E-002
   2.6666666666666665        1.6666666666666665        5.2221044120853842E-002
   2.6666666666666665        2.0000000000000000        7.0378603683407037E-002
   2.6666666666666665        2.3333333333333330        8.3135546075335479E-002
   2.6666666666666665        2.6666666666666665        8.9428323613348223E-002
   2.6666666666666665        3.0000000000000000       0.10934002076943794     
   2.6666666666666665        3.3333333333333330       0.10232897691618029     
   2.6666666666666665        3.6666666666666665       0.11360504740288269     
   2.6666666666666665        4.0000000000000000       0.18702903169379390     
   2.6666666666666665        4.3333333333333330       0.18751977476595338     
   2.6666666666666665        4.6666666666666661       0.21909102931229765     
   2.6666666666666665        5.0000000000000000       0.24427189286161360     
   2.6666666666666665        5.3333333333333330       0.25777957498790377     
   2.6666666666666665        5.6666666666666661       0.25200111927861585     
   2.6666666666666665        6.0000000000000000       0.22693741699247211     
   2.6666666666666665        6.3333333333333330       0.24227268913764183     
   2.6666666666666665        6.6666666666666661       0.21542464595437730     
   2.6666666666666665        7.0000000000000000       0.18903224739498470     
   2.6666666666666665        7.3333333333333330       0.18385231664721416     
   2.6666666666666665        7.6666666666666661       0.16038160422596581     
   2.6666666666666665        8.0000000000000000        3.3064646394459232E-002
   2.6666666666666665        8.3333333333333321        3.3868894110017353E-002
   2.6666666666666665        8.6666666666666661        2.7732971249674689E-002
   2.6666666666666665        9.0000000000000000        2.2304585721218167E-002
   2.6666666666666665        9.3333333333333321        1.4036916845346487E-002
   2.6666666666666665        9.6666666666666661        6.7609165180255899E-003
   2.6666666666666665        10.000000000000000        0.0000000000000000     
 
   3.0000000000000000        0.0000000000000000        0.0000000000000000     
   3.0000000000000000       0.33333333333333331        8.8806041885944754E-003
   3.0000000000000000       0.66666666666666663        1.7687328347006242E-002
   3.0000000000000000        1.0000000000000000        2.5296253619317640E-002
   3.0000000000000000        1.3333333333333333        5.9753566696116173E-002
   3.0000000000000000        1.6666666666666665        6.4716690290992779E-002
   3.0000000000000000        2.0000000000000000        7.7879701406040933E-002
   3.0000000000000000        2.3333333333333330        9.1774223845108596E-002
   3.0000000000000000        2.6666666666666665       0.10446226935287936     
   3.0000000000000000        3.0000000000000000       0.11724489383748309     
   3.0000000000000000        3.3333333333333330       0.15050467710751342     
   3.0000000000000000        3.6666666666666665       0.14285085576072895     
   3.0000000000000000        4.0000000000000000       0.20759555011729941     
   3.0000000000000000        4.3333333333333330       0.20770426957995033     
   3.0000000000000000        4.6666666666666661       0.22464267938173796     
   3.0000000000000000        5.0000000000000000       0.25306281795368718     
   3.0000000000000000        5.3333333333333330       0.28832940927694528     
   3.0000000000000000        5.6666666666666661       0.29236976133934767     
   3.0000000000000000        6.0000000000000000       0.30031199504294426     
   3.0000000000000000        6.3333333333333330       0.26676982851069708     
   3.0000000000000000        6.6666666666666661       0.25450450060656110     
   3.0000000000000000        7.0000000000000000       0.22130732465641662     
   3.0000000000000000        7.3333333333333330       0.20144925988159029     
   3.0000000000000000        7.6666666666666661       0.18253210740875239     
   3.0000000000000000        8.0000000000000000       0.15529120826144305     
   3.0000000000000000        8.3333333333333321        2.5996370600178589E-002
   3.0000000000000000        8.6666666666666661        2.6801017861749238E-002
   3.0000000000000000        9.0000000000000000        2.7424920759286039E-002
   3.0000000000000000        9.3333333333333321        1.3714624006065495E-002
   3.0000000000000000        9.6666666666666661        7.4891681999903108E-003
   3.0000000000000000        10.000000000000000        0.0000000000000000     
 
   3.3333333333333330        0.0000000000000000        0.0000000000000000     
   3.3333333333333330       0.33333333333333331        1.0890057909317635E-002
   3.3333333333333330       0.66666666666666663        2.2485011962855388E-002
   3.3333333333333330        1.0000000000000000        3.5921335507604728E-002
   3.3333333333333330        1.3333333333333333        5.5645086733096621E-002
   3.3333333333333330        1.6666666666666665        6.9889304149654996E-002
   3.3333333333333330        2.0000000000000000        8.5538330167234236E-002
   3.3333333333333330        2.3333333333333330       0.10246107886053350     
   3.3333333333333330        2.6666666666666665       0.12014508389554951     
   3.3333333333333330        3.0000000000000000       0.13854827076803630     
   3.3333333333333330        3.3333333333333330       0.15825025936148543     
   3.3333333333333330        3.6666666666666665       0.16472114130036533     
   3.3333333333333330        4.0000000000000000       0.20887181790190845     
   3.3333333333333330        4.3333333333333330       0.21094543425337475     
   3.3333333333333330        4.6666666666666661       0.21800543986430282     
   3.3333333333333330        5.0000000000000000       0.37554191972150097     
   3.3333333333333330        5.3333333333333330       0.34639410682301930     
   3.3333333333333330        5.6666666666666661       0.33277637980128405     
   3.3333333333333330        6.0000000000000000       0.32933141949799044     
   3.3333333333333330        6.3333333333333330       0.30664720705662346     
   3.3333333333333330        6.6666666666666661       0.27850803061307572     
   3.3333333333333330        7.0000000000000000       0.23972741578186535     
   3.3333333333333330        7.3333333333333330       0.21723119729427717     
   3.3333333333333330        7.6666666666666661       0.18535206594218584     
   3.3333333333333330        8.0000000000000000       0.15588753023481522     
   3.3333333333333330        8.3333333333333321        9.1527993416079687E-002
   3.3333333333333330        8.6666666666666661        4.6558883378616037E-002
   3.3333333333333330        9.0000000000000000        3.3869281757661969E-002
   3.3333333333333330        9.3333333333333321        2.0273917674638861E-002
   3.3333333333333330        9.6666666666666661        9.6732701577381206E-003
   3.3333333333333330        10.000000000000000        0.0000000000000000     
 
   3.6666666666666665        0.0000000000000000        0.0000000000000000     
   3.6666666666666665       0.33333333333333331        1.2398688038234122E-002
   3.6666666666666665       0.66666666666666663        2.5838300797500463E-002
   3.6666666666666665        1.0000000000000000        4.0829182126781043E-002
   3.6666666666666665        1.3333333333333333        5.7764993379852643E-002
   3.6666666666666665        1.6666666666666665        7.4446938319365816E-002
   3.6666666666666665        2.0000000000000000        9.2662786889051107E-002
   3.6666666666666665        2.3333333333333330       0.11298433436965143     
   3.6666666666666665        2.6666666666666665       0.13548236491161803     
   3.6666666666666665        3.0000000000000000       0.15865067243426331     
   3.6666666666666665        3.3333333333333330       0.17901847912915678     
   3.6666666666666665        3.6666666666666665       0.19279501410952837     
   3.6666666666666665        4.0000000000000000       0.20631683814852952     
   3.6666666666666665        4.3333333333333330       0.20887181790190845     
   3.6666666666666665        4.6666666666666661       0.42337987652915077     
   3.6666666666666665        5.0000000000000000       0.39678190206177905     
   3.6666666666666665        5.3333333333333330       0.38242046496544585     
   3.6666666666666665        5.6666666666666661       0.35713483749039793     
   3.6666666666666665        6.0000000000000000       0.34914184487117483     
   3.6666666666666665        6.3333333333333330       0.32994206347558397     
   3.6666666666666665        6.6666666666666661       0.30945179448838511     
   3.6666666666666665        7.0000000000000000       0.26269690504568133     
   3.6666666666666665        7.3333333333333330       0.24103825640980187     
   3.6666666666666665        7.6666666666666661       0.12644732689006230     
   3.6666666666666665        8.0000000000000000       0.12740034286709898     
   3.6666666666666665        8.3333333333333321        9.2677420116191206E-002
   3.6666666666666665        8.6666666666666661        6.0087692319929963E-002
   3.6666666666666665        9.0000000000000000        4.1916772845705698E-002
   3.6666666666666665        9.3333333333333321        2.4285069189039835E-002
   3.6666666666666665        9.6666666666666661        1.1153970687121961E-002
   3.6666666666666665        10.000000000000000        0.0000000000000000     
 
   4.0000000000000000        0.0000000000000000        0.0000000000000000     
   4.0000000000000000       0.33333333333333331        1.3081321141807434E-002
   4.0000000000000000       0.66666666666666663        2.8059617064083213E-002
   4.0000000000000000        1.0000000000000000        4.4383288560560626E-002
   4.0000000000000000        1.3333333333333333        6.0842802360160979E-002
   4.0000000000000000        1.6666666666666665        7.8175843187652458E-002
   4.0000000000000000        2.0000000000000000        9.8265696038514525E-002
   4.0000000000000000        2.3333333333333330       0.12166473489118611     
   4.0000000000000000        2.6666666666666665       0.15010244960470459     
   4.0000000000000000        3.0000000000000000       0.18106243849570869     
   4.0000000000000000        3.3333333333333330       0.20552049035288558     
   4.0000000000000000        3.6666666666666665       0.22014707335971503     
   4.0000000000000000        4.0000000000000000       0.21392812194884975     
   4.0000000000000000        4.3333333333333330       0.44450932549581668     
   4.0000000000000000        4.6666666666666661       0.43959005548725594     
   4.0000000000000000        5.0000000000000000       0.43844532643003797     
   4.0000000000000000        5.3333333333333330       0.42104051866027009     
   4.0000000000000000        5.6666666666666661       0.39796051410685535     
   4.0000000000000000        6.0000000000000000       0.37341606252323378     
   4.0000000000000000        6.3333333333333330       0.34862856238746570     
   4.0000000000000000        6.6666666666666661       0.31490355757725425     
   4.0000000000000000        7.0000000000000000       0.28132796682518652     
   4.0000000000000000        7.3333333333333330       0.20278733554343722     
   4.0000000000000000        7.6666666666666661       0.14730577185493329     
   4.0000000000000000        8.0000000000000000       0.13534443681594391     
   4.0000000000000000        8.3333333333333321        9.9861976767113128E-002
   4.0000000000000000        8.6666666666666661        5.9839604863250261E-002
   4.0000000000000000        9.0000000000000000        5.0160950063273237E-002
   4.0000000000000000        9.3333333333333321        1.9314577302232332E-002
   4.0000000000000000        9.6666666666666661        1.0894567768039123E-002
   4.0000000000000000        10.000000000000000        0.0000000000000000     
 
   4.3333333333333330        0.0000000000000000        0.0000000000000000     
   4.3333333333333330       0.33333333333333331        1.2083697955164020E-002
   4.3333333333333330       0.66666666666666663        2.9369956450259579E-002
   4.3333333333333330        1.0000000000000000        4.8413253146022760E-002
   4.3333333333333330        1.3333333333333333        6.3740111237005764E-002
   4.3333333333333330        1.6666666666666665        7.9800603534805198E-002
   4.3333333333333330        2.0000000000000000       0.10102121348299252     
   4.3333333333333330        2.3333333333333330       0.12540926628246393     
   4.3333333333333330        2.6666666666666665       0.16170579866767998     
   4.3333333333333330        3.0000000000000000       0.20873676885864770     
   4.3333333333333330        3.3333333333333330       0.24002368840345728     
   4.3333333333333330        3.6666666666666665       0.26627711561047529     
   4.3333333333333330        4.0000000000000000       0.42582239806166089     
   4.3333333333333330        4.3333333333333330       0.43778307837707492     
   4.3333333333333330        4.6666666666666661       0.45074668452629957     
   4.3333333333333330        5.0000000000000000       0.44451077992199434     
   4.3333333333333330        5.3333333333333330       0.43185599465175911     
   4.3333333333333330        5.6666666666666661       0.41324876398918053     
   4.3333333333333330        6.0000000000000000       0.38991734995702793     
   4.3333333333333330        6.3333333333333330       0.36941291580622326     
   4.3333333333333330        6.6666666666666661       0.30104003007741253     
   4.3333333333333330        7.0000000000000000       0.26244739894874441     
   4.3333333333333330        7.3333333333333330       0.20153690609427388     
   4.3333333333333330        7.6666666666666661       0.15952154463345788     
   4.3333333333333330        8.0000000000000000       0.13184724450252841     
   4.3333333333333330        8.3333333333333321       0.10070671736777921     
   4.3333333333333330        8.6666666666666661        7.0351454343250353E-002
   4.3333333333333330        9.0000000000000000        4.9512607295352389E-002
   4.3333333333333330        9.3333333333333321        2.8087249516202648E-002
   4.3333333333333330        9.6666666666666661        1.3321593516722883E-002
   4.3333333333333330        10.000000000000000        0.0000000000000000     
 
   4.6666666666666661        0.0000000000000000        0.0000000000000000     
   4.6666666666666661       0.33333333333333331        6.0803261860072275E-003
   4.6666666666666661       0.66666666666666663        5.5930662907638228E-002
   4.6666666666666661        1.0000000000000000        5.6822966775049423E-002
   4.6666666666666661        1.3333333333333333        6.6625931674027000E-002
   4.6666666666666661        1.6666666666666665        7.6923881122613197E-002
   4.6666666666666661        2.0000000000000000       0.11093589269584402     
   4.6666666666666661        2.3333333333333330       0.11726423782729280     
   4.6666666666666661        2.6666666666666665       0.25347764018158353     
   4.6666666666666661        3.0000000000000000       0.24996423554590091     
   4.6666666666666661        3.3333333333333330       0.27637535973760546     
   4.6666666666666661        3.6666666666666665       0.33456265014484377     
   4.6666666666666661        4.0000000000000000       0.40294752325824307     
   4.6666666666666661        4.3333333333333330       0.43159745158317847     
   4.6666666666666661        4.6666666666666661       0.44494784703361051     
   4.6666666666666661        5.0000000000000000       0.44530963449681971     
   4.6666666666666661        5.3333333333333330       0.43761057472759507     
   4.6666666666666661        5.6666666666666661       0.42319526019713993     
   4.6666666666666661        6.0000000000000000       0.39469828811996410     
   4.6666666666666661        6.3333333333333330       0.36179363564839329     
   4.6666666666666661        6.6666666666666661       0.33463304338752220     
   4.6666666666666661        7.0000000000000000       0.18052747731457988     
   4.6666666666666661        7.3333333333333330       0.18004181860654492     
   4.6666666666666661        7.6666666666666661       0.15722490768604735     
   4.6666666666666661        8.0000000000000000       0.13219728503881198     
   4.6666666666666661        8.3333333333333321       0.10146172193330817     
   4.6666666666666661        8.6666666666666661        7.2122502116505741E-002
   4.6666666666666661        9.0000000000000000        5.0148164574601056E-002
   4.6666666666666661        9.3333333333333321        3.0656326678991843E-002
   4.6666666666666661        9.6666666666666661        1.4540782824405352E-002
   4.6666666666666661        10.000000000000000        0.0000000000000000     
 
   5.0000000000000000        0.0000000000000000        0.0000000000000000     
   5.0000000000000000       0.33333333333333331        6.2618029991465098E-003
   5.0000000000000000       0.66666666666666663        4.7355518064794246E-002
   5.0000000000000000        1.0000000000000000        5.7122469409323889E-002
   5.0000000000000000        1.3333333333333333        6.9803082266134200E-002
   5.0000000000000000        1.6666666666666665        8.5097181380990775E-002
   5.0000000000000000        2.0000000000000000       0.10510776209862990     
   5.0000000000000000        2.3333333333333330       0.11578598675786335     
   5.0000000000000000        2.6666666666666665       0.26138950975922931     
   5.0000000000000000        3.0000000000000000       0.25779044134024104     
   5.0000000000000000        3.3333333333333330       0.39507668716949790     
   5.0000000000000000        3.6666666666666665       0.38570649932007739     
   5.0000000000000000        4.0000000000000000       0.40993669016203343     
   5.0000000000000000        4.3333333333333330       0.42958248680580258     
   5.0000000000000000        4.6666666666666661       0.44039784593362924     
   5.0000000000000000        5.0000000000000000       0.44243460747904412     
   5.0000000000000000        5.3333333333333330       0.43874734289484629     
   5.0000000000000000        5.6666666666666661       0.43661812915004561     
   5.0000000000000000        6.0000000000000000       0.34293596025746120     
   5.0000000000000000        6.3333333333333330       0.34079285798048309     
   5.0000000000000000        6.6666666666666661       0.27193475452795318     
   5.0000000000000000        7.0000000000000000       0.19964690462246235     
   5.0000000000000000        7.3333333333333330       0.18025265342645461     
   5.0000000000000000        7.6666666666666661       0.15703026653515692     
   5.0000000000000000        8.0000000000000000       0.13858406644790955     
   5.0000000000000000        8.3333333333333321        7.8299261467129427E-002
   5.0000000000000000        8.6666666666666661        6.7292716995616605E-002
   5.0000000000000000        9.0000000000000000        4.8986447732187938E-002
   5.0000000000000000        9.3333333333333321        3.0335517769414594E-002
   5.0000000000000000        9.6666666666666661        1.4436749384908770E-002
   5.0000000000000000        10.000000000000000        0.0000000000000000     
 
   5.3333333333333330        0.0000000000000000        0.0000000000000000     
   5.3333333333333330       0.33333333333333331        1.2811731353562327E-002
   5.3333333333333330       0.66666666666666663        3.8294669629351880E-002
   5.3333333333333330        1.0000000000000000        5.5280361169681644E-002
   5.3333333333333330        1.3333333333333333        7.1142219528383843E-002
   5.3333333333333330        1.6666666666666665        8.9263684068852003E-002
   5.3333333333333330        2.0000000000000000       0.10915624629650945     
   5.3333333333333330        2.3333333333333330       0.12537126216933833     
   5.3333333333333330        2.6666666666666665       0.23604284034668349     
   5.3333333333333330        3.0000000000000000       0.25843384155790472     
   5.3333333333333330        3.3333333333333330       0.38128359311638499     
   5.3333333333333330        3.6666666666666665       0.39428811476129594     
   5.3333333333333330        4.0000000000000000       0.41147800803495044     
   5.3333333333333330        4.3333333333333330       0.42546884798539836     
   5.3333333333333330        4.6666666666666661       0.43317836546293370     
   5.3333333333333330        5.0000000000000000       0.43372326598368993     
   5.3333333333333330        5.3333333333333330       0.42693575250093291     
   5.3333333333333330        5.6666666666666661       0.35439317982055873     
   5.3333333333333330        6.0000000000000000       0.33829126608988902     
   5.3333333333333330        6.3333333333333330       0.31093218534806327     
   5.3333333333333330        6.6666666666666661       0.26813344714623322     
   5.3333333333333330        7.0000000000000000       0.21777648159865823     
   5.3333333333333330        7.3333333333333330       0.18361001882686553     
   5.3333333333333330        7.6666666666666661       0.15195311660035948     
   5.3333333333333330        8.0000000000000000       0.12678057415564697     
   5.3333333333333330        8.3333333333333321        9.0205293311811874E-002
   5.3333333333333330        8.6666666666666661        7.0604320124543832E-002
   5.3333333333333330        9.0000000000000000        4.8876665327047944E-002
   5.3333333333333330        9.3333333333333321        2.7759752934926066E-002
   5.3333333333333330        9.6666666666666661        1.3126953991092727E-002
   5.3333333333333330        10.000000000000000        0.0000000000000000     
 
   5.6666666666666661        0.0000000000000000        0.0000000000000000     
   5.6666666666666661       0.33333333333333331        6.8952635757047213E-003
   5.6666666666666661       0.66666666666666663        1.7152609978049113E-002
   5.6666666666666661        1.0000000000000000        5.0099799251508412E-002
   5.6666666666666661        1.3333333333333333        7.0956842360907907E-002
   5.6666666666666661        1.6666666666666665        9.2317881884290826E-002
   5.6666666666666661        2.0000000000000000       0.11734814188937520     
   5.6666666666666661        2.3333333333333330       0.15132981729501971     
   5.6666666666666661        2.6666666666666665       0.21078447998155495     
   5.6666666666666661        3.0000000000000000       0.27782017956739191     
   5.6666666666666661        3.3333333333333330       0.35978164287644449     
   5.6666666666666661        3.6666666666666665       0.38956647983120124     
   5.6666666666666661        4.0000000000000000       0.40631186027292548     
   5.6666666666666661        4.3333333333333330       0.41706081285554564     
   5.6666666666666661        4.6666666666666661       0.42214083234127781     
   5.6666666666666661        5.0000000000000000       0.42127473324636067     
   5.6666666666666661        5.3333333333333330       0.39755641995988844     
   5.6666666666666661        5.6666666666666661       0.36316049733019684     
   5.6666666666666661        6.0000000000000000       0.29330438651731311     
   5.6666666666666661        6.3333333333333330       0.29103089234895652     
   5.6666666666666661        6.6666666666666661       0.22242150986056342     
   5.6666666666666661        7.0000000000000000       0.17961055592196276     
   5.6666666666666661        7.3333333333333330       0.14347747613705369     
   5.6666666666666661        7.6666666666666661       0.14036387398823019     
   5.6666666666666661        8.0000000000000000        9.2450822355934395E-002
   5.6666666666666661        8.3333333333333321        8.5972420625803944E-002
   5.6666666666666661        8.6666666666666661        7.6929200848355958E-002
   5.6666666666666661        9.0000000000000000        1.8728252664408421E-002
   5.6666666666666661        9.3333333333333321        1.9183758500388212E-002
   5.6666666666666661        9.6666666666666661        1.0560583454068606E-002
   5.6666666666666661        10.000000000000000        0.0000000000000000     
 
   6.0000000000000000        0.0000000000000000        0.0000000000000000     
   6.0000000000000000       0.33333333333333331        8.0017626482466429E-003
   6.0000000000000000       0.66666666666666663        1.7530856485479640E-002
   6.0000000000000000        1.0000000000000000        2.9864926230488628E-002
   6.0000000000000000        1.3333333333333333        0.0000000000000000     
   6.0000000000000000        1.6666666666666665       0.11598549804922086     
   6.0000000000000000        2.0000000000000000       0.11697594872094147     
   6.0000000000000000        2.3333333333333330       0.15862385932933720     
   6.0000000000000000        2.6666666666666665       0.17585405622967387     
   6.0000000000000000        3.0000000000000000       0.39146745358269935     
   6.0000000000000000        3.3333333333333330       0.38289662225930127     
   6.0000000000000000        3.6666666666666665       0.38914807030973070     
   6.0000000000000000        4.0000000000000000       0.39767400659607693     
   6.0000000000000000        4.3333333333333330       0.40432690623172213     
   6.0000000000000000        4.6666666666666661       0.40674406689432779     
   6.0000000000000000        5.0000000000000000       0.37323010401091222     
   6.0000000000000000        5.3333333333333330       0.36951179174492260     
   6.0000000000000000        5.6666666666666661       0.32975908810404553     
   6.0000000000000000        6.0000000000000000       0.29083365969421832     
   6.0000000000000000        6.3333333333333330       0.26418316849214840     
   6.0000000000000000        6.6666666666666661       0.22034922098716178     
   6.0000000000000000        7.0000000000000000       0.17893557517144412     
   6.0000000000000000        7.3333333333333330       0.14686678875991471     
   6.0000000000000000        7.6666666666666661       0.12597094722089272     
   6.0000000000000000        8.0000000000000000        9.9978943250134983E-002
   6.0000000000000000        8.3333333333333321        8.5331386703409437E-002
   6.0000000000000000        8.6666666666666661        7.5247211163477920E-002
   6.0000000000000000        9.0000000000000000        2.8846419172558174E-002
   6.0000000000000000        9.3333333333333321        2.0104376634782459E-002
   6.0000000000000000        9.6666666666666661        1.0163841498608361E-002
   6.0000000000000000        10.000000000000000        0.0000000000000000     
 
   6.3333333333333330        0.0000000000000000        0.0000000000000000     
   6.3333333333333330       0.33333333333333331        7.7472479225633882E-003
   6.3333333333333330       0.66666666666666663        1.5451130970002820E-002
   6.3333333333333330        1.0000000000000000        2.2445176037126740E-002
   6.3333333333333330        1.3333333333333333        6.8653538896287947E-002
   6.3333333333333330        1.6666666666666665       0.10478607599731740     
   6.3333333333333330        2.0000000000000000       0.11843205302909768     
   6.3333333333333330        2.3333333333333330       0.14145163748407372     
   6.3333333333333330        2.6666666666666665       0.15757172792059473     
   6.3333333333333330        3.0000000000000000       0.17765460324616406     
   6.3333333333333330        3.3333333333333330       0.38592467074161402     
   6.3333333333333330        3.6666666666666665       0.37798190942959697     
   6.3333333333333330        4.0000000000000000       0.38205599174366356     
   6.3333333333333330        4.3333333333333330       0.38662801964432725     
   6.3333333333333330        4.6666666666666661       0.38438979679174579     
   6.3333333333333330        5.0000000000000000       0.36896859181459812     
   6.3333333333333330        5.3333333333333330       0.28804636670828682     
   6.3333333333333330        5.6666666666666661       0.28920571761649128     
   6.3333333333333330        6.0000000000000000       0.27138793796908589     
   6.3333333333333330        6.3333333333333330       0.25083710586399027     
   6.3333333333333330        6.6666666666666661       0.21375062306143822     
   6.3333333333333330        7.0000000000000000       0.16814321823727751     
   6.3333333333333330        7.3333333333333330       0.13918984503841764     
   6.3333333333333330        7.6666666666666661       0.11721878555186856     
   6.3333333333333330        8.0000000000000000        9.7099648698557139E-002
   6.3333333333333330        8.3333333333333321        8.1183358304566772E-002
   6.3333333333333330        8.6666666666666661        6.4553464563282370E-002
   6.3333333333333330        9.0000000000000000        3.8234153921747893E-002
   6.3333333333333330        9.3333333333333321        2.2686718217025413E-002
   6.3333333333333330        9.6666666666666661        1.0231674020364848E-002
   6.3333333333333330        10.000000000000000        0.0000000000000000     
 
   6.6666666666666661        0.0000000000000000        0.0000000000000000     
   6.6666666666666661       0.33333333333333331        7.7124176147728846E-003
   6.6666666666666661       0.66666666666666663        1.4413107954535372E-002
   6.6666666666666661        1.0000000000000000        5.5645227601009345E-002
   6.6666666666666661        1.3333333333333333        7.0135117794937599E-002
   6.6666666666666661        1.6666666666666665        9.2385244720162268E-002
   6.6666666666666661        2.0000000000000000       0.11150765433290173     
   6.6666666666666661        2.3333333333333330       0.13174309039192694     
   6.6666666666666661        2.6666666666666665       0.15558952650001825     
   6.6666666666666661        3.0000000000000000       0.17786902233090165     
   6.6666666666666661        3.3333333333333330       0.29894709433062555     
   6.6666666666666661        3.6666666666666665       0.34707514395115763     
   6.6666666666666661        4.0000000000000000       0.35798914769729939     
   6.6666666666666661        4.3333333333333330       0.36751290896671435     
   6.6666666666666661        4.6666666666666661       0.36697655149366332     
   6.6666666666666661        5.0000000000000000       0.34161713710971264     
   6.6666666666666661        5.3333333333333330       0.28238626587766602     
   6.6666666666666661        5.6666666666666661       0.26301246308060461     
   6.6666666666666661        6.0000000000000000       0.25074258152257045     
   6.6666666666666661        6.3333333333333330       0.16543285298828250     
   6.6666666666666661        6.6666666666666661       0.14031140465560082     
   6.6666666666666661        7.0000000000000000       0.14019465896806638     
   6.6666666666666661        7.3333333333333330       0.12478846834153179     
   6.6666666666666661        7.6666666666666661       0.10730676691682441     
   6.6666666666666661        8.0000000000000000        9.0981818956337918E-002
   6.6666666666666661        8.3333333333333321        7.8810264722125087E-002
   6.6666666666666661        8.6666666666666661        4.1352631450777583E-002
   6.6666666666666661        9.0000000000000000        3.7625132674840023E-002
   6.6666666666666661        9.3333333333333321        1.4976841274863730E-002
   6.6666666666666661        9.6666666666666661        8.3262394718548877E-003
   6.6666666666666661        10.000000000000000        0.0000000000000000     
 
   7.0000000000000000        0.0000000000000000        0.0000000000000000     
   7.0000000000000000       0.33333333333333331        8.8823512365637201E-003
   7.0000000000000000       0.66666666666666663        2.0426700493783059E-002
   7.0000000000000000        1.0000000000000000        4.2359434070144981E-002
   7.0000000000000000        1.3333333333333333        6.5219046809391487E-002
   7.0000000000000000        1.6666666666666665        8.4461688256996514E-002
   7.0000000000000000        2.0000000000000000       0.10464579899720103     
   7.0000000000000000        2.3333333333333330       0.11930050754020002     
   7.0000000000000000        2.6666666666666665       0.17818110999501252     
   7.0000000000000000        3.0000000000000000       0.20039180037097548     
   7.0000000000000000        3.3333333333333330       0.24650911047750676     
   7.0000000000000000        3.6666666666666665       0.29982703720154741     
   7.0000000000000000        4.0000000000000000       0.32855681657900260     
   7.0000000000000000        4.3333333333333330       0.35121858649310184     
   7.0000000000000000        4.6666666666666661       0.15613236776110637     
   7.0000000000000000        5.0000000000000000       0.21327421796020918     
   7.0000000000000000        5.3333333333333330       0.23258099180850167     
   7.0000000000000000        5.6666666666666661       0.22611552670856216     
   7.0000000000000000        6.0000000000000000       0.21467511319386409     
   7.0000000000000000        6.3333333333333330       0.16527259345138021     
   7.0000000000000000        6.6666666666666661       0.14086902312509436     
   7.0000000000000000        7.0000000000000000       0.12787146144868886     
   7.0000000000000000        7.3333333333333330       0.11307740777268395     
   7.0000000000000000        7.6666666666666661        9.7109697092164313E-002
   7.0000000000000000        8.0000000000000000        8.1748609438927519E-002
   7.0000000000000000        8.3333333333333321        6.5365052387578018E-002
   7.0000000000000000        8.6666666666666661        4.6040574984351906E-002
   7.0000000000000000        9.0000000000000000        3.4162112345695619E-002
   7.0000000000000000        9.3333333333333321        2.2051067425272818E-002
   7.0000000000000000        9.6666666666666661        3.1908404611938027E-003
   7.0000000000000000        10.000000000000000        0.0000000000000000     
 
   7.3333333333333330        0.0000000000000000        0.0000000000000000     
   7.3333333333333330       0.33333333333333331        7.6209941959063943E-003
   7.3333333333333330       0.66666666666666663        1.6553508567409371E-002
   7.3333333333333330        1.0000000000000000        2.9096395802987278E-002
   7.3333333333333330        1.3333333333333333        7.1810857363960243E-002
   7.3333333333333330        1.6666666666666665        7.7073868166666559E-002
   7.3333333333333330        2.0000000000000000       0.10741504152113029     
   7.3333333333333330        2.3333333333333330       0.12270896430211133     
   7.3333333333333330        2.6666666666666665       0.15593244597523434     
   7.3333333333333330        3.0000000000000000       0.19829870051928880     
   7.3333333333333330        3.3333333333333330       0.23789846023177491     
   7.3333333333333330        3.6666666666666665       0.26696245727757756     
   7.3333333333333330        4.0000000000000000       0.29982703720154741     
   7.3333333333333330        4.3333333333333330       0.15613236776110637     
   7.3333333333333330        4.6666666666666661       0.15648025936422830     
   7.3333333333333330        5.0000000000000000       0.19227700203087905     
   7.3333333333333330        5.3333333333333330       0.20609899269408255     
   7.3333333333333330        5.6666666666666661       0.19190355415615021     
   7.3333333333333330        6.0000000000000000       0.13373789505596290     
   7.3333333333333330        6.3333333333333330       0.13984091172803007     
   7.3333333333333330        6.6666666666666661       0.13043641575624712     
   7.3333333333333330        7.0000000000000000       0.11801197071680812     
   7.3333333333333330        7.3333333333333330       0.10340576276071556     
   7.3333333333333330        7.6666666666666661        8.7319104878916462E-002
   7.3333333333333330        8.0000000000000000        7.4630188472971287E-002
   7.3333333333333330        8.3333333333333321        5.5942781875044416E-002
   7.3333333333333330        8.6666666666666661        4.4257249895036641E-002
   7.3333333333333330        9.0000000000000000        3.1749728764523769E-002
   7.3333333333333330        9.3333333333333321        1.7604080492768036E-002
   7.3333333333333330        9.6666666666666661        6.4826199361262236E-003
   7.3333333333333330        10.000000000000000        0.0000000000000000     
 
   7.6666666666666661        0.0000000000000000        0.0000000000000000     
   7.6666666666666661       0.33333333333333331        5.2600370615326882E-003
   7.6666666666666661       0.66666666666666663        9.5083738333623276E-003
   7.6666666666666661        1.0000000000000000        6.6417076674033348E-002
   7.6666666666666661        1.3333333333333333        6.8482604295354785E-002
   7.6666666666666661        1.6666666666666665        7.6745845539484339E-002
   7.6666666666666661        2.0000000000000000        9.3663649353267472E-002
   7.6666666666666661        2.3333333333333330       0.10941130537055360     
   7.6666666666666661        2.6666666666666665       0.12502274647853873     
   7.6666666666666661        3.0000000000000000       0.12009048972212567     
   7.6666666666666661        3.3333333333333330       0.18633913232147870     
   7.6666666666666661        3.6666666666666665       0.22739191755463192     
   7.6666666666666661        4.0000000000000000        6.3408229764587890E-002
   7.6666666666666661        4.3333333333333330       0.10562378781018587     
   7.6666666666666661        4.6666666666666661       0.12159848164945840     
   7.6666666666666661        5.0000000000000000        9.8205307483715643E-002
   7.6666666666666661        5.3333333333333330       0.14207462952856459     
   7.6666666666666661        5.6666666666666661       0.14226649842464961     
   7.6666666666666661        6.0000000000000000       0.12819782977960431     
   7.6666666666666661        6.3333333333333330       0.13036404280243505     
   7.6666666666666661        6.6666666666666661       0.12372390124114210     
   7.6666666666666661        7.0000000000000000       0.11125353779988231     
   7.6666666666666661        7.3333333333333330        9.6251244297162419E-002
   7.6666666666666661        7.6666666666666661        7.5227793697098880E-002
   7.6666666666666661        8.0000000000000000        3.7075424608624390E-002
   7.6666666666666661        8.3333333333333321        4.0579813090675668E-002
   7.6666666666666661        8.6666666666666661        1.9619350401525071E-002
   7.6666666666666661        9.0000000000000000        1.1300808205230066E-002
   7.6666666666666661        9.3333333333333321        1.0621169073991729E-002
   7.6666666666666661        9.6666666666666661        5.3318037944119455E-003
   7.6666666666666661        10.000000000000000        0.0000000000000000     
 
   8.0000000000000000        0.0000000000000000        0.0000000000000000     
   8.0000000000000000       0.33333333333333331        4.0753083335494916E-003
   8.0000000000000000       0.66666666666666663        7.0014968300887576E-003
   8.0000000000000000        1.0000000000000000        5.8966218929207496E-002
   8.0000000000000000        1.3333333333333333        6.0909520584531161E-002
   8.0000000000000000        1.6666666666666665        6.9616380019860952E-002
   8.0000000000000000        2.0000000000000000        8.2794012676920631E-002
   8.0000000000000000        2.3333333333333330        9.7768734862892143E-002
   8.0000000000000000        2.6666666666666665       0.11098756069825612     
   8.0000000000000000        3.0000000000000000       0.12183377277921578     
   8.0000000000000000        3.3333333333333330       0.14511896821621584     
   8.0000000000000000        3.6666666666666665        6.3408229764587890E-002
   8.0000000000000000        4.0000000000000000        6.5016087888945293E-002
   8.0000000000000000        4.3333333333333330        9.0967098619358130E-002
   8.0000000000000000        4.6666666666666661       0.10373303498262028     
   8.0000000000000000        5.0000000000000000       0.10009606031128129     
   8.0000000000000000        5.3333333333333330        9.3141186890986744E-002
   8.0000000000000000        5.6666666666666661       0.10696785100985376     
   8.0000000000000000        6.0000000000000000       0.10697070706466154     
   8.0000000000000000        6.3333333333333330        0.0000000000000000     
   8.0000000000000000        6.6666666666666661       0.10653299240793464     
   8.0000000000000000        7.0000000000000000       0.10816225933389702     
   8.0000000000000000        7.3333333333333330        3.4382896824464500E-002
   8.0000000000000000        7.6666666666666661        4.3211976772832179E-002
   8.0000000000000000        8.0000000000000000        3.4564283344704530E-002
   8.0000000000000000        8.3333333333333321        2.9714933685369808E-002
   8.0000000000000000        8.6666666666666661        2.0347565845691511E-002
   8.0000000000000000        9.0000000000000000        1.2406318543444117E-002
   8.0000000000000000        9.3333333333333321        8.6097744352031571E-003
   8.0000000000000000        9.6666666666666661        4.4078571162245016E-003
   8.0000000000000000        10.000000000000000        0.0000000000000000     
 
   8.3333333333333321        0.0000000000000000        0.0000000000000000     
   8.3333333333333321       0.33333333333333331        4.1863650220536463E-003
   8.3333333333333321       0.66666666666666663        7.6702951180184775E-003
   8.3333333333333321        1.0000000000000000        3.6537852898353283E-002
   8.3333333333333321        1.3333333333333333        4.8416807150619495E-002
   8.3333333333333321        1.6666666666666665        5.9844064108971487E-002
   8.3333333333333321        2.0000000000000000        7.1920016173485854E-002
   8.3333333333333321        2.3333333333333330        8.9609123779946051E-002
   8.3333333333333321        2.6666666666666665       0.10095760789622599     
   8.3333333333333321        3.0000000000000000       0.11270618219136219     
   8.3333333333333321        3.3333333333333330       0.12818817570003291     
   8.3333333333333321        3.6666666666666665        4.2439515578381520E-002
   8.3333333333333321        4.0000000000000000        4.3801144118162695E-002
   8.3333333333333321        4.3333333333333330        1.9299164561040472E-002
   8.3333333333333321        4.6666666666666661        1.7342875095428107E-002
   8.3333333333333321        5.0000000000000000        7.9097671450179943E-002
   8.3333333333333321        5.3333333333333330        8.0228223939294213E-002
   8.3333333333333321        5.6666666666666661        8.6189875797875778E-002
   8.3333333333333321        6.0000000000000000        8.6502417030080395E-002
   8.3333333333333321        6.3333333333333330        4.3325072566414914E-002
   8.3333333333333321        6.6666666666666661        0.0000000000000000     
   8.3333333333333321        7.0000000000000000        2.2889439534221831E-002
   8.3333333333333321        7.3333333333333330        2.6462714519497738E-002
   8.3333333333333321        7.6666666666666661        2.9633444788517812E-002
   8.3333333333333321        8.0000000000000000        2.9188060633892801E-002
   8.3333333333333321        8.3333333333333321        2.4229837468517399E-002
   8.3333333333333321        8.6666666666666661        1.0190486828960042E-002
   8.3333333333333321        9.0000000000000000        9.8391044260895087E-003
   8.3333333333333321        9.3333333333333321        7.3346431220883595E-003
   8.3333333333333321        9.6666666666666661        3.8605983678257623E-003
   8.3333333333333321        10.000000000000000        0.0000000000000000     
 
   8.6666666666666661        0.0000000000000000        0.0000000000000000     
   8.6666666666666661       0.33333333333333331        5.1653086483719138E-003
   8.6666666666666661       0.66666666666666663        1.2122546929244337E-002
   8.6666666666666661        1.0000000000000000        2.5936566141929174E-002
   8.6666666666666661        1.3333333333333333        3.7925821740969028E-002
   8.6666666666666661        1.6666666666666665        5.1131768482031242E-002
   8.6666666666666661        2.0000000000000000        5.7208254282943620E-002
   8.6666666666666661        2.3333333333333330        7.6431145339408216E-002
   8.6666666666666661        2.6666666666666665        9.2342888875179510E-002
   8.6666666666666661        3.0000000000000000       0.10157085740085917     
   8.6666666666666661        3.3333333333333330        0.0000000000000000     
   8.6666666666666661        3.6666666666666665        1.8930239340521099E-002
   8.6666666666666661        4.0000000000000000        2.5255584919507364E-002
   8.6666666666666661        4.3333333333333330        2.0273811045134742E-002
   8.6666666666666661        4.6666666666666661        1.8321005040650783E-002
   8.6666666666666661        5.0000000000000000        6.2418018716216321E-002
   8.6666666666666661        5.3333333333333330        6.3500523057702568E-002
   8.6666666666666661        5.6666666666666661        7.1987806288280623E-002
   8.6666666666666661        6.0000000000000000        6.7252287112444631E-002
   8.6666666666666661        6.3333333333333330        4.4192266562424885E-002
   8.6666666666666661        6.6666666666666661        1.8299723307257463E-002
   8.6666666666666661        7.0000000000000000        2.0082215951305594E-002
   8.6666666666666661        7.3333333333333330        1.9749634026170408E-002
   8.6666666666666661        7.6666666666666661        2.0507189698366346E-002
   8.6666666666666661        8.0000000000000000        1.2404819208985420E-002
   8.6666666666666661        8.3333333333333321        1.4561765686736164E-002
   8.6666666666666661        8.6666666666666661        1.0992511116955204E-002
   8.6666666666666661        9.0000000000000000        4.0894959034926594E-003
   8.6666666666666661        9.3333333333333321        2.5636557356459311E-003
   8.6666666666666661        9.6666666666666661        0.0000000000000000     
   8.6666666666666661        10.000000000000000        0.0000000000000000     
 
   9.0000000000000000        0.0000000000000000        0.0000000000000000     
   9.0000000000000000       0.33333333333333331        4.5608774889961479E-003
   9.0000000000000000       0.66666666666666663        1.0188715640970510E-002
   9.0000000000000000        1.0000000000000000        1.8104398062446379E-002
   9.0000000000000000        1.3333333333333333        2.7507218802002704E-002
   9.0000000000000000        1.6666666666666665        3.2606600568685210E-002
   9.0000000000000000        2.0000000000000000        5.0238238234899570E-002
   9.0000000000000000        2.3333333333333330        6.2441826106667549E-002
   9.0000000000000000        2.6666666666666665        1.5773033459892116E-003
   9.0000000000000000        3.0000000000000000        2.5995620298197891E-003
   9.0000000000000000        3.3333333333333330        9.1461339765286954E-003
   9.0000000000000000        3.6666666666666665        1.3413043105942218E-002
   9.0000000000000000        4.0000000000000000        1.9003726904818736E-002
   9.0000000000000000        4.3333333333333330        1.9184044434465870E-002
   9.0000000000000000        4.6666666666666661        1.4622930077714217E-003
   9.0000000000000000        5.0000000000000000        3.9517727641278318E-002
   9.0000000000000000        5.3333333333333330        4.0353393257366872E-002
   9.0000000000000000        5.6666666666666661        1.4862900464026040E-002
   9.0000000000000000        6.0000000000000000        1.7491846467354775E-002
   9.0000000000000000        6.3333333333333330        2.2798487125643575E-002
   9.0000000000000000        6.6666666666666661        1.7130204094829855E-002
   9.0000000000000000        7.0000000000000000        1.0256983856668282E-002
   9.0000000000000000        7.3333333333333330        1.2612762177715628E-002
   9.0000000000000000        7.6666666666666661        1.2809235742994980E-002
   9.0000000000000000        8.0000000000000000        1.0759918418113770E-002
   9.0000000000000000        8.3333333333333321        1.1183045535602591E-002
   9.0000000000000000        8.6666666666666661        8.6986129685362058E-003
   9.0000000000000000        9.0000000000000000        4.3117311041226576E-003
   9.0000000000000000        9.3333333333333321        2.7162598846913423E-003
   9.0000000000000000        9.6666666666666661        2.3042095472702035E-004
   9.0000000000000000        10.000000000000000        0.0000000000000000     
 
   9.3333333333333321        0.0000000000000000        0.0000000000000000     
   9.3333333333333321       0.33333333333333331        3.0790575054925494E-003
   9.3333333333333321       0.66666666666666663        6.3773550651462689E-003
   9.3333333333333321        1.0000000000000000        9.4819645342170827E-003
   9.3333333333333321        1.3333333333333333        1.0370913614239393E-002
   9.3333333333333321        1.6666666666666665        1.6063854994786551E-002
   9.3333333333333321        2.0000000000000000        2.1556539126063880E-003
   9.3333333333333321        2.3333333333333330        1.3805698467288497E-003
   9.3333333333333321        2.6666666666666665        1.6740761355028943E-003
   9.3333333333333321        3.0000000000000000        2.7509348235410466E-003
   9.3333333333333321        3.3333333333333330        5.3233927413748865E-003
   9.3333333333333321        3.6666666666666665        7.1853310736250085E-003
   9.3333333333333321        4.0000000000000000        0.0000000000000000     
   9.3333333333333321        4.3333333333333330        1.1797595153620827E-003
   9.3333333333333321        4.6666666666666661        1.5143857189015150E-003
   9.3333333333333321        5.0000000000000000        1.1989358056751729E-002
   9.3333333333333321        5.3333333333333330        1.8811628373995779E-002
   9.3333333333333321        5.6666666666666661        1.5301652238963397E-002
   9.3333333333333321        6.0000000000000000        1.2643138539300746E-002
   9.3333333333333321        6.3333333333333330        1.2917642961867946E-002
   9.3333333333333321        6.6666666666666661        1.0797539795270822E-002
   9.3333333333333321        7.0000000000000000        8.2947401054678377E-003
   9.3333333333333321        7.3333333333333330        8.1028973913956776E-003
   9.3333333333333321        7.6666666666666661        7.8355987496763185E-003
   9.3333333333333321        8.0000000000000000        7.0862984379833427E-003
   9.3333333333333321        8.3333333333333321        1.1709488755032229E-003
   9.3333333333333321        8.6666666666666661        1.3675383828697621E-003
   9.3333333333333321        9.0000000000000000        1.9614187894312499E-003
   9.3333333333333321        9.3333333333333321        1.4247176149794556E-003
   9.3333333333333321        9.6666666666666661        4.7472884055866499E-004
   9.3333333333333321        10.000000000000000        0.0000000000000000     
 
   9.6666666666666661        0.0000000000000000        0.0000000000000000     
   9.6666666666666661       0.33333333333333331        1.5100233972148984E-003
   9.6666666666666661       0.66666666666666663        3.0271623181041874E-003
   9.6666666666666661        1.0000000000000000        4.3513558526185967E-003
   9.6666666666666661        1.3333333333333333        5.0781846484787702E-003
   9.6666666666666661        1.6666666666666665        5.7936467298433355E-003
   9.6666666666666661        2.0000000000000000        2.2546459690145552E-003
   9.6666666666666661        2.3333333333333330        1.1651248869597485E-003
   9.6666666666666661        2.6666666666666665        1.0841085784814059E-003
   9.6666666666666661        3.0000000000000000        1.5575113859571208E-003
   9.6666666666666661        3.3333333333333330        2.4801489453321677E-003
   9.6666666666666661        3.6666666666666665        3.1685279551632753E-003
   9.6666666666666661        4.0000000000000000        4.3526620270725372E-004
   9.6666666666666661        4.3333333333333330        8.8457282599398775E-004
   9.6666666666666661        4.6666666666666661        1.9505588516772316E-003
   9.6666666666666661        5.0000000000000000        5.4573918005731128E-003
   9.6666666666666661        5.3333333333333330        8.0259246698153389E-003
   9.6666666666666661        5.6666666666666661        2.5663808315469134E-003
   9.6666666666666661        6.0000000000000000        5.2108222365842213E-003
   9.6666666666666661        6.3333333333333330        5.7855777352500337E-003
   9.6666666666666661        6.6666666666666661        5.1849376143556962E-003
   9.6666666666666661        7.0000000000000000        4.3256169085049553E-003
   9.6666666666666661        7.3333333333333330        3.9820497076559717E-003
   9.6666666666666661        7.6666666666666661        3.6570795141218494E-003
   9.6666666666666661        8.0000000000000000        2.9615893532968411E-003
   9.6666666666666661        8.3333333333333321        1.2309678141074053E-003
   9.6666666666666661        8.6666666666666661        8.5014145883756831E-004
   9.6666666666666661        9.0000000000000000        8.4785202498953460E-004
   9.6666666666666661        9.3333333333333321        6.2700002328386524E-004
   9.6666666666666661        9.6666666666666661        2.7144269748213481E-004
   9.6666666666666661        10.000000000000000        0.0000000000000000     
 
   10.000000000000000        0.0000000000000000        0.0000000000000000     
   10.000000000000000       0.33333333333333331        0.0000000000000000     
   10.000000000000000       0.66666666666666663        0.0000000000000000     
   10.000000000000000        1.0000000000000000        0.0000000000000000     
   10.000000000000000        1.3333333333333333        0.0000000000000000     
   10.000000000000000        1.6666666666666665        0.0000000000000000     
   10.000000000000000        2.0000000000000000        0.0000000000000000     
   10.000000000000000        2.3333333333333330        0.0000000000000000     
   10.000000000000000        2.6666666666666665        0.0000000000000000     
   10.000000000000000        3.0000000000000000        0.0000000000000000     
   10.000000000000000        3.3333333333333330        0.0000000000000000     
   10.000000000000000        3.6666666666666665        0.0000000000000000     
   10.000000000000000        4.0000000000000000        0.0000000000000000     
   10.000000000000000        4.3333333333333330        0.0000000000000000     
   10.000000000000000        4.6666666666666661        0.0000000000000000     
   10.000000000000000        5.0000000000000000        0.0000000000000000     
   10.000000000000000        5.3333333333333330        0.0000000000000000     
   10.000000000000000        5.6666666666666661        0.0000000000000000     
   10.000000000000000        6.0000000000000000        0.0000000000000000     
   10.000000000000000        6.3333333333333330        0.0000000000000000     
   10.000000000000000        6.6666666666666661        0.0000000000000000     
   10.000000000000000        7.0000000000000000        0.0000000000000000     
   10.000000000000000        7.3333333333333330        0.0000000000000000     
   10.000000000000000        7.6666666666666661        0.0000000000000000     
   10.000000000000000        8.0000000000000000        0.0000000000000000     
   10.000000000000000        8.3333333333333321        0.0000000000000000     
   10.000000000000000        8.6666666666666661        0.0000000000000000     
   10.000000000000000        9.0000000000000000        0.0000000000000000     
   10.000000000000000        9.3333333333333321        0.0000000000000000     
   10.000000000000000        9.6666666666666661        0.0000000000000000     
   10.000000000000000        10.000000000000000        0.0000000000000000     
 
