   0.0000000000000000        0.0000000000000000        0.0000000000000000     
   0.0000000000000000       0.33333333333333331        0.0000000000000000     
   0.0000000000000000       0.66666666666666663        0.0000000000000000     
   0.0000000000000000        1.0000000000000000        0.0000000000000000     
   0.0000000000000000        1.3333333333333333        0.0000000000000000     
   0.0000000000000000        1.6666666666666665        0.0000000000000000     
   0.0000000000000000        2.0000000000000000        0.0000000000000000     
   0.0000000000000000        2.3333333333333330        0.0000000000000000     
   0.0000000000000000        2.6666666666666665        0.0000000000000000     
   0.0000000000000000        3.0000000000000000        0.0000000000000000     
   0.0000000000000000        3.3333333333333330        0.0000000000000000     
   0.0000000000000000        3.6666666666666665        0.0000000000000000     
   0.0000000000000000        4.0000000000000000        0.0000000000000000     
   0.0000000000000000        4.3333333333333330        0.0000000000000000     
   0.0000000000000000        4.6666666666666661        0.0000000000000000     
   0.0000000000000000        5.0000000000000000        0.0000000000000000     
   0.0000000000000000        5.3333333333333330        0.0000000000000000     
   0.0000000000000000        5.6666666666666661        0.0000000000000000     
   0.0000000000000000        6.0000000000000000        0.0000000000000000     
   0.0000000000000000        6.3333333333333330        0.0000000000000000     
   0.0000000000000000        6.6666666666666661        0.0000000000000000     
   0.0000000000000000        7.0000000000000000        0.0000000000000000     
   0.0000000000000000        7.3333333333333330        0.0000000000000000     
   0.0000000000000000        7.6666666666666661        0.0000000000000000     
   0.0000000000000000        8.0000000000000000        0.0000000000000000     
   0.0000000000000000        8.3333333333333321        0.0000000000000000     
   0.0000000000000000        8.6666666666666661        0.0000000000000000     
   0.0000000000000000        9.0000000000000000        0.0000000000000000     
   0.0000000000000000        9.3333333333333321        0.0000000000000000     
   0.0000000000000000        9.6666666666666661        0.0000000000000000     
   0.0000000000000000        10.000000000000000        0.0000000000000000     
 
  0.33333333333333331        0.0000000000000000        0.0000000000000000     
  0.33333333333333331       0.33333333333333331        6.3912079397787803E-010
  0.33333333333333331       0.66666666666666663        1.0537055170742096E-009
  0.33333333333333331        1.0000000000000000        6.8508275053953240E-010
  0.33333333333333331        1.3333333333333333        1.8665289679824588E-009
  0.33333333333333331        1.6666666666666665        4.1635123766486112E-009
  0.33333333333333331        2.0000000000000000        1.0442391000802402E-008
  0.33333333333333331        2.3333333333333330        1.9717362588544574E-008
  0.33333333333333331        2.6666666666666665        2.5390145417085476E-008
  0.33333333333333331        3.0000000000000000        8.3349715376297286E-008
  0.33333333333333331        3.3333333333333330        1.0746240452625258E-007
  0.33333333333333331        3.6666666666666665        7.6860292220501220E-008
  0.33333333333333331        4.0000000000000000        6.3019834822263399E-008
  0.33333333333333331        4.3333333333333330        7.0713314527857493E-008
  0.33333333333333331        4.6666666666666661        5.2326310570514695E-008
  0.33333333333333331        5.0000000000000000        1.4156105224032721E-007
  0.33333333333333331        5.3333333333333330        5.1539197143068667E-007
  0.33333333333333331        5.6666666666666661        8.3801117477702255E-007
  0.33333333333333331        6.0000000000000000        1.1771711226721535E-006
  0.33333333333333331        6.3333333333333330        1.6046406434929173E-006
  0.33333333333333331        6.6666666666666661        7.8089860712132491E-007
  0.33333333333333331        7.0000000000000000        1.5005341280150009E-006
  0.33333333333333331        7.3333333333333330        4.3411934158601134E-007
  0.33333333333333331        7.6666666666666661        2.3163524361349858E-007
  0.33333333333333331        8.0000000000000000        1.1597867581664464E-007
  0.33333333333333331        8.3333333333333321        4.5701844273776816E-008
  0.33333333333333331        8.6666666666666661        2.1170361053030042E-008
  0.33333333333333331        9.0000000000000000        1.0629249578261898E-008
  0.33333333333333331        9.3333333333333321        3.9383195669825775E-009
  0.33333333333333331        9.6666666666666661        1.2800297702574717E-009
  0.33333333333333331        10.000000000000000        0.0000000000000000     
 
  0.66666666666666663        0.0000000000000000        0.0000000000000000     
  0.66666666666666663       0.33333333333333331        2.3064981617497127E-009
  0.66666666666666663       0.66666666666666663        4.2149133021787471E-009
  0.66666666666666663        1.0000000000000000        7.3970582558909598E-009
  0.66666666666666663        1.3333333333333333        4.9645953047413953E-009
  0.66666666666666663        1.6666666666666665        9.3515238463697140E-009
  0.66666666666666663        2.0000000000000000        3.0024796785428539E-008
  0.66666666666666663        2.3333333333333330        6.4774298913350099E-008
  0.66666666666666663        2.6666666666666665        2.3856292168082120E-007
  0.66666666666666663        3.0000000000000000        2.8589217653481605E-007
  0.66666666666666663        3.3333333333333330        3.7781962399750802E-007
  0.66666666666666663        3.6666666666666665        2.1647565112169343E-007
  0.66666666666666663        4.0000000000000000        1.7093577831983168E-007
  0.66666666666666663        4.3333333333333330        2.4172480657874779E-007
  0.66666666666666663        4.6666666666666661        0.0000000000000000     
  0.66666666666666663        5.0000000000000000        1.0000630920435963E-006
  0.66666666666666663        5.3333333333333330        1.5909352732891517E-006
  0.66666666666666663        5.6666666666666661        2.4843832488762968E-006
  0.66666666666666663        6.0000000000000000        3.4079648656231564E-006
  0.66666666666666663        6.3333333333333330        6.0126433504781719E-006
  0.66666666666666663        6.6666666666666661        8.2784085793856186E-006
  0.66666666666666663        7.0000000000000000        6.2442507561607425E-006
  0.66666666666666663        7.3333333333333330        2.9470212987093972E-007
  0.66666666666666663        7.6666666666666661        6.1121440752972713E-007
  0.66666666666666663        8.0000000000000000        3.0955430755546072E-007
  0.66666666666666663        8.3333333333333321        9.9493592254672109E-008
  0.66666666666666663        8.6666666666666661        5.4787116187730615E-008
  0.66666666666666663        9.0000000000000000        3.0733425094158837E-008
  0.66666666666666663        9.3333333333333321        8.8043792942684828E-009
  0.66666666666666663        9.6666666666666661        2.8002758082090331E-009
  0.66666666666666663        10.000000000000000        0.0000000000000000     
 
   1.0000000000000000        0.0000000000000000        0.0000000000000000     
   1.0000000000000000       0.33333333333333331        7.2595536039356171E-009
   1.0000000000000000       0.66666666666666663        1.4555014567348605E-008
   1.0000000000000000        1.0000000000000000        1.9083189362330443E-008
   1.0000000000000000        1.3333333333333333        7.3970582558909598E-009
   1.0000000000000000        1.6666666666666665        3.7566097609988687E-008
   1.0000000000000000        2.0000000000000000        6.8956266066110324E-008
   1.0000000000000000        2.3333333333333330        2.1337002616030286E-007
   1.0000000000000000        2.6666666666666665        4.3479856622657130E-007
   1.0000000000000000        3.0000000000000000        7.2898417176056041E-007
   1.0000000000000000        3.3333333333333330        1.2744605577016531E-006
   1.0000000000000000        3.6666666666666665        4.5865482469807047E-007
   1.0000000000000000        4.0000000000000000        3.3899774512843807E-007
   1.0000000000000000        4.3333333333333330        7.3009513539613829E-007
   1.0000000000000000        4.6666666666666661        6.9692798651539703E-007
   1.0000000000000000        5.0000000000000000        1.4093226108131326E-006
   1.0000000000000000        5.3333333333333330        3.9269378615306387E-006
   1.0000000000000000        5.6666666666666661        6.5064550481397459E-006
   1.0000000000000000        6.0000000000000000        7.2498845866443791E-006
   1.0000000000000000        6.3333333333333330        1.8806633751381932E-005
   1.0000000000000000        6.6666666666666661        1.8292250382208633E-005
   1.0000000000000000        7.0000000000000000        1.4991868120768147E-005
   1.0000000000000000        7.3333333333333330        7.4933608340015079E-006
   1.0000000000000000        7.6666666666666661        2.2217213466317735E-006
   1.0000000000000000        8.0000000000000000        7.2889771109540140E-007
   1.0000000000000000        8.3333333333333321        2.0146083834763471E-007
   1.0000000000000000        8.6666666666666661        1.3316786974154092E-007
   1.0000000000000000        9.0000000000000000        8.7105058156757618E-008
   1.0000000000000000        9.3333333333333321        2.0515123694716199E-009
   1.0000000000000000        9.6666666666666661        4.6465494898781106E-009
   1.0000000000000000        10.000000000000000        0.0000000000000000     
 
   1.3333333333333333        0.0000000000000000        0.0000000000000000     
   1.3333333333333333       0.33333333333333331        2.1222231792840246E-008
   1.3333333333333333       0.66666666666666663        4.5770525318769862E-008
   1.3333333333333333        1.0000000000000000        6.7475963107290248E-008
   1.3333333333333333        1.3333333333333333        1.1571272943821359E-007
   1.3333333333333333        1.6666666666666665        4.9504954750746501E-008
   1.3333333333333333        2.0000000000000000        4.0372440450560355E-007
   1.3333333333333333        2.3333333333333330        5.0201705280395480E-007
   1.3333333333333333        2.6666666666666665        9.9221946377728697E-007
   1.3333333333333333        3.0000000000000000        1.6346397348405567E-006
   1.3333333333333333        3.3333333333333330        4.7660935418437111E-006
   1.3333333333333333        3.6666666666666665        9.5822703568560337E-006
   1.3333333333333333        4.0000000000000000        3.1078703326283141E-006
   1.3333333333333333        4.3333333333333330        2.3352956616848360E-006
   1.3333333333333333        4.6666666666666661        6.2791818437881534E-006
   1.3333333333333333        5.0000000000000000        7.1906325532522185E-006
   1.3333333333333333        5.3333333333333330        9.9955700932283824E-006
   1.3333333333333333        5.6666666666666661        1.8591954903197806E-005
   1.3333333333333333        6.0000000000000000        8.4006309740697455E-005
   1.3333333333333333        6.3333333333333330        6.1540885586348920E-005
   1.3333333333333333        6.6666666666666661        4.8578021119145401E-005
   1.3333333333333333        7.0000000000000000        3.4816370474453849E-005
   1.3333333333333333        7.3333333333333330        1.9998059511170681E-005
   1.3333333333333333        7.6666666666666661        1.7827761575296783E-007
   1.3333333333333333        8.0000000000000000        3.8142670425473357E-007
   1.3333333333333333        8.3333333333333321        4.8548517704451949E-007
   1.3333333333333333        8.6666666666666661        3.3526987093167162E-007
   1.3333333333333333        9.0000000000000000        2.0069084909632820E-007
   1.3333333333333333        9.3333333333333321        5.5544536038046877E-008
   1.3333333333333333        9.6666666666666661        1.9563464660952002E-008
   1.3333333333333333        10.000000000000000        0.0000000000000000     
 
   1.6666666666666665        0.0000000000000000        0.0000000000000000     
   1.6666666666666665       0.33333333333333331        5.8184017658622216E-008
   1.6666666666666665       0.66666666666666663        1.2401792971906369E-007
   1.6666666666666665        1.0000000000000000        2.0921904187579891E-007
   1.6666666666666665        1.3333333333333333        3.0295379829656663E-007
   1.6666666666666665        1.6666666666666665        1.1354361483970772E-006
   1.6666666666666665        2.0000000000000000        7.1619170545341282E-007
   1.6666666666666665        2.3333333333333330        8.9869509828506139E-007
   1.6666666666666665        2.6666666666666665        2.3687331804272832E-006
   1.6666666666666665        3.0000000000000000        1.3358736097940509E-005
   1.6666666666666665        3.3333333333333330        1.5942233313012001E-005
   1.6666666666666665        3.6666666666666665        1.8714804810185425E-005
   1.6666666666666665        4.0000000000000000        6.8946904297143208E-006
   1.6666666666666665        4.3333333333333330        5.4440243923870994E-006
   1.6666666666666665        4.6666666666666661        1.2332491589383082E-005
   1.6666666666666665        5.0000000000000000        1.1315297146730310E-005
   1.6666666666666665        5.3333333333333330        1.9806391254261231E-005
   1.6666666666666665        5.6666666666666661        5.6817505922256557E-005
   1.6666666666666665        6.0000000000000000        1.8495293944574892E-004
   1.6666666666666665        6.3333333333333330        1.5260367720962745E-004
   1.6666666666666665        6.6666666666666661        1.2556582181185667E-004
   1.6666666666666665        7.0000000000000000        8.8775956894714320E-005
   1.6666666666666665        7.3333333333333330        3.6850681943896278E-005
   1.6666666666666665        7.6666666666666661        1.9459482706832846E-007
   1.6666666666666665        8.0000000000000000        5.2204675534998589E-007
   1.6666666666666665        8.3333333333333321        1.5121049599945139E-006
   1.6666666666666665        8.6666666666666661        8.6048163831021242E-007
   1.6666666666666665        9.0000000000000000        3.9265254909515414E-007
   1.6666666666666665        9.3333333333333321        1.5778668596560991E-007
   1.6666666666666665        9.6666666666666661        4.2471074731949136E-008
   1.6666666666666665        10.000000000000000        0.0000000000000000     
 
   2.0000000000000000        0.0000000000000000        0.0000000000000000     
   2.0000000000000000       0.33333333333333331        1.3609309191576434E-007
   2.0000000000000000       0.66666666666666663        3.1558482505310532E-007
   2.0000000000000000        1.0000000000000000        5.5334959138682985E-007
   2.0000000000000000        1.3333333333333333        8.8678145931338832E-007
   2.0000000000000000        1.6666666666666665        2.6695432443460004E-006
   2.0000000000000000        2.0000000000000000        1.1354361483970772E-006
   2.0000000000000000        2.3333333333333330        3.8155386951159567E-006
   2.0000000000000000        2.6666666666666665        7.5076093445407907E-006
   2.0000000000000000        3.0000000000000000        2.3508917386729864E-005
   2.0000000000000000        3.3333333333333330        4.1994482417647670E-005
   2.0000000000000000        3.6666666666666665        6.0015104098538248E-005
   2.0000000000000000        4.0000000000000000        7.4184540216681901E-005
   2.0000000000000000        4.3333333333333330        1.2035042896738479E-004
   2.0000000000000000        4.6666666666666661        3.7989132333308365E-005
   2.0000000000000000        5.0000000000000000        1.6726423292560656E-005
   2.0000000000000000        5.3333333333333330        0.0000000000000000     
   2.0000000000000000        5.6666666666666661        1.8386031358137193E-003
   2.0000000000000000        6.0000000000000000        6.1615354152643885E-004
   2.0000000000000000        6.3333333333333330        3.8000532916792603E-004
   2.0000000000000000        6.6666666666666661        3.2953885247163673E-004
   2.0000000000000000        7.0000000000000000        2.4132491443930497E-004
   2.0000000000000000        7.3333333333333330        3.2015510924580054E-008
   2.0000000000000000        7.6666666666666661        7.1739916430625243E-008
   2.0000000000000000        8.0000000000000000        1.4569284272221531E-005
   2.0000000000000000        8.3333333333333321        5.6579209698739769E-006
   2.0000000000000000        8.6666666666666661        2.0484171284624948E-006
   2.0000000000000000        9.0000000000000000        7.4386414450104311E-007
   2.0000000000000000        9.3333333333333321        3.0688791398535387E-007
   2.0000000000000000        9.6666666666666661        3.0399418468823936E-008
   2.0000000000000000        10.000000000000000        0.0000000000000000     
 
   2.3333333333333330        0.0000000000000000        0.0000000000000000     
   2.3333333333333330       0.33333333333333331        3.1548706542162634E-007
   2.3333333333333330       0.66666666666666663        7.5149385020075671E-007
   2.3333333333333330        1.0000000000000000        1.3486623333186347E-006
   2.3333333333333330        1.3333333333333333        6.9402055763053045E-006
   2.3333333333333330        1.6666666666666665        1.0101925613461787E-005
   2.3333333333333330        2.0000000000000000        3.2914936194360916E-005
   2.3333333333333330        2.3333333333333330        6.0197062291194521E-005
   2.3333333333333330        2.6666666666666665        7.8706442772610800E-005
   2.3333333333333330        3.0000000000000000        5.3343955886637456E-005
   2.3333333333333330        3.3333333333333330        1.0766964732638534E-004
   2.3333333333333330        3.6666666666666665        1.7479736122823949E-004
   2.3333333333333330        4.0000000000000000        1.4350289832685241E-004
   2.3333333333333330        4.3333333333333330        3.1330439678695337E-004
   2.3333333333333330        4.6666666666666661        1.2737340981281466E-003
   2.3333333333333330        5.0000000000000000        3.1672186062388259E-003
   2.3333333333333330        5.3333333333333330        5.7330576957572623E-003
   2.3333333333333330        5.6666666666666661        4.6813504460810670E-003
   2.3333333333333330        6.0000000000000000        1.7514514410129957E-003
   2.3333333333333330        6.3333333333333330        7.6982306171909814E-004
   2.3333333333333330        6.6666666666666661        8.7463310263150463E-004
   2.3333333333333330        7.0000000000000000        5.2993646946391387E-004
   2.3333333333333330        7.3333333333333330        2.8963219700833430E-004
   2.3333333333333330        7.6666666666666661        1.2338200471494724E-004
   2.3333333333333330        8.0000000000000000        3.7444879298262636E-005
   2.3333333333333330        8.3333333333333321        9.9546911933222345E-006
   2.3333333333333330        8.6666666666666661        2.9273485106347363E-006
   2.3333333333333330        9.0000000000000000        9.6558110416805131E-007
   2.3333333333333330        9.3333333333333321        3.3471160215835630E-007
   2.3333333333333330        9.6666666666666661        9.5913624349265228E-008
   2.3333333333333330        10.000000000000000        0.0000000000000000     
 
   2.6666666666666665        0.0000000000000000        0.0000000000000000     
   2.6666666666666665       0.33333333333333331        6.7193905845538661E-007
   2.6666666666666665       0.66666666666666663        1.7702771241706666E-006
   2.6666666666666665        1.0000000000000000        4.0433479422205220E-006
   2.6666666666666665        1.3333333333333333        1.0449639852050248E-005
   2.6666666666666665        1.6666666666666665        3.0305710524904235E-005
   2.6666666666666665        2.0000000000000000        6.4052192746127601E-005
   2.6666666666666665        2.3333333333333330        1.1668898864610772E-004
   2.6666666666666665        2.6666666666666665        1.7729176177481510E-004
   2.6666666666666665        3.0000000000000000        3.6045206853746003E-004
   2.6666666666666665        3.3333333333333330        2.5965578047388975E-004
   2.6666666666666665        3.6666666666666665        5.4678623156342496E-004
   2.6666666666666665        4.0000000000000000        5.0300470581137130E-004
   2.6666666666666665        4.3333333333333330        9.5897931837077798E-004
   2.6666666666666665        4.6666666666666661        2.4055313717501353E-003
   2.6666666666666665        5.0000000000000000        5.9216884556902568E-003
   2.6666666666666665        5.3333333333333330        1.1664733052630580E-002
   2.6666666666666665        5.6666666666666661        1.0488717147695373E-002
   2.6666666666666665        6.0000000000000000        4.2812315543520529E-003
   2.6666666666666665        6.3333333333333330        3.9640722162827269E-003
   2.6666666666666665        6.6666666666666661        2.6605073525720452E-003
   2.6666666666666665        7.0000000000000000        9.6019926645224570E-004
   2.6666666666666665        7.3333333333333330        5.6015933959628985E-004
   2.6666666666666665        7.6666666666666661        3.2534309169237664E-004
   2.6666666666666665        8.0000000000000000        1.6714711272291429E-006
   2.6666666666666665        8.3333333333333321        3.3241680477116831E-006
   2.6666666666666665        8.6666666666666661        1.5730237848198664E-006
   2.6666666666666665        9.0000000000000000        8.0820690025864944E-007
   2.6666666666666665        9.3333333333333321        3.1379478757829444E-007
   2.6666666666666665        9.6666666666666661        1.2251874224204369E-007
   2.6666666666666665        10.000000000000000        0.0000000000000000     
 
   3.0000000000000000        0.0000000000000000        0.0000000000000000     
   3.0000000000000000       0.33333333333333331        1.2690776804697465E-006
   3.0000000000000000       0.66666666666666663        3.3096460987360367E-006
   3.0000000000000000        1.0000000000000000        6.5094842041456617E-006
   3.0000000000000000        1.3333333333333333        3.9109882740268782E-005
   3.0000000000000000        1.6666666666666665        6.5139396618750200E-005
   3.0000000000000000        2.0000000000000000        1.3604860167590815E-004
   3.0000000000000000        2.3333333333333330        2.7293545087285823E-004
   3.0000000000000000        2.6666666666666665        4.9859997515296604E-004
   3.0000000000000000        3.0000000000000000        7.8785789772709003E-004
   3.0000000000000000        3.3333333333333330        1.8081147924652386E-003
   3.0000000000000000        3.6666666666666665        1.6917088085513657E-003
   3.0000000000000000        4.0000000000000000        7.6984274334511015E-004
   3.0000000000000000        4.3333333333333330        1.4623611424609689E-003
   3.0000000000000000        4.6666666666666661        3.5421748219784215E-003
   3.0000000000000000        5.0000000000000000        1.1414582125306006E-002
   3.0000000000000000        5.3333333333333330        3.4025659809997381E-002
   3.0000000000000000        5.6666666666666661        3.0021963521650406E-002
   3.0000000000000000        6.0000000000000000        2.2642307169332715E-002
   3.0000000000000000        6.3333333333333330        8.7645566999012322E-003
   3.0000000000000000        6.6666666666666661        7.2006463061579365E-003
   3.0000000000000000        7.0000000000000000        2.2918773007552288E-003
   3.0000000000000000        7.3333333333333330        1.1795662613801391E-003
   3.0000000000000000        7.6666666666666661        5.9450470748371803E-004
   3.0000000000000000        8.0000000000000000        1.4856686503792133E-004
   3.0000000000000000        8.3333333333333321        3.7881329633840542E-007
   3.0000000000000000        8.6666666666666661        7.8341124954732572E-007
   3.0000000000000000        9.0000000000000000        1.1925693318850521E-006
   3.0000000000000000        9.3333333333333321        4.9052682099993054E-007
   3.0000000000000000        9.6666666666666661        2.0978531606303397E-007
   3.0000000000000000        10.000000000000000        0.0000000000000000     
 
   3.3333333333333330        0.0000000000000000        0.0000000000000000     
   3.3333333333333330       0.33333333333333331        2.3078273445329309E-006
   3.3333333333333330       0.66666666666666663        6.8971526236768043E-006
   3.3333333333333330        1.0000000000000000        1.8374520893290883E-005
   3.3333333333333330        1.3333333333333333        4.9917848546926582E-005
   3.3333333333333330        1.6666666666666665        1.1579733656577364E-004
   3.3333333333333330        2.0000000000000000        2.6725290487066575E-004
   3.3333333333333330        2.3333333333333330        5.8824445912285088E-004
   3.3333333333333330        2.6666666666666665        1.2030589937286596E-003
   3.3333333333333330        3.0000000000000000        2.2025619103340690E-003
   3.3333333333333330        3.3333333333333330        3.5049482451457274E-003
   3.3333333333333330        3.6666666666666665        4.1874055188683397E-003
   3.3333333333333330        4.0000000000000000        2.8647609243911375E-003
   3.3333333333333330        4.3333333333333330        1.8594958828344660E-003
   3.3333333333333330        4.6666666666666661        1.8785294780264074E-003
   3.3333333333333330        5.0000000000000000        9.0260930284216584E-002
   3.3333333333333330        5.3333333333333330       0.10923491649844490     
   3.3333333333333330        5.6666666666666661        6.9497094165277815E-002
   3.3333333333333330        6.0000000000000000        5.5212868507345955E-002
   3.3333333333333330        6.3333333333333330        3.0236142888374402E-002
   3.3333333333333330        6.6666666666666661        1.6403128558852276E-002
   3.3333333333333330        7.0000000000000000        5.4414599548604486E-003
   3.3333333333333330        7.3333333333333330        2.3367781075638526E-003
   3.3333333333333330        7.6666666666666661        8.2399951634427686E-004
   3.3333333333333330        8.0000000000000000        2.8791360405144725E-004
   3.3333333333333330        8.3333333333333321        2.5852985782786254E-005
   3.3333333333333330        8.6666666666666661        6.5171953092347906E-006
   3.3333333333333330        9.0000000000000000        3.1703298029695773E-006
   3.3333333333333330        9.3333333333333321        1.2660740831205996E-006
   3.3333333333333330        9.6666666666666661        4.4055916312963506E-007
   3.3333333333333330        10.000000000000000        0.0000000000000000     
 
   3.6666666666666665        0.0000000000000000        0.0000000000000000     
   3.6666666666666665       0.33333333333333331        3.3056680618551471E-006
   3.6666666666666665       0.66666666666666663        1.0135661842200469E-005
   3.6666666666666665        1.0000000000000000        2.7537906728498969E-005
   3.6666666666666665        1.3333333333333333        7.3001196221872831E-005
   3.6666666666666665        1.6666666666666665        1.8758204186201412E-004
   3.6666666666666665        2.0000000000000000        4.7152823652704142E-004
   3.6666666666666665        2.3333333333333330        1.1352221125303966E-003
   3.6666666666666665        2.6666666666666665        2.5791313397031061E-003
   3.6666666666666665        3.0000000000000000        5.2136126773303960E-003
   3.6666666666666665        3.3333333333333330        8.7952155064799920E-003
   3.6666666666666665        3.6666666666666665        1.0872707003116712E-002
   3.6666666666666665        4.0000000000000000        6.3380735883290821E-003
   3.6666666666666665        4.3333333333333330        2.8647609243911375E-003
   3.6666666666666665        4.6666666666666661       0.11203806893986505     
   3.6666666666666665        5.0000000000000000       0.14052783705991437     
   3.6666666666666665        5.3333333333333330       0.32167881786646524     
   3.6666666666666665        5.6666666666666661       0.13657562357174868     
   3.6666666666666665        6.0000000000000000       0.11695758701704079     
   3.6666666666666665        6.3333333333333330        6.8849865407566740E-002
   3.6666666666666665        6.6666666666666661        3.6488396550213763E-002
   3.6666666666666665        7.0000000000000000        9.1144651601324164E-003
   3.6666666666666665        7.3333333333333330        3.9759452649764243E-003
   3.6666666666666665        7.6666666666666661        8.0807359685859277E-005
   3.6666666666666665        8.0000000000000000        1.5681484078728338E-004
   3.6666666666666665        8.3333333333333321        5.0476953583506635E-005
   3.6666666666666665        8.6666666666666661        1.6141615237153673E-005
   3.6666666666666665        9.0000000000000000        6.7861333395056296E-006
   3.6666666666666665        9.3333333333333321        2.2097166876109563E-006
   3.6666666666666665        9.6666666666666661        7.2695479450135521E-007
   3.6666666666666665        10.000000000000000        0.0000000000000000     
 
   4.0000000000000000        0.0000000000000000        0.0000000000000000     
   4.0000000000000000       0.33333333333333331        3.9169088206850107E-006
   4.0000000000000000       0.66666666666666663        1.2446395232377553E-005
   4.0000000000000000        1.0000000000000000        3.4421338121076590E-005
   4.0000000000000000        1.3333333333333333        9.4543196020470817E-005
   4.0000000000000000        1.6666666666666665        2.6090792970563241E-004
   4.0000000000000000        2.0000000000000000        7.1830921295279676E-004
   4.0000000000000000        2.3333333333333330        1.8989445962712321E-003
   4.0000000000000000        2.6666666666666665        4.9802030350290958E-003
   4.0000000000000000        3.0000000000000000        1.1648051903033484E-002
   4.0000000000000000        3.3333333333333330        2.2777273275102539E-002
   4.0000000000000000        3.6666666666666665        3.2874996360620488E-002
   4.0000000000000000        4.0000000000000000        1.4001513353644506E-002
   4.0000000000000000        4.3333333333333330       0.35441461683727432     
   4.0000000000000000        4.6666666666666661       0.17034510963068736     
   4.0000000000000000        5.0000000000000000        1.5709505235084493     
   4.0000000000000000        5.3333333333333330        1.1055738382709097     
   4.0000000000000000        5.6666666666666661       0.55629895267453633     
   4.0000000000000000        6.0000000000000000       0.29422748412263472     
   4.0000000000000000        6.3333333333333330       0.14526424633408630     
   4.0000000000000000        6.6666666666666661        5.3828282384648540E-002
   4.0000000000000000        7.0000000000000000        2.2045519149483377E-002
   4.0000000000000000        7.3333333333333330        3.0874292556454359E-003
   4.0000000000000000        7.6666666666666661        6.9114583456656180E-004
   4.0000000000000000        8.0000000000000000        3.5325478794552415E-004
   4.0000000000000000        8.3333333333333321        8.9114877348147313E-005
   4.0000000000000000        8.6666666666666661        2.2649088456493516E-005
   4.0000000000000000        9.0000000000000000        1.2143594523520001E-005
   4.0000000000000000        9.3333333333333321        2.3161279757666941E-006
   4.0000000000000000        9.6666666666666661        9.7236463948426562E-007
   4.0000000000000000        10.000000000000000        0.0000000000000000     
 
   4.3333333333333330        0.0000000000000000        0.0000000000000000     
   4.3333333333333330       0.33333333333333331        3.6682562861551025E-006
   4.3333333333333330       0.66666666666666663        1.3033511160354694E-005
   4.3333333333333330        1.0000000000000000        3.5309669269500758E-005
   4.3333333333333330        1.3333333333333333        9.6641703828043290E-005
   4.3333333333333330        1.6666666666666665        2.7857314120234881E-004
   4.3333333333333330        2.0000000000000000        8.7666528293444497E-004
   4.3333333333333330        2.3333333333333330        2.4003462401048143E-003
   4.3333333333333330        2.6666666666666665        7.9726476364978798E-003
   4.3333333333333330        3.0000000000000000        2.3076214398865126E-002
   4.3333333333333330        3.3333333333333330        5.5607231595365271E-002
   4.3333333333333330        3.6666666666666665       0.10864247265389551     
   4.3333333333333330        4.0000000000000000       0.60483396422321467     
   4.3333333333333330        4.3333333333333330       0.77238174406447291     
   4.3333333333333330        4.6666666666666661        2.7510295309110964     
   4.3333333333333330        5.0000000000000000        2.8087585227687457     
   4.3333333333333330        5.3333333333333330        2.0244152119182366     
   4.3333333333333330        5.6666666666666661        1.1718959707801704     
   4.3333333333333330        6.0000000000000000       0.56013902807639193     
   4.3333333333333330        6.3333333333333330       0.27090012908479844     
   4.3333333333333330        6.6666666666666661        5.3655560738195059E-002
   4.3333333333333330        7.0000000000000000        2.1343768139428274E-002
   4.3333333333333330        7.3333333333333330        5.7907170354323714E-003
   4.3333333333333330        7.6666666666666661        1.6466966154093867E-003
   4.3333333333333330        8.0000000000000000        5.3258564346110029E-004
   4.3333333333333330        8.3333333333333321        1.7200084562611070E-004
   4.3333333333333330        8.6666666666666661        5.4504822522346645E-005
   4.3333333333333330        9.0000000000000000        1.8548114653796073E-005
   4.3333333333333330        9.3333333333333321        5.8993159148765507E-006
   4.3333333333333330        9.6666666666666661        1.7966320046404515E-006
   4.3333333333333330        10.000000000000000        0.0000000000000000     
 
   4.6666666666666661        0.0000000000000000        0.0000000000000000     
   4.6666666666666661       0.33333333333333331        1.2055208600145323E-006
   4.6666666666666661       0.66666666666666663        1.5358861600771934E-005
   4.6666666666666661        1.0000000000000000        2.9998504334520929E-005
   4.6666666666666661        1.3333333333333333        6.6684202086404645E-005
   4.6666666666666661        1.6666666666666665        1.2982462206163070E-004
   4.6666666666666661        2.0000000000000000        4.3343755050938163E-004
   4.6666666666666661        2.3333333333333330        8.9287126966340797E-004
   4.6666666666666661        2.6666666666666665        1.9419660774323149E-002
   4.6666666666666661        3.0000000000000000        3.5163635506378667E-002
   4.6666666666666661        3.3333333333333330       0.10923356156819607     
   4.6666666666666661        3.6666666666666665       0.31340134157813671     
   4.6666666666666661        4.0000000000000000       0.81693671980760885     
   4.6666666666666661        4.3333333333333330        1.7821528477973916     
   4.6666666666666661        4.6666666666666661        3.7853992316580443     
   4.6666666666666661        5.0000000000000000        5.6102472421193088     
   4.6666666666666661        5.3333333333333330        3.8039186514938939     
   4.6666666666666661        5.6666666666666661        2.1508555808064078     
   4.6666666666666661        6.0000000000000000       0.84831172937560362     
   4.6666666666666661        6.3333333333333330       0.29456300050713891     
   4.6666666666666661        6.6666666666666661       0.12775074625885377     
   4.6666666666666661        7.0000000000000000        1.0449511069074823E-003
   4.6666666666666661        7.3333333333333330        1.9838730812500407E-003
   4.6666666666666661        7.6666666666666661        1.0061628042433938E-003
   4.6666666666666661        8.0000000000000000        4.3463432538224674E-004
   4.6666666666666661        8.3333333333333321        1.6889904827024007E-004
   4.6666666666666661        8.6666666666666661        5.5439975678082085E-005
   4.6666666666666661        9.0000000000000000        1.9130293637210851E-005
   4.6666666666666661        9.3333333333333321        6.5589106469433752E-006
   4.6666666666666661        9.6666666666666661        2.0441745759344832E-006
   4.6666666666666661        10.000000000000000        0.0000000000000000     
 
   5.0000000000000000        0.0000000000000000        0.0000000000000000     
   5.0000000000000000       0.33333333333333331        1.1096091102456507E-006
   5.0000000000000000       0.66666666666666663        1.5060837813432605E-005
   5.0000000000000000        1.0000000000000000        3.0886719336624977E-005
   5.0000000000000000        1.3333333333333333        7.2160066353114423E-005
   5.0000000000000000        1.6666666666666665        1.6329813755077002E-004
   5.0000000000000000        2.0000000000000000        3.6459623549878591E-004
   5.0000000000000000        2.3333333333333330        6.2882553074712470E-004
   5.0000000000000000        2.6666666666666665        8.4727126033679826E-003
   5.0000000000000000        3.0000000000000000        1.5680853790586893E-002
   5.0000000000000000        3.3333333333333330       0.24390406651937932     
   5.0000000000000000        3.6666666666666665       0.41523126766847396     
   5.0000000000000000        4.0000000000000000       0.99936271700979595     
   5.0000000000000000        4.3333333333333330        2.4023481050220190     
   5.0000000000000000        4.6666666666666661        5.4913095701961376     
   5.0000000000000000        5.0000000000000000        10.408301246494327     
   5.0000000000000000        5.3333333333333330        5.9358470082731758     
   5.0000000000000000        5.6666666666666661        3.6007193654547516     
   5.0000000000000000        6.0000000000000000        9.5253754663067763E-002
   5.0000000000000000        6.3333333333333330       0.12326103327027943     
   5.0000000000000000        6.6666666666666661        1.2935267963906342E-002
   5.0000000000000000        7.0000000000000000        3.3593287796604920E-003
   5.0000000000000000        7.3333333333333330        1.8289872663559950E-003
   5.0000000000000000        7.6666666666666661        8.5527784906512202E-004
   5.0000000000000000        8.0000000000000000        4.2500063795543151E-004
   5.0000000000000000        8.3333333333333321        4.6249090694103476E-005
   5.0000000000000000        8.6666666666666661        3.0925094514399168E-005
   5.0000000000000000        9.0000000000000000        1.4052204577143359E-005
   5.0000000000000000        9.3333333333333321        5.4278837010227210E-006
   5.0000000000000000        9.6666666666666661        1.7887993611766149E-006
   5.0000000000000000        10.000000000000000        0.0000000000000000     
 
   5.3333333333333330        0.0000000000000000        0.0000000000000000     
   5.3333333333333330       0.33333333333333331        3.1875966489700123E-006
   5.3333333333333330       0.66666666666666663        1.3583599210193125E-005
   5.3333333333333330        1.0000000000000000        3.5390912207544505E-005
   5.3333333333333330        1.3333333333333333        9.4854466578270740E-005
   5.3333333333333330        1.6666666666666665        2.3642616475255177E-004
   5.3333333333333330        2.0000000000000000        5.6288807165762005E-004
   5.3333333333333330        2.3333333333333330        1.1905082269173168E-003
   5.3333333333333330        2.6666666666666665        9.5456091892952254E-003
   5.3333333333333330        3.0000000000000000        1.6172353203765540E-002
   5.3333333333333330        3.3333333333333330       0.17167679975980982     
   5.3333333333333330        3.6666666666666665       0.35519523744626957     
   5.3333333333333330        4.0000000000000000       0.81785212061205803     
   5.3333333333333330        4.3333333333333330        1.8218036208801500     
   5.3333333333333330        4.6666666666666661        3.6583561613069344     
   5.3333333333333330        5.0000000000000000        5.7782140888032671     
   5.3333333333333330        5.3333333333333330        4.4014734879776176     
   5.3333333333333330        5.6666666666666661       0.35749301130157890     
   5.3333333333333330        6.0000000000000000       0.14049600964032624     
   5.3333333333333330        6.3333333333333330        7.0193130476890284E-002
   5.3333333333333330        6.6666666666666661        2.3879633114748725E-002
   5.3333333333333330        7.0000000000000000        7.8062394849736372E-003
   5.3333333333333330        7.3333333333333330        2.7321479326051176E-003
   5.3333333333333330        7.6666666666666661        9.2962400553052926E-004
   5.3333333333333330        8.0000000000000000        3.7328639713910873E-004
   5.3333333333333330        8.3333333333333321        1.0499882159844703E-004
   5.3333333333333330        8.6666666666666661        3.7143705578313915E-005
   5.3333333333333330        9.0000000000000000        1.4103736773015883E-005
   5.3333333333333330        9.3333333333333321        4.5288794808981472E-006
   5.3333333333333330        9.6666666666666661        1.4143755429756741E-006
   5.3333333333333330        10.000000000000000        0.0000000000000000     
 
   5.6666666666666661        0.0000000000000000        0.0000000000000000     
   5.6666666666666661       0.33333333333333331        1.1071335269098582E-006
   5.6666666666666661       0.66666666666666663        2.0494281120358262E-006
   5.6666666666666661        1.0000000000000000        4.6866116887658164E-005
   5.6666666666666661        1.3333333333333333        1.2286592672840945E-004
   5.6666666666666661        1.6666666666666665        3.3912756441384281E-004
   5.6666666666666661        2.0000000000000000        9.6166131280623094E-004
   5.6666666666666661        2.3333333333333330        3.4217637067997758E-003
   5.6666666666666661        2.6666666666666665        1.1021487259275658E-002
   5.6666666666666661        3.0000000000000000        3.6635123299726811E-002
   5.6666666666666661        3.3333333333333330       0.11156494669975558     
   5.6666666666666661        3.6666666666666665       0.24210008357391580     
   5.6666666666666661        4.0000000000000000       0.52368411961123684     
   5.6666666666666661        4.3333333333333330        1.0695063471928894     
   5.6666666666666661        4.6666666666666661        1.9567251226811002     
   5.6666666666666661        5.0000000000000000        3.0389699418683547     
   5.6666666666666661        5.3333333333333330        2.0751622393517444     
   5.6666666666666661        5.6666666666666661       0.80380398615780546     
   5.6666666666666661        6.0000000000000000        6.1658977270778258E-002
   5.6666666666666661        6.3333333333333330        4.6924648333696597E-002
   5.6666666666666661        6.6666666666666661        8.2532484206886622E-003
   5.6666666666666661        7.0000000000000000        2.6496207866497493E-003
   5.6666666666666661        7.3333333333333330        7.5885732218755955E-004
   5.6666666666666661        7.6666666666666661        5.8599066329309926E-004
   5.6666666666666661        8.0000000000000000        8.6693101544862232E-005
   5.6666666666666661        8.3333333333333321        6.0432815672640786E-005
   5.6666666666666661        8.6666666666666661        3.3452540382990522E-005
   5.6666666666666661        9.0000000000000000        7.6108335241433979E-007
   5.6666666666666661        9.3333333333333321        1.5225792186899935E-006
   5.6666666666666661        9.6666666666666661        7.0926976069430192E-007
   5.6666666666666661        10.000000000000000        0.0000000000000000     
 
   6.0000000000000000        0.0000000000000000        0.0000000000000000     
   6.0000000000000000       0.33333333333333331        1.1980758214446807E-006
   6.0000000000000000       0.66666666666666663        4.0270937081952161E-006
   6.0000000000000000        1.0000000000000000        1.4353259165543968E-005
   6.0000000000000000        1.3333333333333333        0.0000000000000000     
   6.0000000000000000        1.6666666666666665        1.8925807694743501E-004
   6.0000000000000000        2.0000000000000000        3.6284862973553843E-004
   6.0000000000000000        2.3333333333333330        1.4724310417966722E-003
   6.0000000000000000        2.6666666666666665        3.5652118453600164E-003
   6.0000000000000000        3.0000000000000000        4.3251825498704648E-002
   6.0000000000000000        3.3333333333333330        7.8871907713573858E-002
   6.0000000000000000        3.6666666666666665       0.14317747300174166     
   6.0000000000000000        4.0000000000000000       0.28081486343333462     
   6.0000000000000000        4.3333333333333330       0.51011551683818512     
   6.0000000000000000        4.6666666666666661       0.77922602246087380     
   6.0000000000000000        5.0000000000000000       0.38531772563694361     
   6.0000000000000000        5.3333333333333330       0.81118507701198561     
   6.0000000000000000        5.6666666666666661       0.40417002346313102     
   6.0000000000000000        6.0000000000000000       0.12329747273171028     
   6.0000000000000000        6.3333333333333330        4.5975188337156192E-002
   6.0000000000000000        6.6666666666666661        1.5212025509583902E-002
   6.0000000000000000        7.0000000000000000        4.9535266211283603E-003
   6.0000000000000000        7.3333333333333330        1.6086496048568449E-003
   6.0000000000000000        7.6666666666666661        5.9822432414491768E-004
   6.0000000000000000        8.0000000000000000        1.9325685540365421E-004
   6.0000000000000000        8.3333333333333321        7.3044430446449860E-005
   6.0000000000000000        8.6666666666666661        3.4361305669699572E-005
   6.0000000000000000        9.0000000000000000        3.1819089087449952E-006
   6.0000000000000000        9.3333333333333321        1.5798545564176936E-006
   6.0000000000000000        9.6666666666666661        5.9885616217828064E-007
   6.0000000000000000        10.000000000000000        0.0000000000000000     
 
   6.3333333333333330        0.0000000000000000        0.0000000000000000     
   6.3333333333333330       0.33333333333333331        8.0922108266453318E-007
   6.3333333333333330       0.66666666666666663        2.3401105850968680E-006
   6.3333333333333330        1.0000000000000000        5.6550572657140121E-006
   6.3333333333333330        1.3333333333333333        1.0025774974968020E-005
   6.3333333333333330        1.6666666666666665        1.1168449794998074E-004
   6.3333333333333330        2.0000000000000000        2.6329822748735277E-004
   6.3333333333333330        2.3333333333333330        6.7163730593945031E-004
   6.3333333333333330        2.6666666666666665        1.2393380510230530E-003
   6.3333333333333330        3.0000000000000000        3.4793497108568744E-004
   6.3333333333333330        3.3333333333333330        4.1460330219177249E-002
   6.3333333333333330        3.6666666666666665        7.5438364317191184E-002
   6.3333333333333330        4.0000000000000000       0.13493796645025741     
   6.3333333333333330        4.3333333333333330       0.21954545217355126     
   6.3333333333333330        4.6666666666666661       0.28776600606207536     
   6.3333333333333330        5.0000000000000000       0.20932185043493559     
   6.3333333333333330        5.3333333333333330        6.2055793164211601E-002
   6.3333333333333330        5.6666666666666661       0.12354820710538258     
   6.3333333333333330        6.0000000000000000        6.6249907938916525E-002
   6.3333333333333330        6.3333333333333330        3.3342745279402418E-002
   6.3333333333333330        6.6666666666666661        1.3899700436861243E-002
   6.3333333333333330        7.0000000000000000        4.4963346429251249E-003
   6.3333333333333330        7.3333333333333330        1.5164987794682671E-003
   6.3333333333333330        7.6666666666666661        5.3760270177409715E-004
   6.3333333333333330        8.0000000000000000        1.9064157476830968E-004
   6.3333333333333330        8.3333333333333321        7.1782507181869444E-005
   6.3333333333333330        8.6666666666666661        2.8936665850142352E-005
   6.3333333333333330        9.0000000000000000        7.8549975207101605E-006
   6.3333333333333330        9.3333333333333321        2.5562261791330748E-006
   6.3333333333333330        9.6666666666666661        6.9819182929200164E-007
   6.3333333333333330        10.000000000000000        0.0000000000000000     
 
   6.6666666666666661        0.0000000000000000        0.0000000000000000     
   6.6666666666666661       0.33333333333333331        4.8300569248228730E-007
   6.6666666666666661       0.66666666666666663        1.1160334044365943E-006
   6.6666666666666661        1.0000000000000000        8.5192467390550223E-006
   6.6666666666666661        1.3333333333333333        1.9658949261838311E-005
   6.6666666666666661        1.6666666666666665        6.3427041296528698E-005
   6.6666666666666661        2.0000000000000000        1.4628715373221144E-004
   6.6666666666666661        2.3333333333333330        3.1121507983823552E-004
   6.6666666666666661        2.6666666666666665        5.6898056867861881E-004
   6.6666666666666661        3.0000000000000000        6.6984765331285694E-004
   6.6666666666666661        3.3333333333333330        1.6184228624166956E-002
   6.6666666666666661        3.6666666666666665        4.0476929027145996E-002
   6.6666666666666661        4.0000000000000000        6.2442626536840101E-002
   6.6666666666666661        4.3333333333333330        9.6071255162710770E-002
   6.6666666666666661        4.6666666666666661       0.13046838594112870     
   6.6666666666666661        5.0000000000000000       0.10309896806792207     
   6.6666666666666661        5.3333333333333330        4.7738251079288432E-002
   6.6666666666666661        5.6666666666666661        4.6776045606746544E-002
   6.6666666666666661        6.0000000000000000        3.3701258388217366E-002
   6.6666666666666661        6.3333333333333330        2.0943094929047456E-003
   6.6666666666666661        6.6666666666666661        9.2780043790254550E-004
   6.6666666666666661        7.0000000000000000        1.4081868785232262E-003
   6.6666666666666661        7.3333333333333330        7.3989207291629618E-004
   6.6666666666666661        7.6666666666666661        3.2367537368339124E-004
   6.6666666666666661        8.0000000000000000        1.3322569081805600E-004
   6.6666666666666661        8.3333333333333321        6.0977707056716658E-005
   6.6666666666666661        8.6666666666666661        4.9921900855986962E-006
   6.6666666666666661        9.0000000000000000        4.2356264624385702E-006
   6.6666666666666661        9.3333333333333321        5.7892254979393185E-007
   6.6666666666666661        9.6666666666666661        3.1944412245810112E-007
   6.6666666666666661        10.000000000000000        0.0000000000000000     
 
   7.0000000000000000        0.0000000000000000        0.0000000000000000     
   7.0000000000000000       0.33333333333333331        4.7955401776024531E-007
   7.0000000000000000       0.66666666666666663        1.6125613500052383E-006
   7.0000000000000000        1.0000000000000000        5.5610917890191088E-006
   7.0000000000000000        1.3333333333333333        1.5306799356437371E-005
   7.0000000000000000        1.6666666666666665        3.5294679684783016E-005
   7.0000000000000000        2.0000000000000000        8.2069386698608684E-005
   7.0000000000000000        2.3333333333333330        1.4136186725328991E-004
   7.0000000000000000        2.6666666666666665        7.5920463092901897E-004
   7.0000000000000000        3.0000000000000000        1.7004473881540611E-003
   7.0000000000000000        3.3333333333333330        5.4759316820890422E-003
   7.0000000000000000        3.6666666666666665        1.1485370269458143E-002
   7.0000000000000000        4.0000000000000000        2.6853466841397514E-002
   7.0000000000000000        4.3333333333333330        4.3911666830378809E-002
   7.0000000000000000        4.6666666666666661        5.9248179120250256E-004
   7.0000000000000000        5.0000000000000000        7.1960102508769686E-003
   7.0000000000000000        5.3333333333333330        1.6533905933904688E-002
   7.0000000000000000        5.6666666666666661        1.7624057417247350E-002
   7.0000000000000000        6.0000000000000000        1.4472576772869334E-002
   7.0000000000000000        6.3333333333333330        3.9277622954029170E-003
   7.0000000000000000        6.6666666666666661        1.2722427171806014E-003
   7.0000000000000000        7.0000000000000000        6.9477144243804709E-004
   7.0000000000000000        7.3333333333333330        3.6670747243511791E-004
   7.0000000000000000        7.6666666666666661        1.7600956059933161E-004
   7.0000000000000000        8.0000000000000000        7.9847622036241631E-005
   7.0000000000000000        8.3333333333333321        3.4726704772644994E-005
   7.0000000000000000        8.6666666666666661        1.0562665811373674E-005
   7.0000000000000000        9.0000000000000000        3.9624080938358072E-006
   7.0000000000000000        9.3333333333333321        1.4123785092217688E-006
   7.0000000000000000        9.6666666666666661        8.6868690361022802E-008
   7.0000000000000000        10.000000000000000        0.0000000000000000     
 
   7.3333333333333330        0.0000000000000000        0.0000000000000000     
   7.3333333333333330       0.33333333333333331        2.9486755672546283E-007
   7.3333333333333330       0.66666666666666663        8.7041230799237218E-007
   7.3333333333333330        1.0000000000000000        2.1599025087296804E-006
   7.3333333333333330        1.3333333333333333        6.2784869451169190E-006
   7.3333333333333330        1.6666666666666665        1.3702445407359494E-005
   7.3333333333333330        2.0000000000000000        6.7417725527268996E-005
   7.3333333333333330        2.3333333333333330        1.6198819743646280E-004
   7.3333333333333330        2.6666666666666665        5.0801194081590245E-004
   7.3333333333333330        3.0000000000000000        1.4084798937290370E-003
   7.3333333333333330        3.3333333333333330        3.2845758524543867E-003
   7.3333333333333330        3.6666666666666665        5.8738790429010987E-003
   7.3333333333333330        4.0000000000000000        1.1485370269458143E-002
   7.3333333333333330        4.3333333333333330        5.9248179120250256E-004
   7.3333333333333330        4.6666666666666661        1.1327296838083071E-003
   7.3333333333333330        5.0000000000000000        3.9958479280333883E-003
   7.3333333333333330        5.3333333333333330        7.1334620191807257E-003
   7.3333333333333330        5.6666666666666661        6.9361163512325743E-003
   7.3333333333333330        6.0000000000000000        6.5893430912464680E-004
   7.3333333333333330        6.3333333333333330        1.1941437077849478E-003
   7.3333333333333330        6.6666666666666661        6.4978443929271867E-004
   7.3333333333333330        7.0000000000000000        3.4935114465751499E-004
   7.3333333333333330        7.3333333333333330        1.8689156825295214E-004
   7.3333333333333330        7.6666666666666661        9.4868254617994820E-005
   7.3333333333333330        8.0000000000000000        4.9490271064859810E-005
   7.3333333333333330        8.3333333333333321        2.0140753007834303E-005
   7.3333333333333330        8.6666666666666661        8.6335397485091424E-006
   7.3333333333333330        9.0000000000000000        3.4442605760174001E-006
   7.3333333333333330        9.3333333333333321        1.0886565248254070E-006
   7.3333333333333330        9.6666666666666661        2.6101039393824291E-007
   7.3333333333333330        10.000000000000000        0.0000000000000000     
 
   7.6666666666666661        0.0000000000000000        0.0000000000000000     
   7.6666666666666661       0.33333333333333331        1.2162537994914550E-007
   7.6666666666666661       0.66666666666666663        2.7026281411335930E-007
   7.6666666666666661        1.0000000000000000        2.4846731926222430E-006
   7.6666666666666661        1.3333333333333333        4.9504866630133864E-006
   7.6666666666666661        1.6666666666666665        1.2643202259391180E-005
   7.6666666666666661        2.0000000000000000        3.6346519912472375E-005
   7.6666666666666661        2.3333333333333330        8.1527287599509251E-005
   7.6666666666666661        2.6666666666666665        1.6684037903102306E-004
   7.6666666666666661        3.0000000000000000        4.6390715064419096E-005
   7.6666666666666661        3.3333333333333330        9.0301886870989927E-004
   7.6666666666666661        3.6666666666666665        2.3441614590859424E-003
   7.6666666666666661        4.0000000000000000        1.0501223004879616E-005
   7.6666666666666661        4.3333333333333330        1.4830395040824523E-004
   7.6666666666666661        4.6666666666666661        3.5939739893961730E-004
   7.6666666666666661        5.0000000000000000        2.6061282348091396E-005
   7.6666666666666661        5.3333333333333330        9.9851348082157431E-004
   7.6666666666666661        5.6666666666666661        1.8886420017017575E-003
   7.6666666666666661        6.0000000000000000        7.1386991750500904E-004
   7.6666666666666661        6.3333333333333330        5.8268169067912364E-004
   7.6666666666666661        6.6666666666666661        3.6200136391700838E-004
   7.6666666666666661        7.0000000000000000        1.8184014750287266E-004
   7.6666666666666661        7.3333333333333330        1.0788431181583227E-004
   7.6666666666666661        7.6666666666666661        5.5062340886929201E-005
   7.6666666666666661        8.0000000000000000        3.8518826915589540E-006
   7.6666666666666661        8.3333333333333321        6.7611632257926226E-006
   7.6666666666666661        8.6666666666666661        4.3004851867474998E-007
   7.6666666666666661        9.0000000000000000        1.8616619817334980E-007
   7.6666666666666661        9.3333333333333321        3.0781058815477057E-007
   7.6666666666666661        9.6666666666666661        1.2447316383507619E-007
   7.6666666666666661        10.000000000000000        0.0000000000000000     
 
   8.0000000000000000        0.0000000000000000        0.0000000000000000     
   8.0000000000000000       0.33333333333333331        4.6802154640800549E-008
   8.0000000000000000       0.66666666666666663        9.0697836953643991E-008
   8.0000000000000000        1.0000000000000000        1.6085558558506087E-006
   8.0000000000000000        1.3333333333333333        3.2263154697883874E-006
   8.0000000000000000        1.6666666666666665        7.7095270601784164E-006
   8.0000000000000000        2.0000000000000000        1.8273110379821619E-005
   8.0000000000000000        2.3333333333333330        3.7428306621623228E-005
   8.0000000000000000        2.6666666666666665        6.5880379507646215E-005
   8.0000000000000000        3.0000000000000000        9.0468914178446039E-005
   8.0000000000000000        3.3333333333333330        2.8227698572895384E-004
   8.0000000000000000        3.6666666666666665        1.0501223004879616E-005
   8.0000000000000000        4.0000000000000000        2.0575056108104462E-005
   8.0000000000000000        4.3333333333333330        7.4317719768382076E-005
   8.0000000000000000        4.6666666666666661        1.2348646810530716E-004
   8.0000000000000000        5.0000000000000000        5.0878764651029421E-005
   8.0000000000000000        5.3333333333333330        2.2051682477066271E-004
   8.0000000000000000        5.6666666666666661        5.4143732116434097E-004
   8.0000000000000000        6.0000000000000000        3.6079523367554833E-004
   8.0000000000000000        6.3333333333333330        0.0000000000000000     
   8.0000000000000000        6.6666666666666661        3.8559769646568971E-005
   8.0000000000000000        7.0000000000000000        7.5115582143633105E-005
   8.0000000000000000        7.3333333333333330        5.5248669094212858E-006
   8.0000000000000000        7.6666666666666661        1.4018717310538648E-005
   8.0000000000000000        8.0000000000000000        4.6772113803475385E-006
   8.0000000000000000        8.3333333333333321        2.7629937876723075E-006
   8.0000000000000000        8.6666666666666661        8.6668183773100899E-007
   8.0000000000000000        9.0000000000000000        2.5639745936443565E-007
   8.0000000000000000        9.3333333333333321        1.3604037723536934E-007
   8.0000000000000000        9.6666666666666661        5.7922737916449614E-008
   8.0000000000000000        10.000000000000000        0.0000000000000000     
 
   8.3333333333333321        0.0000000000000000        0.0000000000000000     
   8.3333333333333321       0.33333333333333331        2.4300495841940464E-008
   8.3333333333333321       0.66666666666666663        5.1719285604165073E-008
   8.3333333333333321        1.0000000000000000        7.2494608693237483E-007
   8.3333333333333321        1.3333333333333333        1.8067468755825584E-006
   8.3333333333333321        1.6666666666666665        4.1550347046706736E-006
   8.3333333333333321        2.0000000000000000        9.0938179314343788E-006
   8.3333333333333321        2.3333333333333330        1.9534868521709989E-005
   8.3333333333333321        2.6666666666666665        3.0796572680574330E-005
   8.3333333333333321        3.0000000000000000        5.2119627396660090E-005
   8.3333333333333321        3.3333333333333330        1.1385028365872073E-004
   8.3333333333333321        3.6666666666666665        3.2635352028388199E-006
   8.3333333333333321        4.0000000000000000        6.4359945256316166E-006
   8.3333333333333321        4.3333333333333330        2.3843731727723125E-007
   8.3333333333333321        4.6666666666666661        9.1417508879152404E-008
   8.3333333333333321        5.0000000000000000        5.1439632673985101E-005
   8.3333333333333321        5.3333333333333330        9.9576706940871887E-005
   8.3333333333333321        5.6666666666666661        1.7630529684476735E-004
   8.3333333333333321        6.0000000000000000        1.5295823936416886E-004
   8.3333333333333321        6.3333333333333330        9.9961090824645362E-006
   8.3333333333333321        6.6666666666666661        0.0000000000000000     
   8.3333333333333321        7.0000000000000000        1.0081172577402538E-006
   8.3333333333333321        7.3333333333333330        2.3287661592783657E-006
   8.3333333333333321        7.6666666666666661        4.0895530873963550E-006
   8.3333333333333321        8.0000000000000000        2.5712198804467164E-006
   8.3333333333333321        8.3333333333333321        1.4374647423626862E-006
   8.3333333333333321        8.6666666666666661        7.3809877558392231E-008
   8.3333333333333321        9.0000000000000000        9.6798288404183347E-008
   8.3333333333333321        9.3333333333333321        6.4619773713370952E-008
   8.3333333333333321        9.6666666666666661        3.0012422502174660E-008
   8.3333333333333321        10.000000000000000        0.0000000000000000     
 
   8.6666666666666661        0.0000000000000000        0.0000000000000000     
   8.6666666666666661       0.33333333333333331        2.7369112849973794E-008
   8.6666666666666661       0.66666666666666663        1.0134425496808681E-007
   8.6666666666666661        1.0000000000000000        3.8135423171663101E-007
   8.6666666666666661        1.3333333333333333        9.2220312594369798E-007
   8.6666666666666661        1.6666666666666665        2.0729683915446393E-006
   8.6666666666666661        2.0000000000000000        3.1944833767865085E-006
   8.6666666666666661        2.3333333333333330        5.8715742510660124E-006
   8.6666666666666661        2.6666666666666665        1.4979673981009761E-005
   8.6666666666666661        3.0000000000000000        2.2683436504328088E-005
   8.6666666666666661        3.3333333333333330        0.0000000000000000     
   8.6666666666666661        3.6666666666666665        6.4080881200513615E-007
   8.6666666666666661        4.0000000000000000        1.6351493467701601E-006
   8.6666666666666661        4.3333333333333330        4.8334152799767296E-007
   8.6666666666666661        4.6666666666666661        1.8958364409686432E-007
   8.6666666666666661        5.0000000000000000        2.1391678139053771E-005
   8.6666666666666661        5.3333333333333330        4.1642031373132911E-005
   8.6666666666666661        5.6666666666666661        7.1331743323956571E-005
   8.6666666666666661        6.0000000000000000        6.2044805027745655E-005
   8.6666666666666661        6.3333333333333330        1.9536587869809758E-005
   8.6666666666666661        6.6666666666666661        7.7355200971911898E-007
   8.6666666666666661        7.0000000000000000        6.8204433263219011E-007
   8.6666666666666661        7.3333333333333330        9.4731277332739695E-007
   8.6666666666666661        7.6666666666666661        1.3682842702228738E-006
   8.6666666666666661        8.0000000000000000        1.7857960674208914E-007
   8.6666666666666661        8.3333333333333321        3.7912192157793185E-007
   8.6666666666666661        8.6666666666666661        1.3020409189824803E-007
   8.6666666666666661        9.0000000000000000        7.9755320015244851E-009
   8.6666666666666661        9.3333333333333321        2.3242890036330130E-009
   8.6666666666666661        9.6666666666666661        0.0000000000000000     
   8.6666666666666661        10.000000000000000        0.0000000000000000     
 
   9.0000000000000000        0.0000000000000000        0.0000000000000000     
   9.0000000000000000       0.33333333333333331        1.7975981989518248E-008
   9.0000000000000000       0.66666666666666663        5.8592393855146711E-008
   9.0000000000000000        1.0000000000000000        1.6477812625114842E-007
   9.0000000000000000        1.3333333333333333        3.5641708699083588E-007
   9.0000000000000000        1.6666666666666665        5.6265276694636037E-007
   9.0000000000000000        2.0000000000000000        1.5573823616389902E-006
   9.0000000000000000        2.3333333333333330        2.4832805958010687E-006
   9.0000000000000000        2.6666666666666665        1.3566717804745656E-009
   9.0000000000000000        3.0000000000000000        4.9466314105774326E-009
   9.0000000000000000        3.3333333333333330        1.0643787747780771E-007
   9.0000000000000000        3.6666666666666665        2.7973611981395180E-007
   9.0000000000000000        4.0000000000000000        5.6759133797423315E-007
   9.0000000000000000        4.3333333333333330        3.4893922397600847E-007
   9.0000000000000000        4.6666666666666661        1.7723485118757975E-008
   9.0000000000000000        5.0000000000000000        6.6916712192402005E-006
   9.0000000000000000        5.3333333333333330        1.3104804600667581E-005
   9.0000000000000000        5.6666666666666661        6.3078811317196467E-007
   9.0000000000000000        6.0000000000000000        2.0149656098822545E-006
   9.0000000000000000        6.3333333333333330        4.9694600502224505E-006
   9.0000000000000000        6.6666666666666661        1.6272767573399486E-006
   9.0000000000000000        7.0000000000000000        1.8817876787633074E-007
   9.0000000000000000        7.3333333333333330        3.3682797899286259E-007
   9.0000000000000000        7.6666666666666661        4.0049125097313539E-007
   9.0000000000000000        8.0000000000000000        1.6162841709158155E-007
   9.0000000000000000        8.3333333333333321        1.5224367539200397E-007
   9.0000000000000000        8.6666666666666661        7.4497986703934035E-008
   9.0000000000000000        9.0000000000000000        1.7968291287156540E-008
   9.0000000000000000        9.3333333333333321        5.2566521306505972E-009
   9.0000000000000000        9.6666666666666661        1.4020130774248391E-010
   9.0000000000000000        10.000000000000000        0.0000000000000000     
 
   9.3333333333333321        0.0000000000000000        0.0000000000000000     
   9.3333333333333321       0.33333333333333331        8.4400111424190361E-009
   9.3333333333333321       0.66666666666666663        2.3312819026505749E-008
   9.3333333333333321        1.0000000000000000        4.7661352630833596E-008
   9.3333333333333321        1.3333333333333333        5.5467052089378155E-008
   9.3333333333333321        1.6666666666666665        1.5853852604206068E-007
   9.3333333333333321        2.0000000000000000        3.4955680086660304E-009
   9.3333333333333321        2.3333333333333330        1.6130985599734936E-009
   9.3333333333333321        2.6666666666666665        3.0685521409491365E-009
   9.3333333333333321        3.0000000000000000        1.1027214472767738E-008
   9.3333333333333321        3.3333333333333330        4.3165705073037784E-008
   9.3333333333333321        3.6666666666666665        8.6150636887147651E-008
   9.3333333333333321        4.0000000000000000        0.0000000000000000     
   9.3333333333333321        4.3333333333333330        2.1218995035302058E-008
   9.3333333333333321        4.6666666666666661        3.6718467336226722E-008
   9.3333333333333321        5.0000000000000000        1.2908960863127318E-006
   9.3333333333333321        5.3333333333333330        3.3526482418954136E-006
   9.3333333333333321        5.6666666666666661        1.2564648019320736E-006
   9.3333333333333321        6.0000000000000000        1.0050188787018468E-006
   9.3333333333333321        6.3333333333333330        1.4264334092495704E-006
   9.3333333333333321        6.6666666666666661        7.0842818697875423E-007
   9.3333333333333321        7.0000000000000000        2.3111093713501718E-007
   9.3333333333333321        7.3333333333333330        1.5155466000665206E-007
   9.3333333333333321        7.6666666666666661        1.3439880291820686E-007
   9.3333333333333321        8.0000000000000000        7.9097751035178027E-008
   9.3333333333333321        8.3333333333333321        2.5497746661638919E-009
   9.3333333333333321        8.6666666666666661        1.8768946475002680E-009
   9.3333333333333321        9.0000000000000000        4.4174077492601358E-009
   9.3333333333333321        9.3333333333333321        2.0566091771726434E-009
   9.3333333333333321        9.6666666666666661        4.5845693035822727E-010
   9.3333333333333321        10.000000000000000        0.0000000000000000     
 
   9.6666666666666661        0.0000000000000000        0.0000000000000000     
   9.6666666666666661       0.33333333333333331        3.0777886369673459E-009
   9.6666666666666661       0.66666666666666663        7.7537927394150019E-009
   9.6666666666666661        1.0000000000000000        1.4376986110101238E-008
   9.6666666666666661        1.3333333333333333        2.0123033899312272E-008
   9.6666666666666661        1.6666666666666665        3.5850562871561103E-008
   9.6666666666666661        2.0000000000000000        7.9085626141211487E-009
   9.6666666666666661        2.3333333333333330        2.1922530226077526E-009
   9.6666666666666661        2.6666666666666665        2.0052830084211933E-009
   9.6666666666666661        3.0000000000000000        5.2755667117434769E-009
   9.6666666666666661        3.3333333333333330        1.4362664533791400E-008
   9.6666666666666661        3.6666666666666665        2.4763143019792163E-008
   9.6666666666666661        4.0000000000000000        9.1652219518745916E-009
   9.6666666666666661        4.3333333333333330        2.7743223387290265E-008
   9.6666666666666661        4.6666666666666661        1.0822549193608650E-007
   9.6666666666666661        5.0000000000000000        4.7587776450164238E-007
   9.6666666666666661        5.3333333333333330        9.6605169132137313E-007
   9.6666666666666661        5.6666666666666661        1.0120089880590102E-007
   9.6666666666666661        6.0000000000000000        3.0124960754455365E-007
   9.6666666666666661        6.3333333333333330        3.9621459181090408E-007
   9.6666666666666661        6.6666666666666661        2.4259658278383847E-007
   9.6666666666666661        7.0000000000000000        1.0698410133884547E-007
   9.6666666666666661        7.3333333333333330        6.0262636724263533E-008
   9.6666666666666661        7.6666666666666661        4.3514284100888082E-008
   9.6666666666666661        8.0000000000000000        2.5224929762045231E-008
   9.6666666666666661        8.3333333333333321        5.7461771452000248E-009
   9.6666666666666661        8.6666666666666661        1.6972134378431450E-009
   9.6666666666666661        9.0000000000000000        1.2922104158087567E-009
   9.6666666666666661        9.3333333333333321        6.7752467621042931E-010
   9.6666666666666661        9.6666666666666661        2.1571410889761485E-010
   9.6666666666666661        10.000000000000000        0.0000000000000000     
 
   10.000000000000000        0.0000000000000000        0.0000000000000000     
   10.000000000000000       0.33333333333333331        0.0000000000000000     
   10.000000000000000       0.66666666666666663        0.0000000000000000     
   10.000000000000000        1.0000000000000000        0.0000000000000000     
   10.000000000000000        1.3333333333333333        0.0000000000000000     
   10.000000000000000        1.6666666666666665        0.0000000000000000     
   10.000000000000000        2.0000000000000000        0.0000000000000000     
   10.000000000000000        2.3333333333333330        0.0000000000000000     
   10.000000000000000        2.6666666666666665        0.0000000000000000     
   10.000000000000000        3.0000000000000000        0.0000000000000000     
   10.000000000000000        3.3333333333333330        0.0000000000000000     
   10.000000000000000        3.6666666666666665        0.0000000000000000     
   10.000000000000000        4.0000000000000000        0.0000000000000000     
   10.000000000000000        4.3333333333333330        0.0000000000000000     
   10.000000000000000        4.6666666666666661        0.0000000000000000     
   10.000000000000000        5.0000000000000000        0.0000000000000000     
   10.000000000000000        5.3333333333333330        0.0000000000000000     
   10.000000000000000        5.6666666666666661        0.0000000000000000     
   10.000000000000000        6.0000000000000000        0.0000000000000000     
   10.000000000000000        6.3333333333333330        0.0000000000000000     
   10.000000000000000        6.6666666666666661        0.0000000000000000     
   10.000000000000000        7.0000000000000000        0.0000000000000000     
   10.000000000000000        7.3333333333333330        0.0000000000000000     
   10.000000000000000        7.6666666666666661        0.0000000000000000     
   10.000000000000000        8.0000000000000000        0.0000000000000000     
   10.000000000000000        8.3333333333333321        0.0000000000000000     
   10.000000000000000        8.6666666666666661        0.0000000000000000     
   10.000000000000000        9.0000000000000000        0.0000000000000000     
   10.000000000000000        9.3333333333333321        0.0000000000000000     
   10.000000000000000        9.6666666666666661        0.0000000000000000     
   10.000000000000000        10.000000000000000        0.0000000000000000     
 
