   0.0000000000000000        0.0000000000000000        0.0000000000000000     
   0.0000000000000000       0.33333333333333331        0.0000000000000000     
   0.0000000000000000       0.66666666666666663        0.0000000000000000     
   0.0000000000000000        1.0000000000000000        0.0000000000000000     
   0.0000000000000000        1.3333333333333333        0.0000000000000000     
   0.0000000000000000        1.6666666666666665        0.0000000000000000     
   0.0000000000000000        2.0000000000000000        0.0000000000000000     
   0.0000000000000000        2.3333333333333330        0.0000000000000000     
   0.0000000000000000        2.6666666666666665        0.0000000000000000     
   0.0000000000000000        3.0000000000000000        0.0000000000000000     
   0.0000000000000000        3.3333333333333330        0.0000000000000000     
   0.0000000000000000        3.6666666666666665        0.0000000000000000     
   0.0000000000000000        4.0000000000000000        0.0000000000000000     
   0.0000000000000000        4.3333333333333330        0.0000000000000000     
   0.0000000000000000        4.6666666666666661        0.0000000000000000     
   0.0000000000000000        5.0000000000000000        0.0000000000000000     
   0.0000000000000000        5.3333333333333330        0.0000000000000000     
   0.0000000000000000        5.6666666666666661        0.0000000000000000     
   0.0000000000000000        6.0000000000000000        0.0000000000000000     
   0.0000000000000000        6.3333333333333330        0.0000000000000000     
   0.0000000000000000        6.6666666666666661        0.0000000000000000     
   0.0000000000000000        7.0000000000000000        0.0000000000000000     
   0.0000000000000000        7.3333333333333330        0.0000000000000000     
   0.0000000000000000        7.6666666666666661        0.0000000000000000     
   0.0000000000000000        8.0000000000000000        0.0000000000000000     
   0.0000000000000000        8.3333333333333321        0.0000000000000000     
   0.0000000000000000        8.6666666666666661        0.0000000000000000     
   0.0000000000000000        9.0000000000000000        0.0000000000000000     
   0.0000000000000000        9.3333333333333321        0.0000000000000000     
   0.0000000000000000        9.6666666666666661        0.0000000000000000     
   0.0000000000000000        10.000000000000000        0.0000000000000000     
 
  0.33333333333333331        0.0000000000000000        0.0000000000000000     
  0.33333333333333331       0.33333333333333331        1.3025118519722272E-004
  0.33333333333333331       0.66666666666666663        2.2039041661162163E-004
  0.33333333333333331        1.0000000000000000        2.3129345470672955E-004
  0.33333333333333331        1.3333333333333333        4.9833180914986134E-004
  0.33333333333333331        1.6666666666666665        7.4636124290892894E-004
  0.33333333333333331        2.0000000000000000        1.1587977267790530E-003
  0.33333333333333331        2.3333333333333330        1.4569527443334710E-003
  0.33333333333333331        2.6666666666666665        1.3134199462339772E-003
  0.33333333333333331        3.0000000000000000        2.6041657506743693E-003
  0.33333333333333331        3.3333333333333330        2.8882692762864817E-003
  0.33333333333333331        3.6666666666666665        2.8119954545272226E-003
  0.33333333333333331        4.0000000000000000        2.8591739661085265E-003
  0.33333333333333331        4.3333333333333330        2.8877173458089697E-003
  0.33333333333333331        4.6666666666666661        1.8876183570612885E-003
  0.33333333333333331        5.0000000000000000        2.9263288032954204E-003
  0.33333333333333331        5.3333333333333330        7.0991368255686298E-003
  0.33333333333333331        5.6666666666666661        8.7799917942008449E-003
  0.33333333333333331        6.0000000000000000        9.8856746612406895E-003
  0.33333333333333331        6.3333333333333330        1.0403189867615773E-002
  0.33333333333333331        6.6666666666666661        7.1912139101562370E-003
  0.33333333333333331        7.0000000000000000        1.1545958800223270E-002
  0.33333333333333331        7.3333333333333330        5.3641414901356354E-003
  0.33333333333333331        7.6666666666666661        4.8436853500500830E-003
  0.33333333333333331        8.0000000000000000        3.7429946854408000E-003
  0.33333333333333331        8.3333333333333321        2.5556560414080483E-003
  0.33333333333333331        8.6666666666666661        1.9759109270171796E-003
  0.33333333333333331        9.0000000000000000        1.4456601894209317E-003
  0.33333333333333331        9.3333333333333321        7.9850392631565677E-004
  0.33333333333333331        9.6666666666666661        3.4702294951668766E-004
  0.33333333333333331        10.000000000000000        0.0000000000000000     
 
  0.66666666666666663        0.0000000000000000        0.0000000000000000     
  0.66666666666666663       0.33333333333333331        3.1357104287261817E-004
  0.66666666666666663       0.66666666666666663        5.4228649994495089E-004
  0.66666666666666663        1.0000000000000000        1.2414362844314385E-003
  0.66666666666666663        1.3333333333333333        1.0688236253168953E-003
  0.66666666666666663        1.6666666666666665        1.4060288686173954E-003
  0.66666666666666663        2.0000000000000000        2.5475235121753923E-003
  0.66666666666666663        2.3333333333333330        3.4949455827654693E-003
  0.66666666666666663        2.6666666666666665        7.4137225008908784E-003
  0.66666666666666663        3.0000000000000000        6.4405226640606604E-003
  0.66666666666666663        3.3333333333333330        6.3836150794194619E-003
  0.66666666666666663        3.6666666666666665        5.7452274170103380E-003
  0.66666666666666663        4.0000000000000000        5.9863441940088665E-003
  0.66666666666666663        4.3333333333333330        7.0496112944776809E-003
  0.66666666666666663        4.6666666666666661        0.0000000000000000     
  0.66666666666666663        5.0000000000000000        1.8192066020512921E-002
  0.66666666666666663        5.3333333333333330        1.7158817576490321E-002
  0.66666666666666663        5.6666666666666661        1.8669700847386665E-002
  0.66666666666666663        6.0000000000000000        2.0911749192995908E-002
  0.66666666666666663        6.3333333333333330        2.5073699790421317E-002
  0.66666666666666663        6.6666666666666661        4.2106242026624802E-002
  0.66666666666666663        7.0000000000000000        3.4196327234131851E-002
  0.66666666666666663        7.3333333333333330        9.8917641774504735E-003
  0.66666666666666663        7.6666666666666661        1.0576508037181348E-002
  0.66666666666666663        8.0000000000000000        7.8338689765626041E-003
  0.66666666666666663        8.3333333333333321        4.6999467341176078E-003
  0.66666666666666663        8.6666666666666661        4.0669293406689734E-003
  0.66666666666666663        9.0000000000000000        3.1347441132908715E-003
  0.66666666666666663        9.3333333333333321        1.4741653503225352E-003
  0.66666666666666663        9.6666666666666661        6.2210964536451229E-004
  0.66666666666666663        10.000000000000000        0.0000000000000000     
 
   1.0000000000000000        0.0000000000000000        0.0000000000000000     
   1.0000000000000000       0.33333333333333331        6.1164376937177390E-004
   1.0000000000000000       0.66666666666666663        1.1448036249761186E-003
   1.0000000000000000        1.0000000000000000        1.5409101630330731E-003
   1.0000000000000000        1.3333333333333333        1.2414362844314385E-003
   1.0000000000000000        1.6666666666666665        4.2025428729978477E-003
   1.0000000000000000        2.0000000000000000        4.3791262349321056E-003
   1.0000000000000000        2.3333333333333330        6.8045679240637275E-003
   1.0000000000000000        2.6666666666666665        9.0230542728099664E-003
   1.0000000000000000        3.0000000000000000        9.8981306254769010E-003
   1.0000000000000000        3.3333333333333330        1.0979731783538720E-002
   1.0000000000000000        3.6666666666666665        8.2844821696663722E-003
   1.0000000000000000        4.0000000000000000        8.8011799720068163E-003
   1.0000000000000000        4.3333333333333330        1.2858014115553408E-002
   1.0000000000000000        4.6666666666666661        1.9053320700990410E-002
   1.0000000000000000        5.0000000000000000        2.0526466071018139E-002
   1.0000000000000000        5.3333333333333330        2.5794756404165647E-002
   1.0000000000000000        5.6666666666666661        2.8927523950640580E-002
   1.0000000000000000        6.0000000000000000        3.1130259578330419E-002
   1.0000000000000000        6.3333333333333330        4.5101316655222899E-002
   1.0000000000000000        6.6666666666666661        5.1928581479206398E-002
   1.0000000000000000        7.0000000000000000        5.0499857907947768E-002
   1.0000000000000000        7.3333333333333330        3.8900415006203240E-002
   1.0000000000000000        7.6666666666666661        2.0403366976902870E-002
   1.0000000000000000        8.0000000000000000        1.2849667567300018E-002
   1.0000000000000000        8.3333333333333321        8.4558005075565639E-003
   1.0000000000000000        8.6666666666666661        6.7923560282882583E-003
   1.0000000000000000        9.0000000000000000        5.8212798834282129E-003
   1.0000000000000000        9.3333333333333321        6.6031906486440370E-004
   1.0000000000000000        9.6666666666666661        7.2485244659524235E-004
   1.0000000000000000        10.000000000000000        0.0000000000000000     
 
   1.3333333333333333        0.0000000000000000        0.0000000000000000     
   1.3333333333333333       0.33333333333333331        1.0435643462347835E-003
   1.3333333333333333       0.66666666666666663        1.9890654418065101E-003
   1.3333333333333333        1.0000000000000000        2.6816186420271751E-003
   1.3333333333333333        1.3333333333333333        5.1312906822827626E-003
   1.3333333333333333        1.6666666666666665        4.4476693611927732E-003
   1.3333333333333333        2.0000000000000000        1.1432762364805490E-002
   1.3333333333333333        2.3333333333333330        1.0912295516371424E-002
   1.3333333333333333        2.6666666666666665        1.2718195730969419E-002
   1.3333333333333333        3.0000000000000000        1.3923545302132427E-002
   1.3333333333333333        3.3333333333333330        2.0163706552919020E-002
   1.3333333333333333        3.6666666666666665        3.7844255928082299E-002
   1.3333333333333333        4.0000000000000000        2.7244616617500893E-002
   1.3333333333333333        4.3333333333333330        2.3720249729077578E-002
   1.3333333333333333        4.6666666666666661        4.1324933920137925E-002
   1.3333333333333333        5.0000000000000000        4.0316282250746550E-002
   1.3333333333333333        5.3333333333333330        3.8150885844332717E-002
   1.3333333333333333        5.6666666666666661        4.1705904249728830E-002
   1.3333333333333333        6.0000000000000000        8.2797403159481864E-002
   1.3333333333333333        6.3333333333333330        7.4137450410469402E-002
   1.3333333333333333        6.6666666666666661        7.2135644352810030E-002
   1.3333333333333333        7.0000000000000000        6.7475241312438580E-002
   1.3333333333333333        7.3333333333333330        5.9190379474469729E-002
   1.3333333333333333        7.6666666666666661        1.0309749149417870E-002
   1.3333333333333333        8.0000000000000000        1.1148432941640850E-002
   1.3333333333333333        8.3333333333333321        1.0792717362711729E-002
   1.3333333333333333        8.6666666666666661        9.3751764635300969E-003
   1.3333333333333333        9.0000000000000000        8.0188605398807521E-003
   1.3333333333333333        9.3333333333333321        3.6677965313054077E-003
   1.3333333333333333        9.6666666666666661        1.6825705659115307E-003
   1.3333333333333333        10.000000000000000        0.0000000000000000     
 
   1.6666666666666665        0.0000000000000000        0.0000000000000000     
   1.6666666666666665       0.33333333333333331        1.6612749520092873E-003
   1.6666666666666665       0.66666666666666663        3.2539248573512807E-003
   1.6666666666666665        1.0000000000000000        4.7422605776141500E-003
   1.6666666666666665        1.3333333333333333        6.2822317140825258E-003
   1.6666666666666665        1.6666666666666665        1.3793768451318904E-002
   1.6666666666666665        2.0000000000000000        1.2898488396968617E-002
   1.6666666666666665        2.3333333333333330        1.3582572365446931E-002
   1.6666666666666665        2.6666666666666665        1.7988146853165958E-002
   1.6666666666666665        3.0000000000000000        3.9059548423262286E-002
   1.6666666666666665        3.3333333333333330        3.6864605776360262E-002
   1.6666666666666665        3.6666666666666665        4.0111919130468944E-002
   1.6666666666666665        4.0000000000000000        3.2667294530988135E-002
   1.6666666666666665        4.3333333333333330        3.2738694372849556E-002
   1.6666666666666665        4.6666666666666661        4.3956676237762886E-002
   1.6666666666666665        5.0000000000000000        4.4853491792826272E-002
   1.6666666666666665        5.3333333333333330        4.6907571803071070E-002
   1.6666666666666665        5.6666666666666661        6.0103701411413649E-002
   1.6666666666666665        6.0000000000000000        9.4083797532863472E-002
   1.6666666666666665        6.3333333333333330        9.8966809826677382E-002
   1.6666666666666665        6.6666666666666661        9.7476624265040432E-002
   1.6666666666666665        7.0000000000000000        9.0524935210913954E-002
   1.6666666666666665        7.3333333333333330        7.3546446244642238E-002
   1.6666666666666665        7.6666666666666661        9.1680560341950487E-003
   1.6666666666666665        8.0000000000000000        1.1478141278017861E-002
   1.6666666666666665        8.3333333333333321        1.4985991468700426E-002
   1.6666666666666665        8.6666666666666661        1.2603381094374245E-002
   1.6666666666666665        9.0000000000000000        9.4872041628933940E-003
   1.6666666666666665        9.3333333333333321        5.9513538145309153E-003
   1.6666666666666665        9.6666666666666661        2.4783584920189147E-003
   1.6666666666666665        10.000000000000000        0.0000000000000000     
 
   2.0000000000000000        0.0000000000000000        0.0000000000000000     
   2.0000000000000000       0.33333333333333331        2.4761590644645829E-003
   2.0000000000000000       0.66666666666666663        4.8752859094721712E-003
   2.0000000000000000        1.0000000000000000        7.1222927990682427E-003
   2.0000000000000000        1.3333333333333333        9.4782288976238659E-003
   2.0000000000000000        1.6666666666666665        1.5710009227016188E-002
   2.0000000000000000        2.0000000000000000        1.3793768451318904E-002
   2.0000000000000000        2.3333333333333330        2.7154668232482901E-002
   2.0000000000000000        2.6666666666666665        2.8921777242749972E-002
   2.0000000000000000        3.0000000000000000        4.3363363166396628E-002
   2.0000000000000000        3.3333333333333330        5.0114429610605971E-002
   2.0000000000000000        3.6666666666666665        5.5287035410665472E-002
   2.0000000000000000        4.0000000000000000        9.0630454889840451E-002
   2.0000000000000000        4.3333333333333330        8.6601798266626992E-002
   2.0000000000000000        4.6666666666666661        5.9479869124664290E-002
   2.0000000000000000        5.0000000000000000        5.0780073073156906E-002
   2.0000000000000000        5.3333333333333330        0.0000000000000000     
   2.0000000000000000        5.6666666666666661       0.18654215811840519     
   2.0000000000000000        6.0000000000000000       0.13702416184055155     
   2.0000000000000000        6.3333333333333330       0.13278534401077383     
   2.0000000000000000        6.6666666666666661       0.13092772634202560     
   2.0000000000000000        7.0000000000000000       0.12626175041069923     
   2.0000000000000000        7.3333333333333330        6.9310239416220509E-003
   2.0000000000000000        7.6666666666666661        7.6680331302672123E-003
   2.0000000000000000        8.0000000000000000        4.1328782812501068E-002
   2.0000000000000000        8.3333333333333321        2.6022757793669131E-002
   2.0000000000000000        8.6666666666666661        1.7413815692092785E-002
   2.0000000000000000        9.0000000000000000        1.2063829104316129E-002
   2.0000000000000000        9.3333333333333321        8.6268827784104600E-003
   2.0000000000000000        9.6666666666666661        1.7071874925462462E-003
   2.0000000000000000        10.000000000000000        0.0000000000000000     
 
   2.3333333333333330        0.0000000000000000        0.0000000000000000     
   2.3333333333333330       0.33333333333333331        3.5421643125582375E-003
   2.3333333333333330       0.66666666666666663        6.9901628852458778E-003
   2.3333333333333330        1.0000000000000000        9.8934493955120748E-003
   2.3333333333333330        1.3333333333333333        2.6198311661388647E-002
   2.3333333333333330        1.6666666666666665        2.6805004608714624E-002
   2.3333333333333330        2.0000000000000000        5.3540785541913626E-002
   2.3333333333333330        2.3333333333333330        6.5124648590083253E-002
   2.3333333333333330        2.6666666666666665        6.4370320064820477E-002
   2.3333333333333330        3.0000000000000000        5.7520578919721739E-002
   2.3333333333333330        3.3333333333333330        6.7248197958270806E-002
   2.3333333333333330        3.6666666666666665        7.8082607381798105E-002
   2.3333333333333330        4.0000000000000000        9.4132741840788667E-002
   2.3333333333333330        4.3333333333333330       0.11694986310561084     
   2.3333333333333330        4.6666666666666661       0.21029680091412811     
   2.3333333333333330        5.0000000000000000       0.24919472607340598     
   2.3333333333333330        5.3333333333333330       0.25659221408604832     
   2.3333333333333330        5.6666666666666661       0.23765209469503307     
   2.3333333333333330        6.0000000000000000       0.19991771394587451     
   2.3333333333333330        6.3333333333333330       0.16674305352399202     
   2.3333333333333330        6.6666666666666661       0.16973974147888857     
   2.3333333333333330        7.0000000000000000       0.15997610990844052     
   2.3333333333333330        7.3333333333333330       0.17447586079120839     
   2.3333333333333330        7.6666666666666661       0.10372238616283153     
   2.3333333333333330        8.0000000000000000        5.8271857678413037E-002
   2.3333333333333330        8.3333333333333321        3.1641582590173821E-002
   2.3333333333333330        8.6666666666666661        1.9995355844475784E-002
   2.3333333333333330        9.0000000000000000        1.3542026023570703E-002
   2.3333333333333330        9.3333333333333321        8.4946591869704408E-003
   2.3333333333333330        9.6666666666666661        3.5471546984116730E-003
   2.3333333333333330        10.000000000000000        0.0000000000000000     
 
   2.6666666666666665        0.0000000000000000        0.0000000000000000     
   2.6666666666666665       0.33333333333333331        4.9267121699772551E-003
   2.6666666666666665       0.66666666666666663        1.0085200860017155E-002
   2.6666666666666665        1.0000000000000000        1.6171137595624937E-002
   2.6666666666666665        1.3333333333333333        2.6977006125680405E-002
   2.6666666666666665        1.6666666666666665        3.9895055660015603E-002
   2.6666666666666665        2.0000000000000000        5.5770121731960005E-002
   2.6666666666666665        2.3333333333333330        6.7579108447500577E-002
   2.6666666666666665        2.6666666666666665        7.3674719325050084E-002
   2.6666666666666665        3.0000000000000000        9.4296531269821196E-002
   2.6666666666666665        3.3333333333333330        8.5800511567856633E-002
   2.6666666666666665        3.6666666666666665        9.8376923448752415E-002
   2.6666666666666665        4.0000000000000000       0.16975794697917329     
   2.6666666666666665        4.3333333333333330       0.17345454831388493     
   2.6666666666666665        4.6666666666666661       0.21325899360915412     
   2.6666666666666665        5.0000000000000000       0.25062667950609990     
   2.6666666666666665        5.3333333333333330       0.27563369869185900     
   2.6666666666666665        5.6666666666666661       0.27027186797127539     
   2.6666666666666665        6.0000000000000000       0.23475850559586875     
   2.6666666666666665        6.3333333333333330       0.25974563741878859     
   2.6666666666666665        6.6666666666666661       0.22334685914374730     
   2.6666666666666665        7.0000000000000000       0.18628248408614623     
   2.6666666666666665        7.3333333333333330       0.17749043904580128     
   2.6666666666666665        7.6666666666666661       0.15156067346996299     
   2.6666666666666665        8.0000000000000000        2.2314225185700646E-002
   2.6666666666666665        8.3333333333333321        2.3710317828413579E-002
   2.6666666666666665        8.6666666666666661        1.8528969142887413E-002
   2.6666666666666665        9.0000000000000000        1.4507952070791729E-002
   2.6666666666666665        9.3333333333333321        8.8715994418041948E-003
   2.6666666666666665        9.6666666666666661        4.2509217281099815E-003
   2.6666666666666665        10.000000000000000        0.0000000000000000     
 
   3.0000000000000000        0.0000000000000000        0.0000000000000000     
   3.0000000000000000       0.33333333333333331        6.3623869124947458E-003
   3.0000000000000000       0.66666666666666663        1.2815444623706363E-002
   3.0000000000000000        1.0000000000000000        1.8588578272759934E-002
   3.0000000000000000        1.3333333333333333        4.7159865945022542E-002
   3.0000000000000000        1.6666666666666665        5.1729277071767457E-002
   3.0000000000000000        2.0000000000000000        6.4170780959899795E-002
   3.0000000000000000        2.3333333333333330        7.8049659591272968E-002
   3.0000000000000000        2.6666666666666665        9.1425881703948692E-002
   3.0000000000000000        3.0000000000000000       0.10519875821455384     
   3.0000000000000000        3.3333333333333330       0.14325255267168380     
   3.0000000000000000        3.6666666666666665       0.13369563403794579     
   3.0000000000000000        4.0000000000000000       0.19356384500324300     
   3.0000000000000000        4.3333333333333330       0.19707797605517602     
   3.0000000000000000        4.6666666666666661       0.22109389561871659     
   3.0000000000000000        5.0000000000000000       0.26534883097729972     
   3.0000000000000000        5.3333333333333330       0.32438850582456991     
   3.0000000000000000        5.6666666666666661       0.33229850813882711     
   3.0000000000000000        6.0000000000000000       0.34672286856751949     
   3.0000000000000000        6.3333333333333330       0.29559503659230757     
   3.0000000000000000        6.6666666666666661       0.27822308851413630     
   3.0000000000000000        7.0000000000000000       0.22675706312967805     
   3.0000000000000000        7.3333333333333330       0.20012625959046665     
   3.0000000000000000        7.6666666666666661       0.17605330331281485     
   3.0000000000000000        8.0000000000000000       0.13735233078954934     
   3.0000000000000000        8.3333333333333321        1.5859467841773726E-002
   3.0000000000000000        8.6666666666666661        1.7083936472472742E-002
   3.0000000000000000        9.0000000000000000        1.8074152666286768E-002
   3.0000000000000000        9.3333333333333321        9.1216849752819140E-003
   3.0000000000000000        9.6666666666666661        4.8959156941153111E-003
   3.0000000000000000        10.000000000000000        0.0000000000000000     
 
   3.3333333333333330        0.0000000000000000        0.0000000000000000     
   3.3333333333333330       0.33333333333333331        8.0428393522702403E-003
   3.3333333333333330       0.66666666666666663        1.6879139410178726E-002
   3.3333333333333330        1.0000000000000000        2.7687143961468295E-002
   3.3333333333333330        1.3333333333333333        4.4415885894863574E-002
   3.3333333333333330        1.6666666666666665        5.7583451980242444E-002
   3.3333333333333330        2.0000000000000000        7.3196187412300689E-002
   3.3333333333333330        2.3333333333333330        9.1171894635655504E-002
   3.3333333333333330        2.6666666666666665       0.11091770711676324     
   3.3333333333333330        3.0000000000000000       0.13196985406783021     
   3.3333333333333330        3.3333333333333330       0.15454176832208180     
   3.3333333333333330        3.6666666666666665       0.16136695095601586     
   3.3333333333333330        4.0000000000000000       0.20373005016478829     
   3.3333333333333330        4.3333333333333330       0.20319248050374258     
   3.3333333333333330        4.6666666666666661       0.21083432639770042     
   3.3333333333333330        5.0000000000000000       0.46917869097515530     
   3.3333333333333330        5.3333333333333330       0.42100768901860208     
   3.3333333333333330        5.6666666666666661       0.39844311803658577     
   3.3333333333333330        6.0000000000000000       0.39326034845450314     
   3.3333333333333330        6.3333333333333330       0.35801489756644767     
   3.3333333333333330        6.6666666666666661       0.31427980088111629     
   3.3333333333333330        7.0000000000000000       0.25444872384206874     
   3.3333333333333330        7.3333333333333330       0.22208787812862896     
   3.3333333333333330        7.6666666666666661       0.17891871453903352     
   3.3333333333333330        8.0000000000000000       0.14101484650528909     
   3.3333333333333330        8.3333333333333321        7.1771356027876113E-002
   3.3333333333333330        8.6666666666666661        3.3917609380680787E-002
   3.3333333333333330        9.0000000000000000        2.3833790503602150E-002
   3.3333333333333330        9.3333333333333321        1.3952487965164583E-002
   3.3333333333333330        9.6666666666666661        6.5467202714673094E-003
   3.3333333333333330        10.000000000000000        0.0000000000000000     
 
   3.6666666666666665        0.0000000000000000        0.0000000000000000     
   3.6666666666666665       0.33333333333333331        9.3216461566819498E-003
   3.6666666666666665       0.66666666666666663        1.9751598871047105E-002
   3.6666666666666665        1.0000000000000000        3.2035338140441516E-002
   3.6666666666666665        1.3333333333333333        4.6882026557465727E-002
   3.6666666666666665        1.6666666666666665        6.2855153703687050E-002
   3.6666666666666665        2.0000000000000000        8.1819152066777381E-002
   3.6666666666666665        2.3333333333333330       0.10445238288146208     
   3.6666666666666665        2.6666666666666665       0.13087235412073131     
   3.6666666666666665        3.0000000000000000       0.15876250883961485     
   3.6666666666666665        3.3333333333333330       0.18288361662497635     
   3.6666666666666665        3.6666666666666665       0.19717319069340591     
   3.6666666666666665        4.0000000000000000       0.20643472589792963     
   3.6666666666666665        4.3333333333333330       0.20373005016478829     
   3.6666666666666665        4.6666666666666661       0.55131578303399831     
   3.6666666666666665        5.0000000000000000       0.50582452119315946     
   3.6666666666666665        5.3333333333333330       0.48316930149107967     
   3.6666666666666665        5.6666666666666661       0.43969094453103691     
   3.6666666666666665        6.0000000000000000       0.42739021703765778     
   3.6666666666666665        6.3333333333333330       0.39632762315092995     
   3.6666666666666665        6.6666666666666661       0.36325385411202937     
   3.6666666666666665        7.0000000000000000       0.28953195427589973     
   3.6666666666666665        7.3333333333333330       0.25592567856955173     
   3.6666666666666665        7.6666666666666661       0.10645083404836701     
   3.6666666666666665        8.0000000000000000       0.11000565406237521     
   3.6666666666666665        8.3333333333333321        7.4894188862217589E-002
   3.6666666666666665        8.6666666666666661        4.5811832437562046E-002
   3.6666666666666665        9.0000000000000000        3.0773641906968546E-002
   3.6666666666666665        9.3333333333333321        1.7164333661307422E-002
   3.6666666666666665        9.6666666666666661        7.7564423341094932E-003
   3.6666666666666665        10.000000000000000        0.0000000000000000     
 
   4.0000000000000000        0.0000000000000000        0.0000000000000000     
   4.0000000000000000       0.33333333333333331        9.9249784222827653E-003
   4.0000000000000000       0.66666666666666663        2.1637315521283371E-002
   4.0000000000000000        1.0000000000000000        3.5100192971584246E-002
   4.0000000000000000        1.3333333333333333        4.9855715132061926E-002
   4.0000000000000000        1.6666666666666665        6.6955929985547016E-002
   4.0000000000000000        2.0000000000000000        8.8605988887847431E-002
   4.0000000000000000        2.3333333333333330       0.11560095329221520     
   4.0000000000000000        2.6666666666666665       0.15062704618791981     
   4.0000000000000000        3.0000000000000000       0.19010156130433950     
   4.0000000000000000        3.3333333333333330       0.22145906509683935     
   4.0000000000000000        3.6666666666666665       0.23847290852975847     
   4.0000000000000000        4.0000000000000000       0.22241273798171807     
   4.0000000000000000        4.3333333333333330       0.59097288177564211     
   4.0000000000000000        4.6666666666666661       0.58034215495918229     
   4.0000000000000000        5.0000000000000000       0.58494924285114491     
   4.0000000000000000        5.3333333333333330       0.55328568862195393     
   4.0000000000000000        5.6666666666666661       0.51377086933381633     
   4.0000000000000000        6.0000000000000000       0.47080132184445062     
   4.0000000000000000        6.3333333333333330       0.42894671283961783     
   4.0000000000000000        6.6666666666666661       0.37333142165140010     
   4.0000000000000000        7.0000000000000000       0.32121357137770434     
   4.0000000000000000        7.3333333333333330       0.20878358651457055     
   4.0000000000000000        7.6666666666666661       0.13580618459082253     
   4.0000000000000000        8.0000000000000000       0.12088597042005685     
   4.0000000000000000        8.3333333333333321        8.3640972036430894E-002
   4.0000000000000000        8.6666666666666661        4.6393424801763755E-002
   4.0000000000000000        9.0000000000000000        3.7889393905000832E-002
   4.0000000000000000        9.3333333333333321        1.4039748779084527E-002
   4.0000000000000000        9.6666666666666661        7.7805521579689448E-003
   4.0000000000000000        10.000000000000000        0.0000000000000000     
 
   4.3333333333333330        0.0000000000000000        0.0000000000000000     
   4.3333333333333330       0.33333333333333331        9.1910337937894365E-003
   4.3333333333333330       0.66666666666666663        2.2700320327667903E-002
   4.3333333333333330        1.0000000000000000        3.8243000951983123E-002
   4.3333333333333330        1.3333333333333333        5.2162940029778074E-002
   4.3333333333333330        1.6666666666666665        6.8317703709924363E-002
   4.3333333333333330        2.0000000000000000        9.1778452149388304E-002
   4.3333333333333330        2.3333333333333330       0.12011700482410213     
   4.3333333333333330        2.6666666666666665       0.16661039978585832     
   4.3333333333333330        3.0000000000000000       0.22924481381286974     
   4.3333333333333330        3.3333333333333330       0.27322236018570312     
   4.3333333333333330        3.6666666666666665       0.31144459908061539     
   4.3333333333333330        4.0000000000000000       0.56334754372037865     
   4.3333333333333330        4.3333333333333330       0.58216780240826072     
   4.3333333333333330        4.6666666666666661       0.60722280274622453     
   4.3333333333333330        5.0000000000000000       0.59610031717949785     
   4.3333333333333330        5.3333333333333330       0.57360399463502509     
   4.3333333333333330        5.6666666666666661       0.54115579265686009     
   4.3333333333333330        6.0000000000000000       0.50049130619236648     
   4.3333333333333330        6.3333333333333330       0.46539783532401474     
   4.3333333333333330        6.6666666666666661       0.35674070063327362     
   4.3333333333333330        7.0000000000000000       0.29687412686061970     
   4.3333333333333330        7.3333333333333330       0.20934531421951569     
   4.3333333333333330        7.6666666666666661       0.15328902176789103     
   4.3333333333333330        8.0000000000000000       0.11972004772921541     
   4.3333333333333330        8.3333333333333321        8.6407894243149819E-002
   4.3333333333333330        8.6666666666666661        5.6941572092987988E-002
   4.3333333333333330        9.0000000000000000        3.8317360989596566E-002
   4.3333333333333330        9.3333333333333321        2.1052548838850202E-002
   4.3333333333333330        9.6666666666666661        9.7637401921578000E-003
   4.3333333333333330        10.000000000000000        0.0000000000000000     
 
   4.6666666666666661        0.0000000000000000        0.0000000000000000     
   4.6666666666666661       0.33333333333333331        4.5540715813953232E-003
   4.6666666666666661       0.66666666666666663        4.2580469687336815E-002
   4.6666666666666661        1.0000000000000000        4.4519919539624003E-002
   4.6666666666666661        1.3333333333333333        5.4015538421136593E-002
   4.6666666666666661        1.6666666666666665        6.4240897340394565E-002
   4.6666666666666661        2.0000000000000000        9.9576084799211081E-002
   4.6666666666666661        2.3333333333333330       0.10781682717492089     
   4.6666666666666661        2.6666666666666665       0.28857084431476598     
   4.6666666666666661        3.0000000000000000       0.28531819368588196     
   4.6666666666666661        3.3333333333333330       0.32728545762899813     
   4.6666666666666661        3.6666666666666665       0.41749657096353371     
   4.6666666666666661        4.0000000000000000       0.52606592868011415     
   4.6666666666666661        4.3333333333333330       0.57275963816368358     
   4.6666666666666661        4.6666666666666661       0.59626663135163593     
   4.6666666666666661        5.0000000000000000       0.59728528710811790     
   4.6666666666666661        5.3333333333333330       0.58410922217132966     
   4.6666666666666661        5.6666666666666661       0.55919691549384853     
   4.6666666666666661        6.0000000000000000       0.50985026536023548     
   4.6666666666666661        6.3333333333333330       0.45433005611542182     
   4.6666666666666661        6.6666666666666661       0.41021006510410385     
   4.6666666666666661        7.0000000000000000       0.17680920012539067     
   4.6666666666666661        7.3333333333333330       0.17865784654687986     
   4.6666666666666661        7.6666666666666661       0.15019849920492317     
   4.6666666666666661        8.0000000000000000       0.12080590191069740     
   4.6666666666666661        8.3333333333333321        8.7853767472368158E-002
   4.6666666666666661        8.6666666666666661        5.8790569839580094E-002
   4.6666666666666661        9.0000000000000000        3.9082366706161803E-002
   4.6666666666666661        9.3333333333333321        2.3122024938207503E-002
   4.6666666666666661        9.6666666666666661        1.0733638855253321E-002
   4.6666666666666661        10.000000000000000        0.0000000000000000     
 
   5.0000000000000000        0.0000000000000000        0.0000000000000000     
   5.0000000000000000       0.33333333333333331        4.6886553213124991E-003
   5.0000000000000000       0.66666666666666663        3.6562509571118625E-002
   5.0000000000000000        1.0000000000000000        4.5069634276757524E-002
   5.0000000000000000        1.3333333333333333        5.7076412770482442E-002
   5.0000000000000000        1.6666666666666665        7.2409076479212423E-002
   5.0000000000000000        2.0000000000000000        9.3454932393553014E-002
   5.0000000000000000        2.3333333333333330       0.10565038915409362     
   5.0000000000000000        2.6666666666666665       0.29545972297370254     
   5.0000000000000000        3.0000000000000000       0.29274164952415377     
   5.0000000000000000        3.3333333333333330       0.50951557075204035     
   5.0000000000000000        3.6666666666666665       0.49472562913133294     
   5.0000000000000000        4.0000000000000000       0.53427924183223008     
   5.0000000000000000        4.3333333333333330       0.56733947257950490     
   5.0000000000000000        4.6666666666666661       0.58670141464391867     
   5.0000000000000000        5.0000000000000000       0.59131128747661299     
   5.0000000000000000        5.3333333333333330       0.58579973772956284     
   5.0000000000000000        5.6666666666666661       0.58277441058504442     
   5.0000000000000000        6.0000000000000000       0.42273293540194801     
   5.0000000000000000        6.3333333333333330       0.41993391771983907     
   5.0000000000000000        6.6666666666666661       0.31031353141806628     
   5.0000000000000000        7.0000000000000000       0.20609299974142137     
   5.0000000000000000        7.3333333333333330       0.17972669020620763     
   5.0000000000000000        7.6666666666666661       0.15007732365414431     
   5.0000000000000000        8.0000000000000000       0.12786954844733847     
   5.0000000000000000        8.3333333333333321        6.3162620994689070E-002
   5.0000000000000000        8.6666666666666661        5.3432059029250918E-002
   5.0000000000000000        9.0000000000000000        3.7787181612297029E-002
   5.0000000000000000        9.3333333333333321        2.2731239112517492E-002
   5.0000000000000000        9.6666666666666661        1.0599603447963693E-002
   5.0000000000000000        10.000000000000000        0.0000000000000000     
 
   5.3333333333333330        0.0000000000000000        0.0000000000000000     
   5.3333333333333330       0.33333333333333331        9.7375420335958172E-003
   5.3333333333333330       0.66666666666666663        2.9650529128651334E-002
   5.3333333333333330        1.0000000000000000        4.3932408087282368E-002
   5.3333333333333330        1.3333333333333333        5.8798871627346844E-002
   5.3333333333333330        1.6666666666666665        7.6960599881214842E-002
   5.3333333333333330        2.0000000000000000        9.8301735112051633E-002
   5.3333333333333330        2.3333333333333330       0.11767472122554722     
   5.3333333333333330        2.6666666666666665       0.26250872087201382     
   5.3333333333333330        3.0000000000000000       0.29440290163682670     
   5.3333333333333330        3.3333333333333330       0.48107812347075191     
   5.3333333333333330        3.6666666666666665       0.50357482024681555     
   5.3333333333333330        4.0000000000000000       0.53256251708449454     
   5.3333333333333330        4.3333333333333330       0.55698847452773337     
   5.3333333333333330        4.6666666666666661       0.57169687931697788     
   5.3333333333333330        5.0000000000000000       0.57467513084474331     
   5.3333333333333330        5.3333333333333330       0.56439141635176715     
   5.3333333333333330        5.6666666666666661       0.44196660059900406     
   5.3333333333333330        6.0000000000000000       0.41571232776300665     
   5.3333333333333330        6.3333333333333330       0.37295047673568316     
   5.3333333333333330        6.6666666666666661       0.30667670904138328     
   5.3333333333333330        7.0000000000000000       0.23295292294115644     
   5.3333333333333330        7.3333333333333330       0.18540733991737274     
   5.3333333333333330        7.6666666666666661       0.14453834655234679     
   5.3333333333333330        8.0000000000000000       0.11510501879057948     
   5.3333333333333330        8.3333333333333321        7.5283688867842702E-002
   5.3333333333333330        8.6666666666666661        5.6140094507532524E-002
   5.3333333333333330        9.0000000000000000        3.7589295100228660E-002
   5.3333333333333330        9.3333333333333321        2.0528471297293630E-002
   5.3333333333333330        9.6666666666666661        9.4845049653836493E-003
   5.3333333333333330        10.000000000000000        0.0000000000000000     
 
   5.6666666666666661        0.0000000000000000        0.0000000000000000     
   5.6666666666666661       0.33333333333333331        5.0582935876667054E-003
   5.6666666666666661       0.66666666666666663        1.1979898095764949E-002
   5.6666666666666661        1.0000000000000000        4.0221579879529679E-002
   5.6666666666666661        1.3333333333333333        5.9183234632180191E-002
   5.6666666666666661        1.6666666666666665        8.0416145590165272E-002
   5.6666666666666661        2.0000000000000000       0.10715752587367552     
   5.6666666666666661        2.3333333333333330       0.15081512776483874     
   5.6666666666666661        2.6666666666666665       0.22856831398979049     
   5.6666666666666661        3.0000000000000000       0.32472996502468365     
   5.6666666666666661        3.3333333333333330       0.44640722337491751     
   5.6666666666666661        3.6666666666666665       0.49217388752578661     
   5.6666666666666661        4.0000000000000000       0.51971196815692744     
   5.6666666666666661        4.3333333333333330       0.53886606657605307     
   5.6666666666666661        4.6666666666666661       0.54961521316863637     
   5.6666666666666661        5.0000000000000000       0.55189200705139441     
   5.6666666666666661        5.3333333333333330       0.51371775075657200     
   5.6666666666666661        5.6666666666666661       0.45716131583481073     
   5.6666666666666661        6.0000000000000000       0.34537062039506322     
   5.6666666666666661        6.3333333333333330       0.34224387578489368     
   5.6666666666666661        6.6666666666666661       0.23993343493230912     
   5.6666666666666661        7.0000000000000000       0.18024279642738242     
   5.6666666666666661        7.3333333333333330       0.13313714929403445     
   5.6666666666666661        7.6666666666666661       0.12957198663464184     
   5.6666666666666661        8.0000000000000000        7.5138771444496336E-002
   5.6666666666666661        8.3333333333333321        6.9180237672004416E-002
   5.6666666666666661        8.6666666666666661        6.0490814814373045E-002
   5.6666666666666661        9.0000000000000000        1.2534312177052304E-002
   5.6666666666666661        9.3333333333333321        1.3347612588186831E-002
   5.6666666666666661        9.6666666666666661        7.3225860349772562E-003
   5.6666666666666661        10.000000000000000        0.0000000000000000     
 
   6.0000000000000000        0.0000000000000000        0.0000000000000000     
   6.0000000000000000       0.33333333333333331        5.6945672883816460E-003
   6.0000000000000000       0.66666666666666663        1.2668674991022444E-002
   6.0000000000000000        1.0000000000000000        2.2762834107244626E-002
   6.0000000000000000        1.3333333333333333        0.0000000000000000     
   6.0000000000000000        1.6666666666666665        9.8124484360095826E-002
   6.0000000000000000        2.0000000000000000       0.10109543456939117     
   6.0000000000000000        2.3333333333333330       0.15033513856404673     
   6.0000000000000000        2.6666666666666665       0.17510152666146514     
   6.0000000000000000        3.0000000000000000       0.48855380256962178     
   6.0000000000000000        3.3333333333333330       0.47746837222292843     
   6.0000000000000000        3.6666666666666665       0.48647199733873669     
   6.0000000000000000        4.0000000000000000       0.50096326941998015     
   6.0000000000000000        4.3333333333333330       0.51338846897086543     
   6.0000000000000000        4.6666666666666661       0.51913437737815094     
   6.0000000000000000        5.0000000000000000       0.46787572910827280     
   6.0000000000000000        5.3333333333333330       0.46588764943074562     
   6.0000000000000000        5.6666666666666661       0.40368143416028257     
   6.0000000000000000        6.0000000000000000       0.34269532024810712     
   6.0000000000000000        6.3333333333333330       0.30271892208085860     
   6.0000000000000000        6.6666666666666661       0.23886217168127644     
   6.0000000000000000        7.0000000000000000       0.18125064935451365     
   6.0000000000000000        7.3333333333333330       0.13895657209590234     
   6.0000000000000000        7.6666666666666661       0.11335334584841336     
   6.0000000000000000        8.0000000000000000        8.3806597981999589E-002
   6.0000000000000000        8.3333333333333321        6.8416100491089427E-002
   6.0000000000000000        8.6666666666666661        5.8646528797787971E-002
   6.0000000000000000        9.0000000000000000        2.0031546480062206E-002
   6.0000000000000000        9.3333333333333321        1.3793580797306628E-002
   6.0000000000000000        9.6666666666666661        6.8950516744591154E-003
   6.0000000000000000        10.000000000000000        0.0000000000000000     
 
   6.3333333333333330        0.0000000000000000        0.0000000000000000     
   6.3333333333333330       0.33333333333333331        5.3632847523925956E-003
   6.3333333333333330       0.66666666666666663        1.0901218724500604E-002
   6.3333333333333330        1.0000000000000000        1.6416075239985815E-002
   6.3333333333333330        1.3333333333333333        4.8489341912352241E-002
   6.3333333333333330        1.6666666666666665        8.4945657081955450E-002
   6.3333333333333330        2.0000000000000000       0.10071995671607793     
   6.3333333333333330        2.3333333333333330       0.12765356322903923     
   6.3333333333333330        2.6666666666666665       0.14759884504179263     
   6.3333333333333330        3.0000000000000000       0.16451150027753408     
   6.3333333333333330        3.3333333333333330       0.47339855698529953     
   6.3333333333333330        3.6666666666666665       0.46381550146326800     
   6.3333333333333330        4.0000000000000000       0.47177203330376100     
   6.3333333333333330        4.3333333333333330       0.48102961065414201     
   6.3333333333333330        4.6666666666666661       0.48016687965380600     
   6.3333333333333330        5.0000000000000000       0.45800452353661858     
   6.3333333333333330        5.3333333333333330       0.33662775097805503     
   6.3333333333333330        5.6666666666666661       0.33987474894132208     
   6.3333333333333330        6.0000000000000000       0.31315199413870648     
   6.3333333333333330        6.3333333333333330       0.28308284580809473     
   6.3333333333333330        6.6666666666666661       0.23023050095258737     
   6.3333333333333330        7.0000000000000000       0.16764681500870013     
   6.3333333333333330        7.3333333333333330       0.12997943054314956     
   6.3333333333333330        7.6666666666666661       0.10345151046718637     
   6.3333333333333330        8.0000000000000000        8.0930226653411708E-002
   6.3333333333333330        8.3333333333333321        6.4622311947297964E-002
   6.3333333333333330        8.6666666666666661        4.9508069006487354E-002
   6.3333333333333330        9.0000000000000000        2.7441346661858157E-002
   6.3333333333333330        9.3333333333333321        1.5735400135012699E-002
   6.3333333333333330        9.6666666666666661        6.8938516482251883E-003
   6.3333333333333330        10.000000000000000        0.0000000000000000     
 
   6.6666666666666661        0.0000000000000000        0.0000000000000000     
   6.6666666666666661       0.33333333333333331        5.1717190818015733E-003
   6.6666666666666661       0.66666666666666663        9.7653345872985714E-003
   6.6666666666666661        1.0000000000000000        3.9299961507317432E-002
   6.6666666666666661        1.3333333333333333        5.1179540050188425E-002
   6.6666666666666661        1.6666666666666665        7.2214094941972118E-002
   6.6666666666666661        2.0000000000000000        9.2114956226915456E-002
   6.6666666666666661        2.3333333333333330       0.11461755916313267     
   6.6666666666666661        2.6666666666666665       0.14236465594450246     
   6.6666666666666661        3.0000000000000000       0.16766365643192202     
   6.6666666666666661        3.3333333333333330       0.34036460997649287     
   6.6666666666666661        3.6666666666666665       0.41402706863057875     
   6.6666666666666661        4.0000000000000000       0.43096361976938663     
   6.6666666666666661        4.3333333333333330       0.44761232107417093     
   6.6666666666666661        4.6666666666666661       0.45090840453009323     
   6.6666666666666661        5.0000000000000000       0.41518049268665735     
   6.6666666666666661        5.3333333333333330       0.32808692197959283     
   6.6666666666666661        5.6666666666666661       0.30035138201443873     
   6.6666666666666661        6.0000000000000000       0.28251141978845817     
   6.6666666666666661        6.3333333333333330       0.16052847185767502     
   6.6666666666666661        6.6666666666666661       0.12880411740904057     
   6.6666666666666661        7.0000000000000000       0.13009909386749333     
   6.6666666666666661        7.3333333333333330       0.11183110806507343     
   6.6666666666666661        7.6666666666666661        9.1957525958863168E-002
   6.6666666666666661        8.0000000000000000        7.4405404078809800E-002
   6.6666666666666661        8.3333333333333321        6.2126120659548305E-002
   6.6666666666666661        8.6666666666666661        2.8566916834414011E-002
   6.6666666666666661        9.0000000000000000        2.5956899132711153E-002
   6.6666666666666661        9.3333333333333321        9.6087442426164207E-003
   6.6666666666666661        9.6666666666666661        5.3782540054237368E-003
   6.6666666666666661        10.000000000000000        0.0000000000000000     
 
   7.0000000000000000        0.0000000000000000        0.0000000000000000     
   7.0000000000000000       0.33333333333333331        5.8844427205932614E-003
   7.0000000000000000       0.66666666666666663        1.3823989295581780E-002
   7.0000000000000000        1.0000000000000000        2.9596245916746207E-002
   7.0000000000000000        1.3333333333333333        4.7302187853099205E-002
   7.0000000000000000        1.6666666666666665        6.3558392229860414E-002
   7.0000000000000000        2.0000000000000000        8.3961352675141029E-002
   7.0000000000000000        2.3333333333333330        9.9328180686193535E-002
   7.0000000000000000        2.6666666666666665       0.16949747288663200     
   7.0000000000000000        3.0000000000000000       0.19880191950429851     
   7.0000000000000000        3.3333333333333330       0.26317913944392635     
   7.0000000000000000        3.6666666666666665       0.33794501039397473     
   7.0000000000000000        4.0000000000000000       0.38263325269205883     
   7.0000000000000000        4.3333333333333330       0.41860032432781080     
   7.0000000000000000        4.6666666666666661       0.14522374492513268     
   7.0000000000000000        5.0000000000000000       0.22651386329598100     
   7.0000000000000000        5.3333333333333330       0.25531156554515416     
   7.0000000000000000        5.6666666666666661       0.24711193982767529     
   7.0000000000000000        6.0000000000000000       0.23093850970716959     
   7.0000000000000000        6.3333333333333330       0.16208897776637696     
   7.0000000000000000        6.6666666666666661       0.12977282943219709     
   7.0000000000000000        7.0000000000000000       0.11418193817920959     
   7.0000000000000000        7.3333333333333330        9.7626309838409905E-002
   7.0000000000000000        7.6666666666666661        8.0659685818622845E-002
   7.0000000000000000        8.0000000000000000        6.5152128147233840E-002
   7.0000000000000000        8.3333333333333321        4.9810801118432023E-002
   7.0000000000000000        8.6666666666666661        3.2843872679148171E-002
   7.0000000000000000        9.0000000000000000        2.3387165602636002E-002
   7.0000000000000000        9.3333333333333321        1.4501599950998346E-002
   7.0000000000000000        9.6666666666666661        1.9642054813619240E-003
   7.0000000000000000        10.000000000000000        0.0000000000000000     
 
   7.3333333333333330        0.0000000000000000        0.0000000000000000     
   7.3333333333333330       0.33333333333333331        4.9223053400769493E-003
   7.3333333333333330       0.66666666666666663        1.0899963486672496E-002
   7.3333333333333330        1.0000000000000000        1.9640804278337937E-002
   7.3333333333333330        1.3333333333333333        4.7509924292575521E-002
   7.3333333333333330        1.6666666666666665        5.3665997452121673E-002
   7.3333333333333330        2.0000000000000000        8.4705650412043754E-002
   7.3333333333333330        2.3333333333333330       0.10258519555741091     
   7.3333333333333330        2.6666666666666665       0.14259298898901165     
   7.3333333333333330        3.0000000000000000       0.19656239412980109     
   7.3333333333333330        3.3333333333333330       0.24996538491203951     
   7.3333333333333330        3.6666666666666665       0.29035694388889316     
   7.3333333333333330        4.0000000000000000       0.33794501039397473     
   7.3333333333333330        4.3333333333333330       0.14522374492513268     
   7.3333333333333330        4.6666666666666661       0.14755249996100994     
   7.3333333333333330        5.0000000000000000       0.19711066506927188     
   7.3333333333333330        5.3333333333333330       0.21767594410194063     
   7.3333333333333330        5.6666666666666661       0.20016756808507000     
   7.3333333333333330        6.0000000000000000       0.12103759358577106     
   7.3333333333333330        6.3333333333333330       0.12839945197685454     
   7.3333333333333330        6.6666666666666661       0.11621018529786603     
   7.3333333333333330        7.0000000000000000       0.10167147643332039     
   7.3333333333333330        7.3333333333333330        8.6391360059853650E-002
   7.3333333333333330        7.6666666666666661        7.0463599152017428E-002
   7.3333333333333330        8.0000000000000000        5.8187655322137627E-002
   7.3333333333333330        8.3333333333333321        4.1314027166664921E-002
   7.3333333333333330        8.6666666666666661        3.1364864630947530E-002
   7.3333333333333330        9.0000000000000000        2.1636561176098117E-002
   7.3333333333333330        9.3333333333333321        1.1452960318205778E-002
   7.3333333333333330        9.6666666666666661        4.0733499732914314E-003
   7.3333333333333330        10.000000000000000        0.0000000000000000     
 
   7.6666666666666661        0.0000000000000000        0.0000000000000000     
   7.6666666666666661       0.33333333333333331        3.2397745276801829E-003
   7.6666666666666661       0.66666666666666663        5.9246181037906935E-003
   7.6666666666666661        1.0000000000000000        4.1394304766153592E-002
   7.6666666666666661        1.3333333333333333        4.4353615835461435E-002
   7.6666666666666661        1.6666666666666665        5.2938081143632611E-002
   7.6666666666666661        2.0000000000000000        7.0119865841836576E-002
   7.6666666666666661        2.3333333333333330        8.6892617994318466E-002
   7.6666666666666661        2.6666666666666665       0.10443246467423389     
   7.6666666666666661        3.0000000000000000        9.4032668925694327E-002
   7.6666666666666661        3.3333333333333330       0.17934711230801778     
   7.6666666666666661        3.6666666666666665       0.23447111472022905     
   7.6666666666666661        4.0000000000000000        4.3558091917934035E-002
   7.6666666666666661        4.3333333333333330        8.6306834426523274E-002
   7.6666666666666661        4.6666666666666661       0.10466253477945803     
   7.6666666666666661        5.0000000000000000        7.2504236489651264E-002
   7.6666666666666661        5.3333333333333330       0.13375377377890457     
   7.6666666666666661        5.6666666666666661       0.13561795601522847     
   7.6666666666666661        6.0000000000000000       0.11604690022087615     
   7.6666666666666661        6.3333333333333330       0.11649397545735278     
   7.6666666666666661        6.6666666666666661       0.10752544040720881     
   7.6666666666666661        7.0000000000000000        9.2604128701890040E-002
   7.6666666666666661        7.3333333333333330        7.8476459056059863E-002
   7.6666666666666661        7.6666666666666661        5.9137078067197701E-002
   7.6666666666666661        8.0000000000000000        2.4689679491949060E-002
   7.6666666666666661        8.3333333333333321        2.7880455799625684E-002
   7.6666666666666661        8.6666666666666661        1.1318618790114376E-002
   7.6666666666666661        9.0000000000000000        6.4418053339598356E-003
   7.6666666666666661        9.3333333333333321        6.3580040225151603E-003
   7.6666666666666661        9.6666666666666661        3.1645872892047712E-003
   7.6666666666666661        10.000000000000000        0.0000000000000000     
 
   8.0000000000000000        0.0000000000000000        0.0000000000000000     
   8.0000000000000000       0.33333333333333331        2.3529438906053934E-003
   8.0000000000000000       0.66666666666666663        4.0646726101344890E-003
   8.0000000000000000        1.0000000000000000        3.5811915402951325E-002
   8.0000000000000000        1.3333333333333333        3.8496182775446905E-002
   8.0000000000000000        1.6666666666666665        4.6632092278838952E-002
   8.0000000000000000        2.0000000000000000        5.9152356864881940E-002
   8.0000000000000000        2.3333333333333330        7.3719100565814294E-002
   8.0000000000000000        2.6666666666666665        8.7046740235241601E-002
   8.0000000000000000        3.0000000000000000        9.7862290355301043E-002
   8.0000000000000000        3.3333333333333330       0.12640414002666325     
   8.0000000000000000        3.6666666666666665        4.3558091917934035E-002
   8.0000000000000000        4.0000000000000000        4.6017138173083887E-002
   8.0000000000000000        4.3333333333333330        7.0783503773884968E-002
   8.0000000000000000        4.6666666666666661        8.2815448951254755E-002
   8.0000000000000000        5.0000000000000000        7.5995621964919852E-002
   8.0000000000000000        5.3333333333333330        7.8237456475357348E-002
   8.0000000000000000        5.6666666666666661        9.4109429504969103E-002
   8.0000000000000000        6.0000000000000000        9.3287855460190125E-002
   8.0000000000000000        6.3333333333333330        0.0000000000000000     
   8.0000000000000000        6.6666666666666661        8.2101315159904806E-002
   8.0000000000000000        7.0000000000000000        8.5673026546785019E-002
   8.0000000000000000        7.3333333333333330        2.3131223604002198E-002
   8.0000000000000000        7.6666666666666661        3.0789505539414112E-002
   8.0000000000000000        8.0000000000000000        2.3021626784635704E-002
   8.0000000000000000        8.3333333333333321        1.9240290910764849E-002
   8.0000000000000000        8.6666666666666661        1.2233697475710808E-002
   8.0000000000000000        9.0000000000000000        7.0601586717550105E-003
   8.0000000000000000        9.3333333333333321        4.8601917358476474E-003
   8.0000000000000000        9.6666666666666661        2.4738124688776920E-003
   8.0000000000000000        10.000000000000000        0.0000000000000000     
 
   8.3333333333333321        0.0000000000000000        0.0000000000000000     
   8.3333333333333321       0.33333333333333331        2.3021235599038591E-003
   8.3333333333333321       0.66666666666666663        4.2496846305102327E-003
   8.3333333333333321        1.0000000000000000        2.1573173554152315E-002
   8.3333333333333321        1.3333333333333333        2.9851951007671525E-002
   8.3333333333333321        1.6666666666666665        3.8788434314860579E-002
   8.3333333333333321        2.0000000000000000        4.9226339701881845E-002
   8.3333333333333321        2.3333333333333330        6.5102648505356436E-002
   8.3333333333333321        2.6666666666666665        7.5634781980981280E-002
   8.3333333333333321        3.0000000000000000        8.7554453218360861E-002
   8.3333333333333321        3.3333333333333330       0.10520842303694011     
   8.3333333333333321        3.6666666666666665        2.6762997900280784E-002
   8.3333333333333321        4.0000000000000000        2.8558933867760334E-002
   8.3333333333333321        4.3333333333333330        9.5888213442812346E-003
   8.3333333333333321        4.6666666666666661        7.9370121531088210E-003
   8.3333333333333321        5.0000000000000000        6.2231496786633110E-002
   8.3333333333333321        5.3333333333333330        6.4696999522893955E-002
   8.3333333333333321        5.6666666666666661        7.1465714419558887E-002
   8.3333333333333321        6.0000000000000000        7.1996712753727737E-002
   8.3333333333333321        6.3333333333333330        3.1547054895771032E-002
   8.3333333333333321        6.6666666666666661        0.0000000000000000     
   8.3333333333333321        7.0000000000000000        1.3938539904302216E-002
   8.3333333333333321        7.3333333333333330        1.6849560942610059E-002
   8.3333333333333321        7.6666666666666661        1.9462203312963066E-002
   8.3333333333333321        8.0000000000000000        1.8775441602896226E-002
   8.3333333333333321        8.3333333333333321        1.5077263988246400E-002
   8.3333333333333321        8.6666666666666661        5.3264405166489493E-003
   8.3333333333333321        9.0000000000000000        5.2889398554965723E-003
   8.3333333333333321        9.3333333333333321        3.9578612925103727E-003
   8.3333333333333321        9.6666666666666661        2.0811381681347259E-003
   8.3333333333333321        10.000000000000000        0.0000000000000000     
 
   8.6666666666666661        0.0000000000000000        0.0000000000000000     
   8.6666666666666661       0.33333333333333331        2.8111310996714956E-003
   8.6666666666666661       0.66666666666666663        6.7564490382782316E-003
   8.6666666666666661        1.0000000000000000        1.4992600837302170E-002
   8.6666666666666661        1.3333333333333333        2.2718105816909109E-002
   8.6666666666666661        1.6666666666666665        3.1990283884095506E-002
   8.6666666666666661        2.0000000000000000        3.6726630281252767E-002
   8.6666666666666661        2.3333333333333330        5.1703596890269446E-002
   8.6666666666666661        2.6666666666666665        6.6333197857595422E-002
   8.6666666666666661        3.0000000000000000        7.5129440804933473E-002
   8.6666666666666661        3.3333333333333330        0.0000000000000000     
   8.6666666666666661        3.6666666666666665        1.0455541679009179E-002
   8.6666666666666661        4.0000000000000000        1.4672829500495256E-002
   8.6666666666666661        4.3333333333333330        1.0510055090100839E-002
   8.6666666666666661        4.6666666666666661        8.7827500473377437E-003
   8.6666666666666661        5.0000000000000000        4.7008228714809072E-002
   8.6666666666666661        5.3333333333333330        4.9167874042751504E-002
   8.6666666666666661        5.6666666666666661        5.7320299552051354E-002
   8.6666666666666661        6.0000000000000000        5.3478665118585060E-002
   8.6666666666666661        6.3333333333333330        3.3129783430532661E-002
   8.6666666666666661        6.6666666666666661        1.1121561512318164E-002
   8.6666666666666661        7.0000000000000000        1.2048666928291379E-002
   8.6666666666666661        7.3333333333333330        1.1994362617349603E-002
   8.6666666666666661        7.6666666666666661        1.2653793639368759E-002
   8.6666666666666661        8.0000000000000000        6.7849638246290159E-003
   8.6666666666666661        8.3333333333333321        8.2740601603014542E-003
   8.6666666666666661        8.6666666666666661        5.8632466837528745E-003
   8.6666666666666661        9.0000000000000000        1.8660401492289539E-003
   8.6666666666666661        9.3333333333333321        1.0880686294605104E-003
   8.6666666666666661        9.6666666666666661        0.0000000000000000     
   8.6666666666666661        10.000000000000000        0.0000000000000000     
 
   9.0000000000000000        0.0000000000000000        0.0000000000000000     
   9.0000000000000000       0.33333333333333331        2.4398417420333223E-003
   9.0000000000000000       0.66666666666666663        5.5593519686068984E-003
   9.0000000000000000        1.0000000000000000        1.0147314187981408E-002
   9.0000000000000000        1.3333333333333333        1.5779788558478513E-002
   9.0000000000000000        1.6666666666666665        1.9604962820375126E-002
   9.0000000000000000        2.0000000000000000        3.1433535012257804E-002
   9.0000000000000000        2.3333333333333330        4.0210777795947859E-002
   9.0000000000000000        2.6666666666666665        6.6187297312058778E-004
   9.0000000000000000        3.0000000000000000        1.1477559425407159E-003
   9.0000000000000000        3.3333333333333330        4.6487551492603212E-003
   9.0000000000000000        3.6666666666666665        7.1029616453758600E-003
   9.0000000000000000        4.0000000000000000        1.0281553281211287E-002
   9.0000000000000000        4.3333333333333330        9.9448869456749689E-003
   9.0000000000000000        4.6666666666666661        8.4659743023306449E-004
   9.0000000000000000        5.0000000000000000        2.8180101904997933E-002
   9.0000000000000000        5.3333333333333330        2.9694725385665345E-002
   9.0000000000000000        5.6666666666666661        9.4294012273151255E-003
   9.0000000000000000        6.0000000000000000        1.1725298624857081E-002
   9.0000000000000000        6.3333333333333330        1.5878874776530563E-002
   9.0000000000000000        6.6666666666666661        1.1014777321664849E-002
   9.0000000000000000        7.0000000000000000        5.8256529741547384E-003
   9.0000000000000000        7.3333333333333330        7.3062695235846945E-003
   9.0000000000000000        7.6666666666666661        7.4040874972941019E-003
   9.0000000000000000        8.0000000000000000        5.8877135594349768E-003
   9.0000000000000000        8.3333333333333321        6.0486523135332825E-003
   9.0000000000000000        8.6666666666666661        4.5199662450185734E-003
   9.0000000000000000        9.0000000000000000        2.0720112056625095E-003
   9.0000000000000000        9.3333333333333321        1.2180367414237252E-003
   9.0000000000000000        9.6666666666666661        9.6588942550491152E-005
   9.0000000000000000        10.000000000000000        0.0000000000000000     
 
   9.3333333333333321        0.0000000000000000        0.0000000000000000     
   9.3333333333333321       0.33333333333333331        1.6149593016794043E-003
   9.3333333333333321       0.66666666666666663        3.3931729856899193E-003
   9.3333333333333321        1.0000000000000000        5.1303271942870279E-003
   9.3333333333333321        1.3333333333333333        5.7747661887022472E-003
   9.3333333333333321        1.6666666666666665        9.2853405563404264E-003
   9.3333333333333321        2.0000000000000000        1.0845532607821331E-003
   9.3333333333333321        2.3333333333333330        6.1646173995743940E-004
   9.3333333333333321        2.6666666666666665        7.4113931258926321E-004
   9.3333333333333321        3.0000000000000000        1.2768594254402863E-003
   9.3333333333333321        3.3333333333333330        2.6304043379402958E-003
   9.3333333333333321        3.6666666666666665        3.6525567653607391E-003
   9.3333333333333321        4.0000000000000000        0.0000000000000000     
   9.3333333333333321        4.3333333333333330        7.0547493124122258E-004
   9.3333333333333321        4.6666666666666661        9.1662933602627296E-004
   9.3333333333333321        5.0000000000000000        8.1963987170350812E-003
   9.3333333333333321        5.3333333333333330        1.3190655178286588E-002
   9.3333333333333321        5.6666666666666661        1.0086928377036461E-002
   9.3333333333333321        6.0000000000000000        8.2874900796688303E-003
   9.3333333333333321        6.3333333333333330        8.5260747438087002E-003
   9.3333333333333321        6.6666666666666661        6.7713968233616018E-003
   9.3333333333333321        7.0000000000000000        4.8270038537130818E-003
   9.3333333333333321        7.3333333333333330        4.5843254741858167E-003
   9.3333333333333321        7.6666666666666661        4.3598343648976225E-003
   9.3333333333333321        8.0000000000000000        3.8265411015641869E-003
   9.3333333333333321        8.3333333333333321        5.5570130752039557E-004
   9.3333333333333321        8.6666666666666661        6.0990419721878306E-004
   9.3333333333333321        9.0000000000000000        8.9853185347616230E-004
   9.3333333333333321        9.3333333333333321        6.3082717214375632E-004
   9.3333333333333321        9.6666666666666661        2.0489533860362536E-004
   9.3333333333333321        10.000000000000000        0.0000000000000000     
 
   9.6666666666666661        0.0000000000000000        0.0000000000000000     
   9.6666666666666661       0.33333333333333331        7.8094787958446661E-004
   9.6666666666666661       0.66666666666666663        1.5849431402159718E-003
   9.6666666666666661        1.0000000000000000        2.3174021956765441E-003
   9.6666666666666661        1.3333333333333333        2.7709081870081428E-003
   9.6666666666666661        1.6666666666666665        3.2421239492394158E-003
   9.6666666666666661        2.0000000000000000        1.1939828766074465E-003
   9.6666666666666661        2.3333333333333330        5.6122791481208272E-004
   9.6666666666666661        2.6666666666666665        4.9288302173633241E-004
   9.6666666666666661        3.0000000000000000        7.2325385443014467E-004
   9.6666666666666661        3.3333333333333330        1.1999434307228250E-003
   9.6666666666666661        3.6666666666666665        1.5665910354828638E-003
   9.6666666666666661        4.0000000000000000        2.6469914463520265E-004
   9.6666666666666661        4.3333333333333330        5.4949629678357787E-004
   9.6666666666666661        4.6666666666666661        1.2678257589423057E-003
   9.6666666666666661        5.0000000000000000        3.6894557237845899E-003
   9.6666666666666661        5.3333333333333330        5.5189346844347828E-003
   9.6666666666666661        5.6666666666666661        1.6160466341476672E-003
   9.6666666666666661        6.0000000000000000        3.3453428821036721E-003
   9.6666666666666661        6.3333333333333330        3.7027430685158255E-003
   9.6666666666666661        6.6666666666666661        3.1884223831228596E-003
   9.6666666666666661        7.0000000000000000        2.5100378325736234E-003
   9.6666666666666661        7.3333333333333330        2.2253043456713722E-003
   9.6666666666666661        7.6666666666666661        1.9957388688127704E-003
   9.6666666666666661        8.0000000000000000        1.5732742141504124E-003
   9.6666666666666661        8.3333333333333321        6.1461012398023886E-004
   9.6666666666666661        8.6666666666666661        3.9042636275772781E-004
   9.6666666666666661        9.0000000000000000        3.7999067974501838E-004
   9.6666666666666661        9.3333333333333321        2.7382222125022849E-004
   9.6666666666666661        9.6666666666666661        1.1623386031978943E-004
   9.6666666666666661        10.000000000000000        0.0000000000000000     
 
   10.000000000000000        0.0000000000000000        0.0000000000000000     
   10.000000000000000       0.33333333333333331        0.0000000000000000     
   10.000000000000000       0.66666666666666663        0.0000000000000000     
   10.000000000000000        1.0000000000000000        0.0000000000000000     
   10.000000000000000        1.3333333333333333        0.0000000000000000     
   10.000000000000000        1.6666666666666665        0.0000000000000000     
   10.000000000000000        2.0000000000000000        0.0000000000000000     
   10.000000000000000        2.3333333333333330        0.0000000000000000     
   10.000000000000000        2.6666666666666665        0.0000000000000000     
   10.000000000000000        3.0000000000000000        0.0000000000000000     
   10.000000000000000        3.3333333333333330        0.0000000000000000     
   10.000000000000000        3.6666666666666665        0.0000000000000000     
   10.000000000000000        4.0000000000000000        0.0000000000000000     
   10.000000000000000        4.3333333333333330        0.0000000000000000     
   10.000000000000000        4.6666666666666661        0.0000000000000000     
   10.000000000000000        5.0000000000000000        0.0000000000000000     
   10.000000000000000        5.3333333333333330        0.0000000000000000     
   10.000000000000000        5.6666666666666661        0.0000000000000000     
   10.000000000000000        6.0000000000000000        0.0000000000000000     
   10.000000000000000        6.3333333333333330        0.0000000000000000     
   10.000000000000000        6.6666666666666661        0.0000000000000000     
   10.000000000000000        7.0000000000000000        0.0000000000000000     
   10.000000000000000        7.3333333333333330        0.0000000000000000     
   10.000000000000000        7.6666666666666661        0.0000000000000000     
   10.000000000000000        8.0000000000000000        0.0000000000000000     
   10.000000000000000        8.3333333333333321        0.0000000000000000     
   10.000000000000000        8.6666666666666661        0.0000000000000000     
   10.000000000000000        9.0000000000000000        0.0000000000000000     
   10.000000000000000        9.3333333333333321        0.0000000000000000     
   10.000000000000000        9.6666666666666661        0.0000000000000000     
   10.000000000000000        10.000000000000000        0.0000000000000000     
 
