   0.0000000000000000        0.0000000000000000        0.0000000000000000     
   0.0000000000000000       0.33333333333333331        0.0000000000000000     
   0.0000000000000000       0.66666666666666663        0.0000000000000000     
   0.0000000000000000        1.0000000000000000        0.0000000000000000     
   0.0000000000000000        1.3333333333333333        0.0000000000000000     
   0.0000000000000000        1.6666666666666665        0.0000000000000000     
   0.0000000000000000        2.0000000000000000        0.0000000000000000     
   0.0000000000000000        2.3333333333333330        0.0000000000000000     
   0.0000000000000000        2.6666666666666665        0.0000000000000000     
   0.0000000000000000        3.0000000000000000        0.0000000000000000     
   0.0000000000000000        3.3333333333333330        0.0000000000000000     
   0.0000000000000000        3.6666666666666665        0.0000000000000000     
   0.0000000000000000        4.0000000000000000        0.0000000000000000     
   0.0000000000000000        4.3333333333333330        0.0000000000000000     
   0.0000000000000000        4.6666666666666661        0.0000000000000000     
   0.0000000000000000        5.0000000000000000        0.0000000000000000     
   0.0000000000000000        5.3333333333333330        0.0000000000000000     
   0.0000000000000000        5.6666666666666661        0.0000000000000000     
   0.0000000000000000        6.0000000000000000        0.0000000000000000     
   0.0000000000000000        6.3333333333333330        0.0000000000000000     
   0.0000000000000000        6.6666666666666661        0.0000000000000000     
   0.0000000000000000        7.0000000000000000        0.0000000000000000     
   0.0000000000000000        7.3333333333333330        0.0000000000000000     
   0.0000000000000000        7.6666666666666661        0.0000000000000000     
   0.0000000000000000        8.0000000000000000        0.0000000000000000     
   0.0000000000000000        8.3333333333333321        0.0000000000000000     
   0.0000000000000000        8.6666666666666661        0.0000000000000000     
   0.0000000000000000        9.0000000000000000        0.0000000000000000     
   0.0000000000000000        9.3333333333333321        0.0000000000000000     
   0.0000000000000000        9.6666666666666661        0.0000000000000000     
   0.0000000000000000        10.000000000000000        0.0000000000000000     
 
  0.33333333333333331        0.0000000000000000        0.0000000000000000     
  0.33333333333333331       0.33333333333333331        3.0092335195203851E-007
  0.33333333333333331       0.66666666666666663        4.8896231056866401E-007
  0.33333333333333331        1.0000000000000000        3.8535618118508069E-007
  0.33333333333333331        1.3333333333333333        9.0713488103356746E-007
  0.33333333333333331        1.6666666666666665        1.6302652439407952E-006
  0.33333333333333331        2.0000000000000000        3.2620752470781474E-006
  0.33333333333333331        2.3333333333333330        5.1328446280836393E-006
  0.33333333333333331        2.6666666666666665        5.6270985976537305E-006
  0.33333333333333331        3.0000000000000000        1.4941450084559551E-005
  0.33333333333333331        3.3333333333333330        1.7797164915552706E-005
  0.33333333333333331        3.6666666666666665        1.4740198233227323E-005
  0.33333333333333331        4.0000000000000000        1.3590597825690717E-005
  0.33333333333333331        4.3333333333333330        1.4694836688743257E-005
  0.33333333333333331        4.6666666666666661        1.0845834128879068E-005
  0.33333333333333331        5.0000000000000000        2.3923284487809559E-005
  0.33333333333333331        5.3333333333333330        7.3930554430877136E-005
  0.33333333333333331        5.6666666666666661        1.1080515248050100E-004
  0.33333333333333331        6.0000000000000000        1.4750020123263565E-004
  0.33333333333333331        6.3333333333333330        1.8261335981134991E-004
  0.33333333333333331        6.6666666666666661        1.0676166836750892E-004
  0.33333333333333331        7.0000000000000000        1.9342151487946219E-004
  0.33333333333333331        7.3333333333333330        6.6892237086865069E-005
  0.33333333333333331        7.6666666666666661        4.2912230187931594E-005
  0.33333333333333331        8.0000000000000000        2.5462380302709061E-005
  0.33333333333333331        8.3333333333333321        1.2666289187633853E-005
  0.33333333333333331        8.6666666666666661        7.3540580256303722E-006
  0.33333333333333331        9.0000000000000000        4.3936150503025643E-006
  0.33333333333333331        9.3333333333333321        1.9732043974051898E-006
  0.33333333333333331        9.6666666666666661        7.4116389774145093E-007
  0.33333333333333331        10.000000000000000        0.0000000000000000     
 
  0.66666666666666663        0.0000000000000000        0.0000000000000000     
  0.66666666666666663       0.33333333333333331        8.9847859472816428E-007
  0.66666666666666663       0.66666666666666663        1.5682338138422237E-006
  0.66666666666666663        1.0000000000000000        2.8838101861444417E-006
  0.66666666666666663        1.3333333333333333        2.1718123232994033E-006
  0.66666666666666663        1.6666666666666665        3.3378495980116524E-006
  0.66666666666666663        2.0000000000000000        8.2129627687557207E-006
  0.66666666666666663        2.3333333333333330        1.4613670414626133E-005
  0.66666666666666663        2.6666666666666665        4.3422452828999130E-005
  0.66666666666666663        3.0000000000000000        4.4566664993033966E-005
  0.66666666666666663        3.3333333333333330        5.1197923647370703E-005
  0.66666666666666663        3.6666666666666665        3.5773154637555403E-005
  0.66666666666666663        4.0000000000000000        3.2605763436799669E-005
  0.66666666666666663        4.3333333333333330        4.2603338971241598E-005
  0.66666666666666663        4.6666666666666661        0.0000000000000000     
  0.66666666666666663        5.0000000000000000        1.5423484661748971E-004
  0.66666666666666663        5.3333333333333330        2.0012219250663442E-004
  0.66666666666666663        5.6666666666666661        2.7952000773031184E-004
  0.66666666666666663        6.0000000000000000        3.7252324364242149E-004
  0.66666666666666663        6.3333333333333330        5.6853399905260863E-004
  0.66666666666666663        6.6666666666666661        8.9036238401467164E-004
  0.66666666666666663        7.0000000000000000        6.9983919846396223E-004
  0.66666666666666663        7.3333333333333330        6.5760388141149220E-005
  0.66666666666666663        7.6666666666666661        1.0288560059039658E-004
  0.66666666666666663        8.0000000000000000        6.0615989569016101E-005
  0.66666666666666663        8.3333333333333321        2.5183693473405855E-005
  0.66666666666666663        8.6666666666666661        1.6715840401463648E-005
  0.66666666666666663        9.0000000000000000        1.0895973338624492E-005
  0.66666666666666663        9.3333333333333321        3.9689894044969243E-006
  0.66666666666666663        9.6666666666666661        1.4520818818844924E-006
  0.66666666666666663        10.000000000000000        0.0000000000000000     
 
   1.0000000000000000        0.0000000000000000        0.0000000000000000     
   1.0000000000000000       0.33333333333333331        2.2636138432149936E-006
   1.0000000000000000       0.66666666666666663        4.2549132301371969E-006
   1.0000000000000000        1.0000000000000000        5.3362240582911698E-006
   1.0000000000000000        1.3333333333333333        2.8838101861444417E-006
   1.0000000000000000        1.6666666666666665        1.1666307482355769E-005
   1.0000000000000000        2.0000000000000000        1.6423835693427669E-005
   1.0000000000000000        2.3333333333333330        3.8807346045329012E-005
   1.0000000000000000        2.6666666666666665        6.6216619609824837E-005
   1.0000000000000000        3.0000000000000000        9.2714418313221526E-005
   1.0000000000000000        3.3333333333333330        1.3362831480324912E-004
   1.0000000000000000        3.6666666666666665        6.4021800442744478E-005
   1.0000000000000000        4.0000000000000000        5.6574523475947178E-005
   1.0000000000000000        4.3333333333333330        1.0392164849874399E-004
   1.0000000000000000        4.6666666666666661        1.2334837364288121E-004
   1.0000000000000000        5.0000000000000000        1.9114130123061354E-004
   1.0000000000000000        5.3333333333333330        3.9648036080959954E-004
   1.0000000000000000        5.6666666666666661        5.7624942724827130E-004
   1.0000000000000000        6.0000000000000000        6.8146929813864211E-004
   1.0000000000000000        6.3333333333333330        1.4274565489167720E-003
   1.0000000000000000        6.6666666666666661        1.5251231523838238E-003
   1.0000000000000000        7.0000000000000000        1.3672979845012838E-003
   1.0000000000000000        7.3333333333333330        8.2355152368691084E-004
   1.0000000000000000        7.6666666666666661        2.9800047420436396E-004
   1.0000000000000000        8.0000000000000000        1.2255715076250502E-004
   1.0000000000000000        8.3333333333333321        4.5764271087340521E-005
   1.0000000000000000        8.6666666666666661        3.3222857941644338E-005
   1.0000000000000000        9.0000000000000000        2.4983295946936528E-005
   1.0000000000000000        9.3333333333333321        1.2261192054336249E-006
   1.0000000000000000        9.6666666666666661        1.9925554129515316E-006
   1.0000000000000000        10.000000000000000        0.0000000000000000     
 
   1.3333333333333333        0.0000000000000000        0.0000000000000000     
   1.3333333333333333       0.33333333333333331        5.2287884792373234E-006
   1.3333333333333333       0.66666666666666663        1.0336122951114336E-005
   1.3333333333333333        1.0000000000000000        1.4435368101250469E-005
   1.3333333333333333        1.3333333333333333        2.4006871192993024E-005
   1.3333333333333333        1.6666666666666665        1.3803541985377110E-005
   1.3333333333333333        2.0000000000000000        7.3209426458941047E-005
   1.3333333333333333        2.3333333333333330        7.9379181131789336E-005
   1.3333333333333333        2.6666666666666665        1.2542781563205574E-004
   1.3333333333333333        3.0000000000000000        1.7464859057782117E-004
   1.3333333333333333        3.3333333333333330        3.9360067956010987E-004
   1.3333333333333333        3.6666666666666665        7.7419341365238844E-004
   1.3333333333333333        4.0000000000000000        3.3387166029385910E-004
   1.3333333333333333        4.3333333333333330        2.6778880179154969E-004
   1.3333333333333333        4.6666666666666661        6.1325050022324420E-004
   1.3333333333333333        5.0000000000000000        6.9966388291172051E-004
   1.3333333333333333        5.3333333333333330        8.1557105450301578E-004
   1.3333333333333333        5.6666666666666661        1.2263185190361449E-003
   1.3333333333333333        6.0000000000000000        4.4404593241957847E-003
   1.3333333333333333        6.3333333333333330        3.5975598636822695E-003
   1.3333333333333333        6.6666666666666661        3.1371467181620970E-003
   1.3333333333333333        7.0000000000000000        2.5353487050598380E-003
   1.3333333333333333        7.3333333333333330        1.7607302735026702E-003
   1.3333333333333333        7.6666666666666661        4.7818638539387308E-005
   1.3333333333333333        8.0000000000000000        7.5460331580952961E-005
   1.3333333333333333        8.3333333333333321        8.4261158808568575E-005
   1.3333333333333333        8.6666666666666661        6.4489160379161868E-005
   1.3333333333333333        9.0000000000000000        4.5375716495784874E-005
   1.3333333333333333        9.3333333333333321        1.6170280228477080E-005
   1.3333333333333333        9.6666666666666661        6.4991691565988615E-006
   1.3333333333333333        10.000000000000000        0.0000000000000000     
 
   1.6666666666666665        0.0000000000000000        0.0000000000000000     
   1.6666666666666665       0.33333333333333331        1.1305307052624665E-005
   1.6666666666666665       0.66666666666666663        2.3292111559932519E-005
   1.6666666666666665        1.0000000000000000        3.5757043487757093E-005
   1.6666666666666665        1.3333333333333333        4.7701662530323446E-005
   1.6666666666666665        1.6666666666666665        1.4518229276462539E-004
   1.6666666666666665        2.0000000000000000        1.0730540153653730E-004
   1.6666666666666665        2.3333333333333330        1.2287094535035848E-004
   1.6666666666666665        2.6666666666666665        2.4653522216524278E-004
   1.6666666666666665        3.0000000000000000        1.0294904364143076E-003
   1.6666666666666665        3.3333333333333330        1.0598683113529808E-003
   1.6666666666666665        3.6666666666666665        1.1418648741185807E-003
   1.6666666666666665        4.0000000000000000        5.6855378476162815E-004
   1.6666666666666665        4.3333333333333330        5.0241418403405272E-004
   1.6666666666666665        4.6666666666666661        9.1721828816767324E-004
   1.6666666666666665        5.0000000000000000        9.2820019766677846E-004
   1.6666666666666665        5.3333333333333330        1.3275587362707301E-003
   1.6666666666666665        5.6666666666666661        2.8428544619954550E-003
   1.6666666666666665        6.0000000000000000        7.1740609514491654E-003
   1.6666666666666665        6.3333333333333330        6.9515485900152729E-003
   1.6666666666666665        6.6666666666666661        6.2877888025836366E-003
   1.6666666666666665        7.0000000000000000        5.0366244556220765E-003
   1.6666666666666665        7.3333333333333330        2.7630568696689552E-003
   1.6666666666666665        7.6666666666666661        4.3318424532933358E-005
   1.6666666666666665        8.0000000000000000        8.9182436305934321E-005
   1.6666666666666665        8.3333333333333321        1.9729588635033918E-004
   1.6666666666666665        8.6666666666666661        1.3083415447035377E-004
   1.6666666666666665        9.0000000000000000        7.2366545357803748E-005
   1.6666666666666665        9.3333333333333321        3.5261158308951472E-005
   1.6666666666666665        9.6666666666666661        1.1668349968545663E-005
   1.6666666666666665        10.000000000000000        0.0000000000000000     
 
   2.0000000000000000        0.0000000000000000        0.0000000000000000     
   2.0000000000000000       0.33333333333333331        2.2992303682706213E-005
   2.0000000000000000       0.66666666666666663        4.8605248071667022E-005
   2.0000000000000000        1.0000000000000000        7.7049354777211868E-005
   2.0000000000000000        1.3333333333333333        1.0899959870873194E-004
   2.0000000000000000        1.6666666666666665        2.5831100212335049E-004
   2.0000000000000000        2.0000000000000000        1.4518229276462539E-004
   2.0000000000000000        2.3333333333333330        4.0934937249286109E-004
   2.0000000000000000        2.6666666666666665        6.1441934194829428E-004
   2.0000000000000000        3.0000000000000000        1.4786451197641532E-003
   2.0000000000000000        3.3333333333333330        2.1544376505914747E-003
   2.0000000000000000        3.6666666666666665        2.6748888395794188E-003
   2.0000000000000000        4.0000000000000000        4.0396468755713169E-003
   2.0000000000000000        4.3333333333333330        4.9309550625646938E-003
   2.0000000000000000        4.6666666666666661        2.0553191921970776E-003
   2.0000000000000000        5.0000000000000000        1.2105829341678327E-003
   2.0000000000000000        5.3333333333333330        0.0000000000000000     
   2.0000000000000000        5.6666666666666661        3.7170070479141643E-002
   2.0000000000000000        6.0000000000000000        1.7275617757057948E-002
   2.0000000000000000        6.3333333333333330        1.3577769991848692E-002
   2.0000000000000000        6.6666666666666661        1.2645647904141091E-002
   2.0000000000000000        7.0000000000000000        1.0724102790805917E-002
   2.0000000000000000        7.3333333333333330        1.3672886706310789E-005
   2.0000000000000000        7.6666666666666661        2.2006325787302496E-005
   2.0000000000000000        8.0000000000000000        1.3013946103483725E-003
   2.0000000000000000        8.3333333333333321        5.8706064472756315E-004
   2.0000000000000000        8.6666666666666661        2.5886176206775990E-004
   2.0000000000000000        9.0000000000000000        1.1781715905494951E-004
   2.0000000000000000        9.3333333333333321        6.0780591802350530E-005
   2.0000000000000000        9.6666666666666661        8.3347221993576255E-006
   2.0000000000000000        10.000000000000000        0.0000000000000000     
 
   2.3333333333333330        0.0000000000000000        0.0000000000000000     
   2.3333333333333330       0.33333333333333331        4.4492380030424542E-005
   2.3333333333333330       0.66666666666666663        9.7038615746181231E-005
   2.3333333333333330        1.0000000000000000        1.5527658765756834E-004
   2.3333333333333330        1.3333333333333333        6.2636019651067976E-004
   2.3333333333333330        1.6666666666666665        7.6053435946846345E-004
   2.3333333333333330        2.0000000000000000        2.1532747747261801E-003
   2.3333333333333330        2.3333333333333330        3.3159790847562326E-003
   2.3333333333333330        2.6666666666666665        3.6979829954326610E-003
   2.3333333333333330        3.0000000000000000        2.7739935329359716E-003
   2.3333333333333330        3.3333333333333330        4.3181443098027541E-003
   2.3333333333333330        3.6666666666666665        5.8269628082900995E-003
   2.3333333333333330        4.0000000000000000        5.7819465141111075E-003
   2.3333333333333330        4.3333333333333330        9.7901588951478363E-003
   2.3333333333333330        4.6666666666666661        3.0399490016333734E-002
   2.3333333333333330        5.0000000000000000        5.6113811579592686E-002
   2.3333333333333330        5.3333333333333330        7.9233064229781269E-002
   2.3333333333333330        5.6666666666666661        6.8667380835109884E-002
   2.3333333333333330        6.0000000000000000        3.7319934702854475E-002
   2.3333333333333330        6.3333333333333330        2.2580025372280682E-002
   2.3333333333333330        6.6666666666666661        2.4870840600662334E-002
   2.3333333333333330        7.0000000000000000        1.8785828595936513E-002
   2.3333333333333330        7.3333333333333330        1.4297030050174736E-002
   2.3333333333333330        7.6666666666666661        6.9179048400519038E-003
   2.3333333333333330        8.0000000000000000        2.6363484760038693E-003
   2.3333333333333330        8.3333333333333321        8.8020626902653100E-004
   2.3333333333333330        8.6666666666666661        3.3281643205341853E-004
   2.3333333333333330        9.0000000000000000        1.4247473120973143E-004
   2.3333333333333330        9.3333333333333321        6.3059259945770035E-005
   2.3333333333333330        9.6666666666666661        2.1492286093636998E-005
   2.3333333333333330        10.000000000000000        0.0000000000000000     
 
   2.6666666666666665        0.0000000000000000        0.0000000000000000     
   2.6666666666666665       0.33333333333333331        8.1284053731004824E-005
   2.6666666666666665       0.66666666666666663        1.8987227635473990E-004
   2.6666666666666665        1.0000000000000000        3.7028043545065444E-004
   2.6666666666666665        1.3333333333333333        7.9274462117286744E-004
   2.6666666666666665        1.6666666666666665        1.7484617495312862E-003
   2.6666666666666665        2.0000000000000000        3.1128812904597748E-003
   2.6666666666666665        2.3333333333333330        4.7319603117306252E-003
   2.6666666666666665        2.6666666666666665        6.1408956554628190E-003
   2.6666666666666665        3.0000000000000000        1.0637257049042786E-002
   2.6666666666666665        3.3333333333333330        8.2250580237669107E-003
   2.6666666666666665        3.6666666666666665        1.2733074905912134E-002
   2.6666666666666665        4.0000000000000000        1.6242898443069795E-002
   2.6666666666666665        4.3333333333333330        2.2301990081584112E-002
   2.6666666666666665        4.6666666666666661        4.0644190338968184E-002
   2.6666666666666665        5.0000000000000000        7.2881613281791935E-002
   2.6666666666666665        5.3333333333333330       0.11097024839426077     
   2.6666666666666665        5.6666666666666661       0.10836447888926214     
   2.6666666666666665        6.0000000000000000        6.3992008798673908E-002
   2.6666666666666665        6.3333333333333330        7.5538240782802690E-002
   2.6666666666666665        6.6666666666666661        5.4173759352368706E-002
   2.6666666666666665        7.0000000000000000        2.7795367146211367E-002
   2.6666666666666665        7.3333333333333330        2.0191997423761175E-002
   2.6666666666666665        7.6666666666666661        1.4146329997479086E-002
   2.6666666666666665        8.0000000000000000        2.5119162153522840E-004
   2.6666666666666665        8.3333333333333321        3.8472606569151560E-004
   2.6666666666666665        8.6666666666666661        2.1765802548774163E-004
   2.6666666666666665        9.0000000000000000        1.3181712696439801E-004
   2.6666666666666665        9.3333333333333321        6.2311588548339520E-005
   2.6666666666666665        9.6666666666666661        2.6724944655734292E-005
   2.6666666666666665        10.000000000000000        0.0000000000000000     
 
   3.0000000000000000        0.0000000000000000        0.0000000000000000     
   3.0000000000000000       0.33333333333333331        1.3212549047950488E-004
   3.0000000000000000       0.66666666666666663        3.0540256602086481E-004
   3.0000000000000000        1.0000000000000000        5.2173262922113929E-004
   3.0000000000000000        1.3333333333333333        2.2893557476375138E-003
   3.0000000000000000        1.6666666666666665        3.0841068576299290E-003
   3.0000000000000000        2.0000000000000000        5.1065260180417236E-003
   3.0000000000000000        2.3333333333333330        8.2225863397802964E-003
   3.0000000000000000        2.6666666666666665        1.2305188627334551E-002
   3.0000000000000000        3.0000000000000000        1.6837092803869608E-002
   3.0000000000000000        3.3333333333333330        3.1944331259889477E-002
   3.0000000000000000        3.6666666666666665        2.8382419424226434E-002
   3.0000000000000000        4.0000000000000000        2.2118542503780113E-002
   3.0000000000000000        4.3333333333333330        3.0060430389128024E-002
   3.0000000000000000        4.6666666666666661        4.9158499022702216E-002
   3.0000000000000000        5.0000000000000000       0.10263074966600692     
   3.0000000000000000        5.3333333333333330       0.20839487255230349     
   3.0000000000000000        5.6666666666666661       0.21479233436564560     
   3.0000000000000000        6.0000000000000000       0.20791967163767239     
   3.0000000000000000        6.3333333333333330       0.11931938639828128     
   3.0000000000000000        6.6666666666666661       0.10509995742706517     
   3.0000000000000000        7.0000000000000000        4.9294943818116339E-002
   3.0000000000000000        7.3333333333333330        3.2152657538771286E-002
   3.0000000000000000        7.6666666666666661        2.0954084307547645E-002
   3.0000000000000000        8.0000000000000000        8.1761737618841410E-003
   3.0000000000000000        8.3333333333333321        8.6355280151156379E-005
   3.0000000000000000        8.6666666666666661        1.3538212376361611E-004
   3.0000000000000000        9.0000000000000000        1.7597702280889893E-004
   3.0000000000000000        9.3333333333333321        8.0573667098913682E-005
   3.0000000000000000        9.6666666666666661        3.8158165461985086E-005
   3.0000000000000000        10.000000000000000        0.0000000000000000     
 
   3.3333333333333330        0.0000000000000000        0.0000000000000000     
   3.3333333333333330       0.33333333333333331        2.0709016530848126E-004
   3.3333333333333330       0.66666666666666663        5.2515860918041593E-004
   3.3333333333333330        1.0000000000000000        1.1338804652100451E-003
   3.3333333333333330        1.3333333333333333        2.4837126679758911E-003
   3.3333333333333330        1.6666666666666665        4.4566877848486843E-003
   3.3333333333333330        2.0000000000000000        7.9661527346925626E-003
   3.3333333333333330        2.3333333333333330        1.3691511967241613E-002
   3.3333333333333330        2.6666666666666665        2.2140631097373277E-002
   3.3333333333333330        3.0000000000000000        3.2933189062912573E-002
   3.3333333333333330        3.3333333333333330        4.4875217809316657E-002
   3.3333333333333330        3.6666666666666665        4.8723179318250556E-002
   3.3333333333333330        4.0000000000000000        4.4862542661205075E-002
   3.3333333333333330        4.3333333333333330        3.6361441168790636E-002
   3.3333333333333330        4.6666666666666661        3.6958569002217036E-002
   3.3333333333333330        5.0000000000000000       0.48568321864214115     
   3.3333333333333330        5.3333333333333330       0.44011464890771196     
   3.3333333333333330        5.6666666666666661       0.36600412976869418     
   3.3333333333333330        6.0000000000000000       0.33931040195660506     
   3.3333333333333330        6.3333333333333330       0.25164076768355587     
   3.3333333333333330        6.6666666666666661       0.16945040950438320     
   3.3333333333333330        7.0000000000000000        8.1943591586719253E-002
   3.3333333333333330        7.3333333333333330        4.9226766824717494E-002
   3.3333333333333330        7.6666666666666661        2.4395230899019422E-002
   3.3333333333333330        8.0000000000000000        1.1665796618217815E-002
   3.3333333333333330        8.3333333333333321        2.0329117419258672E-003
   3.3333333333333330        8.6666666666666661        6.3314655038711068E-004
   3.3333333333333330        9.0000000000000000        3.5443267833450858E-004
   3.3333333333333330        9.3333333333333321        1.6659853909671094E-004
   3.3333333333333330        9.6666666666666661        6.6307149213616669E-005
   3.3333333333333330        10.000000000000000        0.0000000000000000     
 
   3.6666666666666665        0.0000000000000000        0.0000000000000000     
   3.6666666666666665       0.33333333333333331        2.7023398246069303E-004
   3.6666666666666665       0.66666666666666663        6.9717342693559770E-004
   3.6666666666666665        1.0000000000000000        1.5038898326891188E-003
   3.6666666666666665        1.3333333333333333        3.0878624149028294E-003
   3.6666666666666665        1.6666666666666665        6.0160295743475027E-003
   3.6666666666666665        2.0000000000000000        1.1448025443490807E-002
   3.6666666666666665        2.3333333333333330        2.0905426686588909E-002
   3.6666666666666665        2.6666666666666665        3.6230792179078736E-002
   3.6666666666666665        3.0000000000000000        5.6889984986651800E-002
   3.6666666666666665        3.3333333333333330        7.7401445042933115E-002
   3.6666666666666665        3.6666666666666665        8.4965447769453431E-002
   3.6666666666666665        4.0000000000000000        6.6123008566057143E-002
   3.6666666666666665        4.3333333333333330        4.4862542661205075E-002
   3.6666666666666665        4.6666666666666661       0.62983505146757124     
   3.6666666666666665        5.0000000000000000       0.59871864815645592     
   3.6666666666666665        5.3333333333333330       0.74964023809054803     
   3.6666666666666665        5.6666666666666661       0.52036337906065677     
   3.6666666666666665        6.0000000000000000       0.49596188854475537     
   3.6666666666666665        6.3333333333333330       0.38140903515178826     
   3.6666666666666665        6.6666666666666661       0.27606877092789778     
   3.6666666666666665        7.0000000000000000       0.12003436770941645     
   3.6666666666666665        7.3333333333333330        7.3779985999492995E-002
   3.6666666666666665        7.6666666666666661        4.8755073975864666E-003
   3.6666666666666665        8.0000000000000000        7.0184286861893919E-003
   3.6666666666666665        8.3333333333333321        2.9868232333243381E-003
   3.6666666666666665        8.6666666666666661        1.2234024890027985E-003
   3.6666666666666665        9.0000000000000000        6.2139849294958578E-004
   3.6666666666666665        9.3333333333333321        2.5194748500257481E-004
   3.6666666666666665        9.6666666666666661        9.5830541425112421E-005
   3.6666666666666665        10.000000000000000        0.0000000000000000     
 
   4.0000000000000000        0.0000000000000000        0.0000000000000000     
   4.0000000000000000       0.33333333333333331        3.0364279482160194E-004
   4.0000000000000000       0.66666666666666663        8.0476331061150451E-004
   4.0000000000000000        1.0000000000000000        1.7398294973959519E-003
   4.0000000000000000        1.3333333333333333        3.5792943178660002E-003
   4.0000000000000000        1.6666666666666665        7.2740518312056574E-003
   4.0000000000000000        2.0000000000000000        1.4706574271010738E-002
   4.0000000000000000        2.3333333333333330        2.8478372337688636E-002
   4.0000000000000000        2.6666666666666665        5.4553821769686164E-002
   4.0000000000000000        3.0000000000000000        9.4258892517792750E-002
   4.0000000000000000        3.3333333333333330       0.13899518384759599     
   4.0000000000000000        3.6666666666666665       0.16444849439750880     
   4.0000000000000000        4.0000000000000000       0.10531639443176243     
   4.0000000000000000        4.3333333333333330       0.95607699722904183     
   4.0000000000000000        4.6666666666666661       0.74982274016730044     
   4.0000000000000000        5.0000000000000000        1.8069340695471787     
   4.0000000000000000        5.3333333333333330        1.4685572332840224     
   4.0000000000000000        5.6666666666666661        1.1152301387757961     
   4.0000000000000000        6.0000000000000000       0.79451034937746423     
   4.0000000000000000        6.3333333333333330       0.55448581467877212     
   4.0000000000000000        6.6666666666666661       0.32600568428726029     
   4.0000000000000000        7.0000000000000000       0.19654765346668396     
   4.0000000000000000        7.3333333333333330        5.5573103731386977E-002
   4.0000000000000000        7.6666666666666661        1.7480967804669449E-002
   4.0000000000000000        8.0000000000000000        1.1408170418161129E-002
   4.0000000000000000        8.3333333333333321        4.4512344987989588E-003
   4.0000000000000000        8.6666666666666661        1.4866097078710112E-003
   4.0000000000000000        9.0000000000000000        9.5800428934067852E-004
   4.0000000000000000        9.3333333333333321        2.4226065336390934E-004
   4.0000000000000000        9.6666666666666661        1.1501730439145876E-004
   4.0000000000000000        10.000000000000000        0.0000000000000000     
 
   4.3333333333333330        0.0000000000000000        0.0000000000000000     
   4.3333333333333330       0.33333333333333331        2.8076777381372622E-004
   4.3333333333333330       0.66666666666666663        8.3810323337403124E-004
   4.3333333333333330        1.0000000000000000        1.8034928926781340E-003
   4.3333333333333330        1.3333333333333333        3.6041779104906482E-003
   4.3333333333333330        1.6666666666666665        7.3497216364369735E-003
   4.3333333333333330        2.0000000000000000        1.6227882877355302E-002
   4.3333333333333330        2.3333333333333330        3.1544954414819429E-002
   4.3333333333333330        2.6666666666666665        7.1968406772872903E-002
   4.3333333333333330        3.0000000000000000       0.14495637511938356     
   4.3333333333333330        3.3333333333333330       0.24201145768221055     
   4.3333333333333330        3.6666666666666665       0.35119485284815682     
   4.3333333333333330        4.0000000000000000        1.1795918543564416     
   4.3333333333333330        4.3333333333333330        1.2176153444821107     
   4.3333333333333330        4.6666666666666661        2.1298548676272353     
   4.3333333333333330        5.0000000000000000        2.0119221423121028     
   4.3333333333333330        5.3333333333333330        1.7712440158115592     
   4.3333333333333330        5.6666666666666661        1.4334929307524917     
   4.3333333333333330        6.0000000000000000        1.0442455277167226     
   4.3333333333333330        6.3333333333333330       0.76437056748953724     
   4.3333333333333330        6.6666666666666661       0.31735981406748143     
   4.3333333333333330        7.0000000000000000       0.18319987031397703     
   4.3333333333333330        7.3333333333333330        7.1899257185946502E-002
   4.3333333333333330        7.6666666666666661        2.9541952861038979E-002
   4.3333333333333330        8.0000000000000000        1.3961751418000632E-002
   4.3333333333333330        8.3333333333333321        6.3272450332066636E-003
   4.3333333333333330        8.6666666666666661        2.6885104036334460E-003
   4.3333333333333330        9.0000000000000000        1.2176152267307149E-003
   4.3333333333333330        9.3333333333333321        4.9059604757180114E-004
   4.3333333333333330        9.6666666666666661        1.8076365151818285E-004
   4.3333333333333330        10.000000000000000        0.0000000000000000     
 
   4.6666666666666661        0.0000000000000000        0.0000000000000000     
   4.6666666666666661       0.33333333333333331        1.1173941980325231E-004
   4.6666666666666661       0.66666666666666663        1.2225599770968891E-003
   4.6666666666666661        1.0000000000000000        1.7959125988374727E-003
   4.6666666666666661        1.3333333333333333        3.0853247042828364E-003
   4.6666666666666661        1.6666666666666665        4.8495657407009451E-003
   4.6666666666666661        2.0000000000000000        1.2093952792613921E-002
   4.6666666666666661        2.3333333333333330        1.7741565650327133E-002
   4.6666666666666661        2.6666666666666665       0.16269983191882118     
   4.6666666666666661        3.0000000000000000       0.19541798449813719     
   4.6666666666666661        3.3333333333333330       0.36066177083228623     
   4.6666666666666661        3.6666666666666665       0.67412176651630806     
   4.6666666666666661        4.0000000000000000        1.1416904840228057     
   4.6666666666666661        4.3333333333333330        1.5061800061983606     
   4.6666666666666661        4.6666666666666661        1.9899572238067058     
   4.6666666666666661        5.0000000000000000        2.1165997137270511     
   4.6666666666666661        5.3333333333333330        2.0068659482804123     
   4.6666666666666661        5.6666666666666661        1.7217417754112716     
   4.6666666666666661        6.0000000000000000        1.1796652753647536     
   4.6666666666666661        6.3333333333333330       0.73026391005387525     
   4.6666666666666661        6.6666666666666661       0.49925330411542146     
   4.6666666666666661        7.0000000000000000        2.7774955194731270E-002
   4.6666666666666661        7.3333333333333330        3.7336943132243124E-002
   4.6666666666666661        7.6666666666666661        2.3735083996820276E-002
   4.6666666666666661        8.0000000000000000        1.3442379937549721E-002
   4.6666666666666661        8.3333333333333321        6.6691142413386802E-003
   4.6666666666666661        8.6666666666666661        2.8580529624443914E-003
   4.6666666666666661        9.0000000000000000        1.2851156170386930E-003
   4.6666666666666661        9.3333333333333321        5.5593830626992529E-004
   4.6666666666666661        9.6666666666666661        2.0704816064926848E-004
   4.6666666666666661        10.000000000000000        0.0000000000000000     
 
   5.0000000000000000        0.0000000000000000        0.0000000000000000     
   5.0000000000000000       0.33333333333333331        1.0847316271764170E-004
   5.0000000000000000       0.66666666666666663        1.1517120890512302E-003
   5.0000000000000000        1.0000000000000000        1.8614998860046156E-003
   5.0000000000000000        1.3333333333333333        3.3589635938938134E-003
   5.0000000000000000        1.6666666666666665        5.9892024844316969E-003
   5.0000000000000000        2.0000000000000000        1.0697795960353322E-002
   5.0000000000000000        2.3333333333333330        1.5154942511374905E-002
   5.0000000000000000        2.6666666666666665       0.11407084913065128     
   5.0000000000000000        3.0000000000000000       0.14387401078389980     
   5.0000000000000000        3.3333333333333330       0.80363223741450818     
   5.0000000000000000        3.6666666666666665       0.86019090716960600     
   5.0000000000000000        4.0000000000000000        1.1755606077655716     
   5.0000000000000000        4.3333333333333330        1.5560645088611236     
   5.0000000000000000        4.6666666666666661        1.9408831134188564     
   5.0000000000000000        5.0000000000000000        2.1432474243538486     
   5.0000000000000000        5.3333333333333330        2.1445588701235314     
   5.0000000000000000        5.6666666666666661        2.0865875047990077     
   5.0000000000000000        6.0000000000000000       0.48345284684137241     
   5.0000000000000000        6.3333333333333330       0.50850327987377553     
   5.0000000000000000        6.6666666666666661       0.15384246424277689     
   5.0000000000000000        7.0000000000000000        5.5693730888092950E-002
   5.0000000000000000        7.3333333333333330        3.7345173428232854E-002
   5.0000000000000000        7.6666666666666661        2.2501774958078629E-002
   5.0000000000000000        8.0000000000000000        1.4296573653636402E-002
   5.0000000000000000        8.3333333333333321        2.7229041722159407E-003
   5.0000000000000000        8.6666666666666661        2.0026154534254692E-003
   5.0000000000000000        9.0000000000000000        1.0919858595832021E-003
   5.0000000000000000        9.3333333333333321        5.0664403516142086E-004
   5.0000000000000000        9.6666666666666661        1.9402307900292140E-004
   5.0000000000000000        10.000000000000000        0.0000000000000000     
 
   5.3333333333333330        0.0000000000000000        0.0000000000000000     
   5.3333333333333330       0.33333333333333331        2.6669107784738110E-004
   5.3333333333333330       0.66666666666666663        9.7603814011519314E-004
   5.3333333333333330        1.0000000000000000        1.9571804205717009E-003
   5.3333333333333330        1.3333333333333333        3.8780881330557422E-003
   5.3333333333333330        1.6666666666666665        7.3425690846344507E-003
   5.3333333333333330        2.0000000000000000        1.3364617928732087E-002
   5.3333333333333330        2.3333333333333330        2.2083016147294496E-002
   5.3333333333333330        2.6666666666666665       0.11526258713237320     
   5.3333333333333330        3.0000000000000000       0.15346925315937573     
   5.3333333333333330        3.3333333333333330       0.61904370293769695     
   5.3333333333333330        3.6666666666666665       0.80802607540265370     
   5.3333333333333330        4.0000000000000000        1.0969353293565138     
   5.3333333333333330        4.3333333333333330        1.4430760953619028     
   5.3333333333333330        4.6666666666666661        1.7784087013179688     
   5.3333333333333330        5.0000000000000000        1.9946669372113328     
   5.3333333333333330        5.3333333333333330        1.9833871148887456     
   5.3333333333333330        5.6666666666666661       0.75048677466125602     
   5.3333333333333330        6.0000000000000000       0.51763665351973087     
   5.3333333333333330        6.3333333333333330       0.36466531826985554     
   5.3333333333333330        6.6666666666666661       0.19060356053991886     
   5.3333333333333330        7.0000000000000000        8.9997203840010212E-002
   5.3333333333333330        7.3333333333333330        4.5501363882255008E-002
   5.3333333333333330        7.6666666666666661        2.2342273918666309E-002
   5.3333333333333330        8.0000000000000000        1.2246483103914536E-002
   5.3333333333333330        8.3333333333333321        4.6357416495723894E-003
   5.3333333333333330        8.6666666666666661        2.2349720639143187E-003
   5.3333333333333330        9.0000000000000000        1.0839582275400392E-003
   5.3333333333333330        9.3333333333333321        4.3094347267447225E-004
   5.3333333333333330        9.6666666666666661        1.5957417721123784E-004
   5.3333333333333330        10.000000000000000        0.0000000000000000     
 
   5.6666666666666661        0.0000000000000000        0.0000000000000000     
   5.6666666666666661       0.33333333333333331        1.0858508769969324E-004
   5.6666666666666661       0.66666666666666663        2.0640089834805464E-004
   5.6666666666666661        1.0000000000000000        2.1730474384342936E-003
   5.6666666666666661        1.3333333333333333        4.3953200251288837E-003
   5.6666666666666661        1.6666666666666665        8.8225515922684336E-003
   5.6666666666666661        2.0000000000000000        1.7792304641669060E-002
   5.6666666666666661        2.3333333333333330        4.4424532102878854E-002
   5.6666666666666661        2.6666666666666665       0.10484221628604092     
   5.6666666666666661        3.0000000000000000       0.23422145674507155     
   5.6666666666666661        3.3333333333333330       0.48271577355135853     
   5.6666666666666661        3.6666666666666665       0.68241017327292930     
   5.6666666666666661        4.0000000000000000       0.92611176458041455     
   5.6666666666666661        4.3333333333333330        1.2057244032732592     
   5.6666666666666661        4.6666666666666661        1.4801677269355185     
   5.6666666666666661        5.0000000000000000        1.7339435472647182     
   5.6666666666666661        5.3333333333333330        1.4775498897228940     
   5.6666666666666661        5.6666666666666661       0.99188636454503898     
   5.6666666666666661        6.0000000000000000       0.31123432787413818     
   5.6666666666666661        6.3333333333333330       0.29006664533651516     
   5.6666666666666661        6.6666666666666661        9.8207229279494448E-002
   5.6666666666666661        7.0000000000000000        4.5209414868005782E-002
   5.6666666666666661        7.3333333333333330        1.8758292518286996E-002
   5.6666666666666661        7.6666666666666661        1.6601784312984393E-002
   5.6666666666666661        8.0000000000000000        4.0156624016506855E-003
   5.6666666666666661        8.3333333333333321        3.2250943825411905E-003
   5.6666666666666661        8.6666666666666661        2.2041366898656717E-003
   5.6666666666666661        9.0000000000000000        1.1980597498615089E-004
   5.6666666666666661        9.3333333333333321        1.8420580302194202E-004
   5.6666666666666661        9.6666666666666661        9.3935498175741857E-005
   5.6666666666666661        10.000000000000000        0.0000000000000000     
 
   6.0000000000000000        0.0000000000000000        0.0000000000000000     
   6.0000000000000000       0.33333333333333331        1.1225287281228043E-004
   6.0000000000000000       0.66666666666666663        3.0863649190751986E-004
   6.0000000000000000        1.0000000000000000        8.4663807382025767E-004
   6.0000000000000000        1.3333333333333333        0.0000000000000000     
   6.0000000000000000        1.6666666666666665        7.1927951250647087E-003
   6.0000000000000000        2.0000000000000000        9.9982451976978210E-003
   6.0000000000000000        2.3333333333333330        2.8063856719474853E-002
   6.0000000000000000        2.6666666666666665        4.8223775408657146E-002
   6.0000000000000000        3.0000000000000000       0.37564632637433631     
   6.0000000000000000        3.3333333333333330       0.44846273172598555     
   6.0000000000000000        3.6666666666666665       0.55179945541047826     
   6.0000000000000000        4.0000000000000000       0.71623803218462267     
   6.0000000000000000        4.3333333333333330       0.90014503299165471     
   6.0000000000000000        4.6666666666666661        1.0419399470697046     
   6.0000000000000000        5.0000000000000000       0.83372607056268710     
   6.0000000000000000        5.3333333333333330        1.0193778268155844     
   6.0000000000000000        5.6666666666666661       0.69181237270699114     
   6.0000000000000000        6.0000000000000000       0.37352115427641636     
   6.0000000000000000        6.3333333333333330       0.23842312778537161     
   6.0000000000000000        6.6666666666666661       0.12212959403763228     
   6.0000000000000000        7.0000000000000000        5.8351058595574691E-002
   6.0000000000000000        7.3333333333333330        2.7279134134397535E-002
   6.0000000000000000        7.6666666666666661        1.4561170794854519E-002
   6.0000000000000000        8.0000000000000000        6.4687471178757104E-003
   6.0000000000000000        8.3333333333333321        3.4257023308172717E-003
   6.0000000000000000        8.6666666666666661        2.1440466770601858E-003
   6.0000000000000000        9.0000000000000000        3.2244698019416796E-004
   6.0000000000000000        9.3333333333333321        1.8668047083394653E-004
   6.0000000000000000        9.6666666666666661        8.0879848879683149E-005
   6.0000000000000000        10.000000000000000        0.0000000000000000     
 
   6.3333333333333330        0.0000000000000000        0.0000000000000000     
   6.3333333333333330       0.33333333333333331        8.6527365764589034E-005
   6.3333333333333330       0.66666666666666663        2.1374358111663156E-004
   6.3333333333333330        1.0000000000000000        4.3001935534481609E-004
   6.3333333333333330        1.3333333333333333        9.3747863884565178E-004
   6.3333333333333330        1.6666666666666665        4.9289761424964676E-003
   6.3333333333333330        2.0000000000000000        8.5637619998932199E-003
   6.3333333333333330        2.3333333333333330        1.6486069973860224E-002
   6.3333333333333330        2.6666666666666665        2.4505487106421499E-002
   6.3333333333333330        3.0000000000000000        1.4663254154280344E-002
   6.3333333333333330        3.3333333333333330       0.34729211138415433     
   6.3333333333333330        3.6666666666666665       0.41354225793533644     
   6.3333333333333330        4.0000000000000000       0.51731022708334229     
   6.3333333333333330        4.3333333333333330       0.63187939225519618     
   6.3333333333333330        4.6666666666666661       0.70601183981729843     
   6.3333333333333330        5.0000000000000000       0.65675559042315212     
   6.3333333333333330        5.3333333333333330       0.30706647346174176     
   6.3333333333333330        5.6666666666666661       0.37323679609391536     
   6.3333333333333330        6.0000000000000000       0.28013695479747430     
   6.3333333333333330        6.3333333333333330       0.20161957935834032     
   6.3333333333333330        6.6666666666666661       0.11783598539815270     
   6.3333333333333330        7.0000000000000000        5.3309019798400782E-002
   6.3333333333333330        7.3333333333333330        2.5521929997834099E-002
   6.3333333333333330        7.6666666666666661        1.2833640680019607E-002
   6.3333333333333330        8.0000000000000000        6.3195877579799919E-003
   6.3333333333333330        8.3333333333333321        3.2915609446062008E-003
   6.3333333333333330        8.6666666666666661        1.7580762947381069E-003
   6.3333333333333330        9.0000000000000000        6.1864202853970400E-004
   6.3333333333333330        9.3333333333333321        2.5472181459069835E-004
   6.3333333333333330        9.6666666666666661        8.5241922579018016E-005
   6.3333333333333330        10.000000000000000        0.0000000000000000     
 
   6.6666666666666661        0.0000000000000000        0.0000000000000000     
   6.6666666666666661       0.33333333333333331        6.3433555719539993E-005
   6.6666666666666661       0.66666666666666663        1.3353583259173994E-004
   6.6666666666666661        1.0000000000000000        7.7980687456746963E-004
   6.6666666666666661        1.3333333333333333        1.3948502900979478E-003
   6.6666666666666661        1.6666666666666665        3.2991382727710619E-003
   6.6666666666666661        2.0000000000000000        6.0334098156676775E-003
   6.6666666666666661        2.3333333333333330        1.0385258095558543E-002
   6.6666666666666661        2.6666666666666665        1.6490954747127137E-002
   6.6666666666666661        3.0000000000000000        2.0477109251979913E-002
   6.6666666666666661        3.3333333333333330       0.17093475378241457     
   6.6666666666666661        3.6666666666666665       0.29650279958117742     
   6.6666666666666661        4.0000000000000000       0.35728241794730531     
   6.6666666666666661        4.3333333333333330       0.44158878416860697     
   6.6666666666666661        4.6666666666666661       0.52206349024305587     
   6.6666666666666661        5.0000000000000000       0.46954218696962052     
   6.6666666666666661        5.3333333333333330       0.28001120473348468     
   6.6666666666666661        5.6666666666666661       0.24093175767088670     
   6.6666666666666661        6.0000000000000000       0.20398663890949284     
   6.6666666666666661        6.3333333333333330        3.7357313313011981E-002
   6.6666666666666661        6.6666666666666661        2.0639171522024696E-002
   6.6666666666666661        7.0000000000000000        2.4649679752528176E-002
   6.6666666666666661        7.3333333333333330        1.6135745148488128E-002
   6.6666666666666661        7.6666666666666661        9.2505835770028064E-003
   6.6666666666666661        8.0000000000000000        5.0620553651246443E-003
   6.6666666666666661        8.3333333333333321        3.0233503923641630E-003
   6.6666666666666661        8.6666666666666661        4.9602180140516968E-004
   6.6666666666666661        9.0000000000000000        4.3156143634603305E-004
   6.6666666666666661        9.3333333333333321        8.9170484689118825E-005
   6.6666666666666661        9.6666666666666661        4.9320563797357638E-005
   6.6666666666666661        10.000000000000000        0.0000000000000000     
 
   7.0000000000000000        0.0000000000000000        0.0000000000000000     
   7.0000000000000000       0.33333333333333331        6.6666934361881311E-005
   7.0000000000000000       0.66666666666666663        1.9176470796809396E-004
   7.0000000000000000        1.0000000000000000        5.4345341940331660E-004
   7.0000000000000000        1.3333333333333333        1.2048611098197954E-003
   7.0000000000000000        1.6666666666666665        2.2412580749552138E-003
   7.0000000000000000        2.0000000000000000        4.2916060470829034E-003
   7.0000000000000000        2.3333333333333330        6.4168517556329810E-003
   7.0000000000000000        2.6666666666666665        2.3111659502269941E-002
   7.0000000000000000        3.0000000000000000        3.7670310779338724E-002
   7.0000000000000000        3.3333333333333330        8.3479334101251926E-002
   7.0000000000000000        3.6666666666666665       0.14256516878855913     
   7.0000000000000000        4.0000000000000000       0.22631220232878485     
   7.0000000000000000        4.3333333333333330       0.30761469831921107     
   7.0000000000000000        4.6666666666666661        1.8956775436101816E-002
   7.0000000000000000        5.0000000000000000        9.1434844673362020E-002
   7.0000000000000000        5.3333333333333330       0.14272048613880006     
   7.0000000000000000        5.6666666666666661       0.13982975507448733     
   7.0000000000000000        6.0000000000000000       0.12263146924654270     
   7.0000000000000000        6.3333333333333330        4.8322031336375193E-002
   7.0000000000000000        6.6666666666666661        2.3291805144123847E-002
   7.0000000000000000        7.0000000000000000        1.5845812186409375E-002
   7.0000000000000000        7.3333333333333330        1.0345231420222032E-002
   7.0000000000000000        7.6666666666666661        6.2692353936178091E-003
   7.0000000000000000        8.0000000000000000        3.6300057613831349E-003
   7.0000000000000000        8.3333333333333321        1.9850719540021014E-003
   7.0000000000000000        8.6666666666666661        8.0533165900908683E-004
   7.0000000000000000        9.0000000000000000        3.9435236672802170E-004
   7.0000000000000000        9.3333333333333321        1.7676253347624136E-004
   7.0000000000000000        9.6666666666666661        1.5192746710188197E-005
   7.0000000000000000        10.000000000000000        0.0000000000000000     
 
   7.3333333333333330        0.0000000000000000        0.0000000000000000     
   7.3333333333333330       0.33333333333333331        4.6490219163082455E-005
   7.3333333333333330       0.66666666666666663        1.2136042279302107E-004
   7.3333333333333330        1.0000000000000000        2.6450095699487086E-004
   7.3333333333333330        1.3333333333333333        6.9938410213492058E-004
   7.3333333333333330        1.6666666666666665        1.1685606012342786E-003
   7.3333333333333330        2.0000000000000000        3.9731004226973132E-003
   7.3333333333333330        2.3333333333333330        7.1869950783529195E-003
   7.3333333333333330        2.6666666666666665        1.6810382367357324E-002
   7.3333333333333330        3.0000000000000000        3.5710285504697792E-002
   7.3333333333333330        3.3333333333333330        6.4549941800987054E-002
   7.3333333333333330        3.6666666666666665        9.3933096455213930E-002
   7.3333333333333330        4.0000000000000000       0.14256516878855913     
   7.3333333333333330        4.3333333333333330        1.8956775436101816E-002
   7.3333333333333330        4.6666666666666661        2.5831920474334507E-002
   7.3333333333333330        5.0000000000000000        6.2712439137120199E-002
   7.3333333333333330        5.3333333333333330        8.7966297908206356E-002
   7.3333333333333330        5.6666666666666661        7.9893523603514427E-002
   7.3333333333333330        6.0000000000000000        1.6671011625190187E-002
   7.3333333333333330        6.3333333333333330        2.2152934559154850E-002
   7.3333333333333330        6.6666666666666661        1.5422054983501451E-002
   7.3333333333333330        7.0000000000000000        1.0311385776907867E-002
   7.3333333333333330        7.3333333333333330        6.7939585854730868E-003
   7.3333333333333330        7.6666666666666661        4.2422740048007343E-003
   7.3333333333333330        8.0000000000000000        2.6890751860336138E-003
   7.3333333333333330        8.3333333333333321        1.3443249111829950E-003
   7.3333333333333330        8.6666666666666661        7.2187356095222981E-004
   7.3333333333333330        9.0000000000000000        3.5864767808893399E-004
   7.3333333333333330        9.3333333333333321        1.3800997348479993E-004
   7.3333333333333330        9.6666666666666661        3.8680238482095436E-005
   7.3333333333333330        10.000000000000000        0.0000000000000000     
 
   7.6666666666666661        0.0000000000000000        0.0000000000000000     
   7.6666666666666661       0.33333333333333331        2.2887460897038562E-005
   7.6666666666666661       0.66666666666666663        4.6484178887984792E-005
   7.6666666666666661        1.0000000000000000        3.7990074318114137E-004
   7.6666666666666661        1.3333333333333333        5.8296846727657681E-004
   7.6666666666666661        1.6666666666666665        1.1231165812526441E-003
   7.6666666666666661        2.0000000000000000        2.4841979544134121E-003
   7.6666666666666661        2.3333333333333330        4.4412021559281671E-003
   7.6666666666666661        2.6666666666666665        7.3919548009760364E-003
   7.6666666666666661        3.0000000000000000        3.3941501431016866E-003
   7.6666666666666661        3.3333333333333330        2.6905343361056013E-002
   7.6666666666666661        3.6666666666666665        5.2128931185812112E-002
   7.6666666666666661        4.0000000000000000        9.3619934781631728E-004
   7.6666666666666661        4.3333333333333330        6.1867958554622229E-003
   7.6666666666666661        4.6666666666666661        1.1080733164605113E-002
   7.6666666666666661        5.0000000000000000        2.0319604942257486E-003
   7.6666666666666661        5.3333333333333330        2.3292628196395288E-002
   7.6666666666666661        5.6666666666666661        3.0915253932276121E-002
   7.6666666666666661        6.0000000000000000        1.6852091825566986E-002
   7.6666666666666661        6.3333333333333330        1.4986182418277053E-002
   7.6666666666666661        6.6666666666666661        1.1092226480623218E-002
   7.6666666666666661        7.0000000000000000        6.8924379260769083E-003
   7.6666666666666661        7.3333333333333330        4.8806703669554228E-003
   7.6666666666666661        7.6666666666666661        2.9403604054574401E-003
   7.6666666666666661        8.0000000000000000        4.0645462160349545E-004
   7.6666666666666661        8.3333333333333321        5.8699200719250499E-004
   7.6666666666666661        8.6666666666666661        7.5441572125640644E-005
   7.6666666666666661        9.0000000000000000        3.6682710701626536E-005
   7.6666666666666661        9.3333333333333321        4.9255119909046866E-005
   7.6666666666666661        9.6666666666666661        2.2075477918163169E-005
   7.6666666666666661        10.000000000000000        0.0000000000000000     
 
   8.0000000000000000        0.0000000000000000        0.0000000000000000     
   8.0000000000000000       0.33333333333333331        1.1213717069725356E-005
   8.0000000000000000       0.66666666666666663        2.0538290186013221E-005
   8.0000000000000000        1.0000000000000000        2.7626898507235109E-004
   8.0000000000000000        1.3333333333333333        4.2676025357684289E-004
   8.0000000000000000        1.6666666666666665        7.9628798138382893E-004
   8.0000000000000000        2.0000000000000000        1.5193481459393119E-003
   8.0000000000000000        2.3333333333333330        2.5923764461109051E-003
   8.0000000000000000        2.6666666666666665        3.8958477148383652E-003
   8.0000000000000000        3.0000000000000000        4.9495286611331100E-003
   8.0000000000000000        3.3333333333333330        1.1182249299247339E-002
   8.0000000000000000        3.6666666666666665        9.3619934781631728E-004
   8.0000000000000000        4.0000000000000000        1.3867638559112100E-003
   8.0000000000000000        4.3333333333333330        3.7476410951448515E-003
   8.0000000000000000        4.6666666666666661        5.2370687408049800E-003
   8.0000000000000000        5.0000000000000000        2.9816876088829959E-003
   8.0000000000000000        5.3333333333333330        6.9833456554587387E-003
   8.0000000000000000        5.6666666666666661        1.2498683125555467E-002
   8.0000000000000000        6.0000000000000000        1.0436249187493935E-002
   8.0000000000000000        6.3333333333333330        0.0000000000000000     
   8.0000000000000000        6.6666666666666661        2.7191696898106500E-003
   8.0000000000000000        7.0000000000000000        3.9611374346577100E-003
   8.0000000000000000        7.3333333333333330        4.8086892474313912E-004
   8.0000000000000000        7.6666666666666661        9.4613198073729380E-004
   8.0000000000000000        8.0000000000000000        4.2828729124215270E-004
   8.0000000000000000        8.3333333333333321        2.9135721013413552E-004
   8.0000000000000000        8.6666666666666661        1.1673307338990907E-004
   8.0000000000000000        9.0000000000000000        4.4545637778225917E-005
   8.0000000000000000        9.3333333333333321        2.6819018816991299E-005
   8.0000000000000000        9.6666666666666661        1.2451831834232915E-005
   8.0000000000000000        10.000000000000000        0.0000000000000000     
 
   8.3333333333333321        0.0000000000000000        0.0000000000000000     
   8.3333333333333321       0.33333333333333331        7.8417674796261279E-006
   8.3333333333333321       0.66666666666666663        1.5576065819587744E-005
   8.3333333333333321        1.0000000000000000        1.3932760868375503E-004
   8.3333333333333321        1.3333333333333333        2.7378898642486390E-004
   8.3333333333333321        1.6666666666666665        5.1046388656149052E-004
   8.3333333333333321        2.0000000000000000        9.2184680818532252E-004
   8.3333333333333321        2.3333333333333330        1.6863088192943343E-003
   8.3333333333333321        2.6666666666666665        2.3466441110448666E-003
   8.3333333333333321        3.0000000000000000        3.4420944088503079E-003
   8.3333333333333321        3.3333333333333330        6.0377011369536016E-003
   8.3333333333333321        3.6666666666666665        3.6847566719177725E-004
   8.3333333333333321        4.0000000000000000        5.5493392554744692E-004
   8.3333333333333321        4.3333333333333330        4.4670640612836552E-005
   8.3333333333333321        4.6666666666666661        2.2873662729646195E-005
   8.3333333333333321        5.0000000000000000        2.8279455226331699E-003
   8.3333333333333321        5.3333333333333330        4.0461451993825739E-003
   8.3333333333333321        5.6666666666666661        5.8112121840622694E-003
   8.3333333333333321        6.0000000000000000        5.6725940190524493E-003
   8.3333333333333321        6.3333333333333330        8.2006977940382033E-004
   8.3333333333333321        6.6666666666666661        0.0000000000000000     
   8.3333333333333321        7.0000000000000000        1.3858239879262590E-004
   8.3333333333333321        7.3333333333333330        2.4572373935235217E-004
   8.3333333333333321        7.6666666666666661        3.6236372304489283E-004
   8.3333333333333321        8.0000000000000000        2.7690555610441770E-004
   8.3333333333333321        8.3333333333333321        1.7874719667559686E-004
   8.3333333333333321        8.6666666666666661        1.9201074313941375E-005
   8.3333333333333321        9.0000000000000000        2.2328347727013538E-005
   8.3333333333333321        9.3333333333333321        1.5968371498330891E-005
   8.3333333333333321        9.6666666666666661        7.9391313366541933E-006
   8.3333333333333321        10.000000000000000        0.0000000000000000     
 
   8.6666666666666661        0.0000000000000000        0.0000000000000000     
   8.6666666666666661       0.33333333333333331        9.2097511398939850E-006
   8.6666666666666661       0.66666666666666663        2.7482344668884496E-005
   8.6666666666666661        1.0000000000000000        8.2108525978496333E-005
   8.6666666666666661        1.3333333333333333        1.6458111116026214E-004
   8.6666666666666661        1.6666666666666665        3.1161555464329413E-004
   8.6666666666666661        2.0000000000000000        4.2555857878679679E-004
   8.6666666666666661        2.3333333333333330        7.3272922714922391E-004
   8.6666666666666661        2.6666666666666665        1.4489990858897316E-003
   8.6666666666666661        3.0000000000000000        1.9746991553078659E-003
   8.6666666666666661        3.3333333333333330        0.0000000000000000     
   8.6666666666666661        3.6666666666666665        8.7453086875118350E-005
   8.6666666666666661        4.0000000000000000        1.7566361065209131E-004
   8.6666666666666661        4.3333333333333330        6.9465432390712969E-005
   8.6666666666666661        4.6666666666666661        3.6106291158916329E-005
   8.6666666666666661        5.0000000000000000        1.4933169244357278E-003
   8.6666666666666661        5.3333333333333330        2.1756561327589651E-003
   8.6666666666666661        5.6666666666666661        3.2091464951434188E-003
   8.6666666666666661        6.0000000000000000        2.9554693823452298E-003
   8.6666666666666661        6.3333333333333330        1.2075918261170320E-003
   8.6666666666666661        6.6666666666666661        1.0586526636244683E-004
   8.6666666666666661        7.0000000000000000        1.0416903626343979E-004
   8.6666666666666661        7.3333333333333330        1.2372090046075372E-004
   8.6666666666666661        7.6666666666666661        1.5529831911358024E-004
   8.6666666666666661        8.0000000000000000        3.5653796147678896E-005
   8.6666666666666661        8.3333333333333321        5.9976592807297516E-005
   8.6666666666666661        8.6666666666666661        2.7192402813967948E-005
   8.6666666666666661        9.0000000000000000        3.3740333098539962E-006
   8.6666666666666661        9.3333333333333321        1.3146814505709620E-006
   8.6666666666666661        9.6666666666666661        0.0000000000000000     
   8.6666666666666661        10.000000000000000        0.0000000000000000     
 
   9.0000000000000000        0.0000000000000000        0.0000000000000000     
   9.0000000000000000       0.33333333333333331        6.9737108229705239E-006
   9.0000000000000000       0.66666666666666663        1.8980182149071764E-005
   9.0000000000000000        1.0000000000000000        4.3341963535911930E-005
   9.0000000000000000        1.3333333333333333        8.0974618687228470E-005
   9.0000000000000000        1.6666666666666665        1.1985563370514436E-004
   9.0000000000000000        2.0000000000000000        2.6490972485176159E-004
   9.0000000000000000        2.3333333333333330        3.9325474517549710E-004
   9.0000000000000000        2.6666666666666665        7.7930384817651370E-007
   9.0000000000000000        3.0000000000000000        2.0458037751788656E-006
   9.0000000000000000        3.3333333333333330        2.1585810700045880E-005
   9.0000000000000000        3.6666666666666665        4.5224222049759818E-005
   9.0000000000000000        4.0000000000000000        7.9154404782502135E-005
   9.0000000000000000        4.3333333333333330        5.8406772992408719E-005
   9.0000000000000000        4.6666666666666661        4.0641158901377890E-006
   9.0000000000000000        5.0000000000000000        5.9523231064944726E-004
   9.0000000000000000        5.3333333333333330        8.8274684229061975E-004
   9.0000000000000000        5.6666666666666661        9.0156215370666053E-005
   9.0000000000000000        6.0000000000000000        1.9936126405031978E-004
   9.0000000000000000        6.3333333333333330        3.8263731748343116E-004
   9.0000000000000000        6.6666666666666661        1.6325250462573260E-004
   9.0000000000000000        7.0000000000000000        3.5262039639747263E-005
   9.0000000000000000        7.3333333333333330        5.4076783975208552E-005
   9.0000000000000000        7.6666666666666661        5.8591332999472393E-005
   9.0000000000000000        8.0000000000000000        3.1242280585717356E-005
   9.0000000000000000        8.3333333333333321        3.0601723967235181E-005
   9.0000000000000000        8.6666666666666661        1.7696257480866019E-005
   9.0000000000000000        9.0000000000000000        5.4322018385148761E-006
   9.0000000000000000        9.3333333333333321        2.1396506036441822E-006
   9.0000000000000000        9.6666666666666661        9.9179688480732198E-008
   9.0000000000000000        10.000000000000000        0.0000000000000000     
 
   9.3333333333333321        0.0000000000000000        0.0000000000000000     
   9.3333333333333321       0.33333333333333331        3.8927932789745705E-006
   9.3333333333333321       0.66666666666666663        9.3275712404851959E-006
   9.3333333333333321        1.0000000000000000        1.6353839783841761E-005
   9.3333333333333321        1.3333333333333333        1.9355657714341547E-005
   9.3333333333333321        1.6666666666666665        4.2159854714727251E-005
   9.3333333333333321        2.0000000000000000        1.9642043557628967E-006
   9.3333333333333321        2.3333333333333330        8.9392160485684312E-007
   9.3333333333333321        2.6666666666666665        1.2696173512413398E-006
   9.3333333333333321        3.0000000000000000        3.2923195752667415E-006
   9.3333333333333321        3.3333333333333330        1.0045638561740211E-005
   9.3333333333333321        3.6666666666666665        1.7183815428642474E-005
   9.3333333333333321        4.0000000000000000        0.0000000000000000     
   9.3333333333333321        4.3333333333333330        4.2415721611372476E-006
   9.3333333333333321        4.6666666666666661        6.3775282088002405E-006
   9.3333333333333321        5.0000000000000000        1.3324431492458844E-004
   9.3333333333333321        5.3333333333333330        2.7900223938530491E-004
   9.3333333333333321        5.6666666666666661        1.3794791737937656E-004
   9.3333333333333321        6.0000000000000000        1.1442351254981371E-004
   9.3333333333333321        6.3333333333333330        1.3934701817167031E-004
   9.3333333333333321        6.6666666666666661        8.2258859804142296E-005
   9.3333333333333321        7.0000000000000000        3.5950280908925542E-005
   9.3333333333333321        7.3333333333333330        2.7912376264875078E-005
   9.3333333333333321        7.6666666666666661        2.4929107491372623E-005
   9.3333333333333321        8.0000000000000000        1.7511130620026648E-005
   9.3333333333333321        8.3333333333333321        1.0960972708875563E-006
   9.3333333333333321        8.6666666666666661        9.3303968501540548E-007
   9.3333333333333321        9.0000000000000000        1.7260410964425936E-006
   9.3333333333333321        9.3333333333333321        9.7463230402663964E-007
   9.3333333333333321        9.6666666666666661        2.6166249668581016E-007
   9.3333333333333321        10.000000000000000        0.0000000000000000     
 
   9.6666666666666661        0.0000000000000000        0.0000000000000000     
   9.6666666666666661       0.33333333333333331        1.6448009056778965E-006
   9.6666666666666661       0.66666666666666663        3.7027385761268329E-006
   9.6666666666666661        1.0000000000000000        6.1047924023934847E-006
   9.6666666666666661        1.3333333333333333        8.0602956783556661E-006
   9.6666666666666661        1.6666666666666665        1.1634663364388459E-005
   9.6666666666666661        2.0000000000000000        3.1877910996694637E-006
   9.6666666666666661        2.3333333333333330        1.0766805154078404E-006
   9.6666666666666661        2.6666666666666665        8.8806568972168453E-007
   9.6666666666666661        3.0000000000000000        1.7497027481921725E-006
   9.6666666666666661        3.3333333333333330        3.8601255061479526E-006
   9.6666666666666661        3.6666666666666665        5.8899928235146050E-006
   9.6666666666666661        4.0000000000000000        1.7513123530845867E-006
   9.6666666666666661        4.3333333333333330        4.4733134892308107E-006
   9.6666666666666661        4.6666666666666661        1.4316787946708446E-005
   9.6666666666666661        5.0000000000000000        5.3883594333319632E-005
   9.6666666666666661        5.3333333333333330        9.5278696386838811E-005
   9.6666666666666661        5.6666666666666661        1.5419374070153412E-005
   9.6666666666666661        6.0000000000000000        3.9074720243522327E-005
   9.6666666666666661        6.3333333333333330        4.6743163049951500E-005
   9.6666666666666661        6.6666666666666661        3.2439019069591262E-005
   9.6666666666666661        7.0000000000000000        1.7714047868459573E-005
   9.6666666666666661        7.3333333333333330        1.2088415668148456E-005
   9.6666666666666661        7.6666666666666661        9.4849942025312563E-006
   9.6666666666666661        8.0000000000000000        6.2861706909490625E-006
   9.6666666666666661        8.3333333333333321        1.7645860425618865E-006
   9.6666666666666661        8.6666666666666661        7.1750221627119793E-007
   9.6666666666666661        9.0000000000000000        6.0999788496820708E-007
   9.6666666666666661        9.3333333333333321        3.7226396198365205E-007
   9.6666666666666661        9.6666666666666661        1.3685893013376271E-007
   9.6666666666666661        10.000000000000000        0.0000000000000000     
 
   10.000000000000000        0.0000000000000000        0.0000000000000000     
   10.000000000000000       0.33333333333333331        0.0000000000000000     
   10.000000000000000       0.66666666666666663        0.0000000000000000     
   10.000000000000000        1.0000000000000000        0.0000000000000000     
   10.000000000000000        1.3333333333333333        0.0000000000000000     
   10.000000000000000        1.6666666666666665        0.0000000000000000     
   10.000000000000000        2.0000000000000000        0.0000000000000000     
   10.000000000000000        2.3333333333333330        0.0000000000000000     
   10.000000000000000        2.6666666666666665        0.0000000000000000     
   10.000000000000000        3.0000000000000000        0.0000000000000000     
   10.000000000000000        3.3333333333333330        0.0000000000000000     
   10.000000000000000        3.6666666666666665        0.0000000000000000     
   10.000000000000000        4.0000000000000000        0.0000000000000000     
   10.000000000000000        4.3333333333333330        0.0000000000000000     
   10.000000000000000        4.6666666666666661        0.0000000000000000     
   10.000000000000000        5.0000000000000000        0.0000000000000000     
   10.000000000000000        5.3333333333333330        0.0000000000000000     
   10.000000000000000        5.6666666666666661        0.0000000000000000     
   10.000000000000000        6.0000000000000000        0.0000000000000000     
   10.000000000000000        6.3333333333333330        0.0000000000000000     
   10.000000000000000        6.6666666666666661        0.0000000000000000     
   10.000000000000000        7.0000000000000000        0.0000000000000000     
   10.000000000000000        7.3333333333333330        0.0000000000000000     
   10.000000000000000        7.6666666666666661        0.0000000000000000     
   10.000000000000000        8.0000000000000000        0.0000000000000000     
   10.000000000000000        8.3333333333333321        0.0000000000000000     
   10.000000000000000        8.6666666666666661        0.0000000000000000     
   10.000000000000000        9.0000000000000000        0.0000000000000000     
   10.000000000000000        9.3333333333333321        0.0000000000000000     
   10.000000000000000        9.6666666666666661        0.0000000000000000     
   10.000000000000000        10.000000000000000        0.0000000000000000     
 
