   0.0000000000000000        0.0000000000000000        0.0000000000000000     
   0.0000000000000000       0.33333333333333331        0.0000000000000000     
   0.0000000000000000       0.66666666666666663        0.0000000000000000     
   0.0000000000000000        1.0000000000000000        0.0000000000000000     
   0.0000000000000000        1.3333333333333333        0.0000000000000000     
   0.0000000000000000        1.6666666666666665        0.0000000000000000     
   0.0000000000000000        2.0000000000000000        0.0000000000000000     
   0.0000000000000000        2.3333333333333330        0.0000000000000000     
   0.0000000000000000        2.6666666666666665        0.0000000000000000     
   0.0000000000000000        3.0000000000000000        0.0000000000000000     
   0.0000000000000000        3.3333333333333330        0.0000000000000000     
   0.0000000000000000        3.6666666666666665        0.0000000000000000     
   0.0000000000000000        4.0000000000000000        0.0000000000000000     
   0.0000000000000000        4.3333333333333330        0.0000000000000000     
   0.0000000000000000        4.6666666666666661        0.0000000000000000     
   0.0000000000000000        5.0000000000000000        0.0000000000000000     
   0.0000000000000000        5.3333333333333330        0.0000000000000000     
   0.0000000000000000        5.6666666666666661        0.0000000000000000     
   0.0000000000000000        6.0000000000000000        0.0000000000000000     
   0.0000000000000000        6.3333333333333330        0.0000000000000000     
   0.0000000000000000        6.6666666666666661        0.0000000000000000     
   0.0000000000000000        7.0000000000000000        0.0000000000000000     
   0.0000000000000000        7.3333333333333330        0.0000000000000000     
   0.0000000000000000        7.6666666666666661        0.0000000000000000     
   0.0000000000000000        8.0000000000000000        0.0000000000000000     
   0.0000000000000000        8.3333333333333321        0.0000000000000000     
   0.0000000000000000        8.6666666666666661        0.0000000000000000     
   0.0000000000000000        9.0000000000000000        0.0000000000000000     
   0.0000000000000000        9.3333333333333321        0.0000000000000000     
   0.0000000000000000        9.6666666666666661        0.0000000000000000     
   0.0000000000000000        10.000000000000000        0.0000000000000000     
 
  0.33333333333333331        0.0000000000000000        0.0000000000000000     
  0.33333333333333331       0.33333333333333331        5.3384793874684736E-008
  0.33333333333333331       0.66666666666666663        8.6725458023470156E-008
  0.33333333333333331        1.0000000000000000        6.4994273050500955E-008
  0.33333333333333331        1.3333333333333333        1.5761297939079080E-007
  0.33333333333333331        1.6666666666666665        2.9715235119771066E-007
  0.33333333333333331        2.0000000000000000        6.2913621572284967E-007
  0.33333333333333331        2.3333333333333330        1.0385037509816192E-006
  0.33333333333333331        2.6666666666666665        1.1908594490443567E-006
  0.33333333333333331        3.0000000000000000        3.3719165401755998E-006
  0.33333333333333331        3.3333333333333330        4.1096115783174297E-006
  0.33333333333333331        3.6666666666666665        3.2556067949381662E-006
  0.33333333333333331        4.0000000000000000        2.9022884920321118E-006
  0.33333333333333331        4.3333333333333330        3.1726368170312246E-006
  0.33333333333333331        4.6666666666666661        2.3516914453128873E-006
  0.33333333333333331        5.0000000000000000        5.5249894702994530E-006
  0.33333333333333331        5.3333333333333330        1.7997859531218800E-005
  0.33333333333333331        5.6666666666666661        2.7761575387279900E-005
  0.33333333333333331        6.0000000000000000        3.7727239095458702E-005
  0.33333333333333331        6.3333333333333330        4.8235847806898200E-005
  0.33333333333333331        6.6666666666666661        2.6575824661407238E-005
  0.33333333333333331        7.0000000000000000        4.9194272287929288E-005
  0.33333333333333331        7.3333333333333330        1.6011580864957726E-005
  0.33333333333333331        7.6666666666666661        9.6660732701471604E-006
  0.33333333333333331        8.0000000000000000        5.4492183952935640E-006
  0.33333333333333331        8.3333333333333321        2.5514954067672515E-006
  0.33333333333333331        8.6666666666666661        1.4029737654008661E-006
  0.33333333333333331        9.0000000000000000        8.0447572952818034E-007
  0.33333333333333331        9.3333333333333321        3.4531123752389777E-007
  0.33333333333333331        9.6666666666666661        1.2544856852833709E-007
  0.33333333333333331        10.000000000000000        0.0000000000000000     
 
  0.66666666666666663        0.0000000000000000        0.0000000000000000     
  0.66666666666666663       0.33333333333333331        1.6672799076269152E-007
  0.66666666666666663       0.66666666666666663        2.9334511209276781E-007
  0.66666666666666663        1.0000000000000000        5.2812571508593305E-007
  0.66666666666666663        1.3333333333333333        3.8678577299559030E-007
  0.66666666666666663        1.6666666666666665        6.2169279713982919E-007
  0.66666666666666663        2.0000000000000000        1.6377233438089348E-006
  0.66666666666666663        2.3333333333333330        3.0761286957373461E-006
  0.66666666666666663        2.6666666666666665        9.7638294384896129E-006
  0.66666666666666663        3.0000000000000000        1.0506395394413421E-005
  0.66666666666666663        3.3333333333333330        1.2612068092665215E-005
  0.66666666666666663        3.6666666666666665        8.2664062924811347E-006
  0.66666666666666663        4.0000000000000000        7.2169951794748400E-006
  0.66666666666666663        4.3333333333333330        9.6535411298446269E-006
  0.66666666666666663        4.6666666666666661        0.0000000000000000     
  0.66666666666666663        5.0000000000000000        3.6580022314788566E-005
  0.66666666666666663        5.3333333333333330        5.0760867260754268E-005
  0.66666666666666663        5.6666666666666661        7.3726612857769855E-005
  0.66666666666666663        6.0000000000000000        9.9751102937073214E-005
  0.66666666666666663        6.3333333333333330        1.5998413922711761E-004
  0.66666666666666663        6.6666666666666661        2.4045471890411503E-004
  0.66666666666666663        7.0000000000000000        1.8670378056374052E-004
  0.66666666666666663        7.3333333333333330        1.4017292010348073E-005
  0.66666666666666663        7.6666666666666661        2.3879249707559385E-005
  0.66666666666666663        8.0000000000000000        1.3409158661986462E-005
  0.66666666666666663        8.3333333333333321        5.1836668393238483E-006
  0.66666666666666663        8.6666666666666661        3.2803943217329834E-006
  0.66666666666666663        9.0000000000000000        2.0650899742051507E-006
  0.66666666666666663        9.3333333333333321        7.1076362125277189E-007
  0.66666666666666663        9.6666666666666661        2.5177703946343941E-007
  0.66666666666666663        10.000000000000000        0.0000000000000000     
 
   1.0000000000000000        0.0000000000000000        0.0000000000000000     
   1.0000000000000000       0.33333333333333331        4.4300802679334576E-007
   1.0000000000000000       0.66666666666666663        8.4206012120945645E-007
   1.0000000000000000        1.0000000000000000        1.0597096762986034E-006
   1.0000000000000000        1.3333333333333333        5.2812571508593305E-007
   1.0000000000000000        1.6666666666666665        2.2502973759732516E-006
   1.0000000000000000        2.0000000000000000        3.3997216802196082E-006
   1.0000000000000000        2.3333333333333330        8.7206344240446212E-006
   1.0000000000000000        2.6666666666666665        1.5749091347588227E-005
   1.0000000000000000        3.0000000000000000        2.3388086754493004E-005
   1.0000000000000000        3.3333333333333330        3.5952335096607225E-005
   1.0000000000000000        3.6666666666666665        1.5613544328576856E-005
   1.0000000000000000        4.0000000000000000        1.3043445041435274E-005
   1.0000000000000000        4.3333333333333330        2.5197083680031545E-005
   1.0000000000000000        4.6666666666666661        2.7935809758277622E-005
   1.0000000000000000        5.0000000000000000        4.7117224364575702E-005
   1.0000000000000000        5.3333333333333330        1.0816611840918519E-004
   1.0000000000000000        5.6666666666666661        1.6446613492000845E-004
   1.0000000000000000        6.0000000000000000        1.9201146008959074E-004
   1.0000000000000000        6.3333333333333330        4.3317048034419549E-004
   1.0000000000000000        6.6666666666666661        4.4921613935357865E-004
   1.0000000000000000        7.0000000000000000        3.9150789845888799E-004
   1.0000000000000000        7.3333333333333330        2.2153635051555396E-004
   1.0000000000000000        7.6666666666666661        7.4735647466640898E-005
   1.0000000000000000        8.0000000000000000        2.8440741567266576E-005
   1.0000000000000000        8.3333333333333321        9.6703182274705172E-006
   1.0000000000000000        8.6666666666666661        6.8422359051043015E-006
   1.0000000000000000        9.0000000000000000        4.9756414778204114E-006
   1.0000000000000000        9.3333333333333321        2.0460043012229900E-007
   1.0000000000000000        9.6666666666666661        3.6061232426964316E-007
   1.0000000000000000        10.000000000000000        0.0000000000000000     
 
   1.3333333333333333        0.0000000000000000        0.0000000000000000     
   1.3333333333333333       0.33333333333333331        1.0839064863695335E-006
   1.3333333333333333       0.66666666666666663        2.1792011389222342E-006
   1.3333333333333333        1.0000000000000000        3.1030381769180048E-006
   1.3333333333333333        1.3333333333333333        5.1863999239264675E-006
   1.3333333333333333        1.6666666666666665        2.7345444290240459E-006
   1.3333333333333333        2.0000000000000000        1.6522364382273661E-005
   1.3333333333333333        2.3333333333333330        1.8666549703622963E-005
   1.3333333333333333        2.6666666666666665        3.1751143708564493E-005
   1.3333333333333333        3.0000000000000000        4.6768994320429727E-005
   1.3333333333333333        3.3333333333333330        1.1528307416282788E-004
   1.3333333333333333        3.6666666666666665        2.2771289621880214E-004
   1.3333333333333333        4.0000000000000000        8.8825775936275171E-005
   1.3333333333333333        4.3333333333333330        6.9753285785264615E-005
   1.3333333333333333        4.6666666666666661        1.6844976396536280E-004
   1.3333333333333333        5.0000000000000000        1.9393516553214182E-004
   1.3333333333333333        5.3333333333333330        2.3941011922905421E-004
   1.3333333333333333        5.6666666666666661        3.8700790336342896E-004
   1.3333333333333333        6.0000000000000000        1.5225515547970883E-003
   1.3333333333333333        6.3333333333333330        1.1962951993890094E-003
   1.3333333333333333        6.6666666666666661        1.0104515224559920E-003
   1.3333333333333333        7.0000000000000000        7.8487011202750751E-004
   1.3333333333333333        7.3333333333333330        5.1156186064488598E-004
   1.3333333333333333        7.6666666666666661        9.6805025447010509E-006
   1.3333333333333333        8.0000000000000000        1.6608219019529724E-005
   1.3333333333333333        8.3333333333333321        1.9317216874502415E-005
   1.3333333333333333        8.6666666666666661        1.4310129601339855E-005
   1.3333333333333333        9.0000000000000000        9.6000979702325646E-006
   1.3333333333333333        9.3333333333333321        3.2146426806479750E-006
   1.3333333333333333        9.6666666666666661        1.2539282745934697E-006
   1.3333333333333333        10.000000000000000        0.0000000000000000     
 
   1.6666666666666665        0.0000000000000000        0.0000000000000000     
   1.6666666666666665       0.33333333333333331        2.4832172911924263E-006
   1.6666666666666665       0.66666666666666663        5.2261925772473596E-006
   1.6666666666666665        1.0000000000000000        8.2453891198666315E-006
   1.6666666666666665        1.3333333333333333        1.1262586429057058E-005
   1.6666666666666665        1.6666666666666665        3.6767385385112347E-005
   1.6666666666666665        2.0000000000000000        2.5759302208767592E-005
   1.6666666666666665        2.3333333333333330        3.0327034902231051E-005
   1.6666666666666665        2.6666666666666665        6.6741965477228564E-005
   1.6666666666666665        3.0000000000000000        3.1101817678369883E-004
   1.6666666666666665        3.3333333333333330        3.3455923040467413E-004
   1.6666666666666665        3.6666666666666665        3.6837485495313436E-004
   1.6666666666666665        4.0000000000000000        1.6514964848786010E-004
   1.6666666666666665        4.3333333333333330        1.4060256059677298E-004
   1.6666666666666665        4.6666666666666661        2.7555231784654502E-004
   1.6666666666666665        5.0000000000000000        2.7165600851272812E-004
   1.6666666666666665        5.3333333333333330        4.1661635059257523E-004
   1.6666666666666665        5.6666666666666661        9.8835840858060397E-004
   1.6666666666666665        6.0000000000000000        2.7233668002755178E-003
   1.6666666666666665        6.3333333333333330        2.5185489015690028E-003
   1.6666666666666665        6.6666666666666661        2.2125529074620257E-003
   1.6666666666666665        7.0000000000000000        1.7023551855758427E-003
   1.6666666666666665        7.3333333333333330        8.4829268885303587E-004
   1.6666666666666665        7.6666666666666661        9.1752951563835135E-006
   1.6666666666666665        8.0000000000000000        2.0547899592670418E-005
   1.6666666666666665        8.3333333333333321        4.9922317706798513E-005
   1.6666666666666665        8.6666666666666661        3.1406935677897464E-005
   1.6666666666666665        9.0000000000000000        1.6284143559810915E-005
   1.6666666666666665        9.3333333333333321        7.4905275927360376E-006
   1.6666666666666665        9.6666666666666661        2.3526742433347752E-006
   1.6666666666666665        10.000000000000000        0.0000000000000000     
 
   2.0000000000000000        0.0000000000000000        0.0000000000000000     
   2.0000000000000000       0.33333333333333331        5.3526670779286644E-006
   2.0000000000000000       0.66666666666666663        1.1609647969356153E-005
   2.0000000000000000        1.0000000000000000        1.9030546637185040E-005
   2.0000000000000000        1.3333333333333333        2.7985904827420652E-005
   2.0000000000000000        1.6666666666666665        7.2030471180847418E-005
   2.0000000000000000        2.0000000000000000        3.6767385385112347E-005
   2.0000000000000000        2.3333333333333330        1.1005169779031910E-004
   2.0000000000000000        2.6666666666666665        1.8095667033015696E-004
   2.0000000000000000        3.0000000000000000        4.7802630242899915E-004
   2.0000000000000000        3.3333333333333330        7.4367375437660874E-004
   2.0000000000000000        3.6666666666666665        9.6329391689544525E-004
   2.0000000000000000        4.0000000000000000        1.3640915830101883E-003
   2.0000000000000000        4.3333333333333330        1.8222965922080707E-003
   2.0000000000000000        4.6666666666666661        6.8952714725165748E-004
   2.0000000000000000        5.0000000000000000        3.6870317638785404E-004
   2.0000000000000000        5.3333333333333330        0.0000000000000000     
   2.0000000000000000        5.6666666666666661        1.7625308368177901E-002
   2.0000000000000000        6.0000000000000000        7.3362406899021666E-003
   2.0000000000000000        6.3333333333333330        5.3475309640973650E-003
   2.0000000000000000        6.6666666666666661        4.8759811857120063E-003
   2.0000000000000000        7.0000000000000000        3.9532597633426987E-003
   2.0000000000000000        7.3333333333333330        2.4441289539035338E-006
   2.0000000000000000        7.6666666666666661        4.2638634322571010E-006
   2.0000000000000000        8.0000000000000000        3.7767090220175502E-004
   2.0000000000000000        8.3333333333333321        1.6145578447613050E-004
   2.0000000000000000        8.6666666666666661        6.6310765262283752E-005
   2.0000000000000000        9.0000000000000000        2.7883449232900127E-005
   2.0000000000000000        9.3333333333333321        1.3386081929496623E-005
   2.0000000000000000        9.6666666666666661        1.6824922970969339E-006
   2.0000000000000000        10.000000000000000        0.0000000000000000     
 
   2.3333333333333330        0.0000000000000000        0.0000000000000000     
   2.3333333333333330       0.33333333333333331        1.0973631499555574E-005
   2.3333333333333330       0.66666666666666663        2.4680824730038674E-005
   2.3333333333333330        1.0000000000000000        4.0980335936527413E-005
   2.3333333333333330        1.3333333333333333        1.8035357581761623E-004
   2.3333333333333330        1.6666666666666665        2.3229671044264327E-004
   2.3333333333333330        2.0000000000000000        6.9255495511656002E-004
   2.3333333333333330        2.3333333333333330        1.1305061389321139E-003
   2.3333333333333330        2.6666666666666665        1.3263166360477524E-003
   2.3333333333333330        3.0000000000000000        9.5957701567446854E-004
   2.3333333333333330        3.3333333333333330        1.6235326680309255E-003
   2.3333333333333330        3.6666666666666665        2.3135605736557723E-003
   2.3333333333333330        4.0000000000000000        2.1521225893837712E-003
   2.3333333333333330        4.3333333333333330        3.9518932758953757E-003
   2.3333333333333330        4.6666666666666661        1.3514328080550858E-002
   2.3333333333333330        5.0000000000000000        2.7604205549707890E-002
   2.3333333333333330        5.3333333333333330        4.2270931273900518E-002
   2.3333333333333330        5.6666666666666661        3.6057575768929574E-002
   2.3333333333333330        6.0000000000000000        1.7352326829148567E-002
   2.3333333333333330        6.3333333333333330        9.4980096022623337E-003
   2.3333333333333330        6.6666666666666661        1.0617635149076670E-002
   2.3333333333333330        7.0000000000000000        7.4751330348856067E-003
   2.3333333333333330        7.3333333333333330        5.0861354292537596E-003
   2.3333333333333330        7.6666666666666661        2.3601378690818130E-003
   2.3333333333333330        8.0000000000000000        8.3065932031810047E-004
   2.3333333333333330        8.3333333333333321        2.5542923885680651E-004
   2.3333333333333330        8.6666666666666661        8.8197676136991078E-005
   2.3333333333333330        9.0000000000000000        3.4465559485198536E-005
   2.3333333333333330        9.3333333333333321        1.4095942422856266E-005
   2.3333333333333330        9.6666666666666661        4.5705430484321511E-006
   2.3333333333333330        10.000000000000000        0.0000000000000000     
 
   2.6666666666666665        0.0000000000000000        0.0000000000000000     
   2.6666666666666665       0.33333333333333331        2.1202616921325126E-005
   2.6666666666666665       0.66666666666666663        5.1467233101258097E-005
   2.6666666666666665        1.0000000000000000        1.0589022590021264E-004
   2.6666666666666665        1.3333333333333333        2.4162286842153207E-004
   2.6666666666666665        1.6666666666666665        5.8623919084764878E-004
   2.6666666666666665        2.0000000000000000        1.1053118162225703E-003
   2.6666666666666665        2.3333333333333330        1.7841213357847065E-003
   2.6666666666666665        2.6666666666666665        2.4373850859140352E-003
   2.6666666666666665        3.0000000000000000        4.4694482101093310E-003
   2.6666666666666665        3.3333333333333330        3.3606863735323755E-003
   2.6666666666666665        3.6666666666666665        5.7262481022794503E-003
   2.6666666666666665        4.0000000000000000        6.5277392787377727E-003
   2.6666666666666665        4.3333333333333330        9.9215429476682843E-003
   2.6666666666666665        4.6666666666666661        2.0049644962313991E-002
   2.6666666666666665        5.0000000000000000        3.9904983838758186E-002
   2.6666666666666665        5.3333333333333330        6.5921599227588876E-002
   2.6666666666666665        5.6666666666666661        6.3420349642371809E-002
   2.6666666666666665        6.0000000000000000        3.3342615590345695E-002
   2.6666666666666665        6.3333333333333330        3.7112619159204600E-002
   2.6666666666666665        6.6666666666666661        2.5969960708338156E-002
   2.6666666666666665        7.0000000000000000        1.1812508317844146E-002
   2.6666666666666665        7.3333333333333330        7.9676082958537054E-003
   2.6666666666666665        7.6666666666666661        5.2583925492396310E-003
   2.6666666666666665        8.0000000000000000        6.0510067887324839E-005
   2.6666666666666665        8.3333333333333321        1.0128780708471313E-004
   2.6666666666666665        8.6666666666666661        5.3871706444265011E-005
   2.6666666666666665        9.0000000000000000        3.0857352814212537E-005
   2.6666666666666665        9.3333333333333321        1.3711931819717081E-005
   2.6666666666666665        9.6666666666666661        5.7208304395123680E-006
   2.6666666666666665        10.000000000000000        0.0000000000000000     
 
   3.0000000000000000        0.0000000000000000        0.0000000000000000     
   3.0000000000000000       0.33333333333333331        3.6253113879181130E-005
   3.0000000000000000       0.66666666666666663        8.7243941814914690E-005
   3.0000000000000000        1.0000000000000000        1.5611554328511109E-004
   3.0000000000000000        1.3333333333333333        7.6762360215912220E-004
   3.0000000000000000        1.6666666666666665        1.1074407946884467E-003
   3.0000000000000000        2.0000000000000000        1.9825077756493192E-003
   3.0000000000000000        2.3333333333333330        3.4353252859417238E-003
   3.0000000000000000        2.6666666666666665        5.4861781727890959E-003
   3.0000000000000000        3.0000000000000000        7.8496344697130856E-003
   3.0000000000000000        3.3333333333333330        1.5903665226988464E-002
   3.0000000000000000        3.6666666666666665        1.4253603408245694E-002
   3.0000000000000000        4.0000000000000000        9.2461947486237161E-003
   3.0000000000000000        4.3333333333333330        1.3926910456266281E-002
   3.0000000000000000        4.6666666666666661        2.5679769175789083E-002
   3.0000000000000000        5.0000000000000000        6.1885962577592539E-002
   3.0000000000000000        5.3333333333333330       0.14185604329534496     
   3.0000000000000000        5.6666666666666661       0.14188751356870152     
   3.0000000000000000        6.0000000000000000       0.12844519862446338     
   3.0000000000000000        6.3333333333333330        6.5091765237377225E-002
   3.0000000000000000        6.6666666666666661        5.6337243827682702E-002
   3.0000000000000000        7.0000000000000000        2.3153976459825122E-002
   3.0000000000000000        7.3333333333333330        1.3948739930015686E-002
   3.0000000000000000        7.6666666666666661        8.3527672384508464E-003
   3.0000000000000000        8.0000000000000000        2.7881310645564059E-003
   3.0000000000000000        8.3333333333333321        1.8214953544132114E-005
   3.0000000000000000        8.6666666666666661        3.1062533820420222E-005
   3.0000000000000000        9.0000000000000000        4.2375544842955624E-005
   3.0000000000000000        9.3333333333333321        1.8780045406610932E-005
   3.0000000000000000        9.6666666666666661        8.6183968882410487E-006
   3.0000000000000000        10.000000000000000        0.0000000000000000     
 
   3.3333333333333330        0.0000000000000000        0.0000000000000000     
   3.3333333333333330       0.33333333333333331        5.9814295160936945E-005
   3.3333333333333330       0.66666666666666663        1.6009362933549701E-004
   3.3333333333333330        1.0000000000000000        3.7143431074348462E-004
   3.3333333333333330        1.3333333333333333        8.7633908013844597E-004
   3.3333333333333330        1.6666666666666665        1.7155219049607082E-003
   3.3333333333333330        2.0000000000000000        3.3443541645724771E-003
   3.3333333333333330        2.3333333333333330        6.2416638592539680E-003
   3.3333333333333330        2.6666666666666665        1.0890362804120224E-002
   3.3333333333333330        3.0000000000000000        1.7271797981655176E-002
   3.3333333333333330        3.3333333333333330        2.4616496998618797E-002
   3.3333333333333330        3.6666666666666665        2.7373727580273240E-002
   3.3333333333333330        4.0000000000000000        2.2944206724252986E-002
   3.3333333333333330        4.3333333333333330        1.7342324382875973E-002
   3.3333333333333330        4.6666666666666661        1.7493181440149410E-002
   3.3333333333333330        5.0000000000000000       0.35074244116601183     
   3.3333333333333330        5.3333333333333330       0.33936830631505871     
   3.3333333333333330        5.6666666666666661       0.26515834263457871     
   3.3333333333333330        6.0000000000000000       0.23707413758840759     
   3.3333333333333330        6.3333333333333330       0.16139709317123666     
   3.3333333333333330        6.6666666666666661       0.10149275748339588     
   3.3333333333333330        7.0000000000000000        4.3221686203396129E-002
   3.3333333333333330        7.3333333333333330        2.3274271604093785E-002
   3.3333333333333330        7.6666666666666661        1.0268361033253785E-002
   3.3333333333333330        8.0000000000000000        4.4004020774812067E-003
   3.3333333333333330        8.3333333333333321        6.0774561363281050E-004
   3.3333333333333330        8.6666666666666661        1.7561321891259492E-004
   3.3333333333333330        9.0000000000000000        9.3690816752039054E-005
   3.3333333333333330        9.3333333333333321        4.1726986277676161E-005
   3.3333333333333330        9.6666666666666661        1.5908912802948862E-005
   3.3333333333333330        10.000000000000000        0.0000000000000000     
 
   3.6666666666666665        0.0000000000000000        0.0000000000000000     
   3.6666666666666665       0.33333333333333331        8.0423276105778878E-005
   3.6666666666666665       0.66666666666666663        2.1974221511089441E-004
   3.6666666666666665        1.0000000000000000        5.1232633035275135E-004
   3.6666666666666665        1.3333333333333333        1.1478471465528506E-003
   3.6666666666666665        1.6666666666666665        2.4582244906924040E-003
   3.6666666666666665        2.0000000000000000        5.1400446164438134E-003
   3.6666666666666665        2.3333333333333330        1.0285476175903844E-002
   3.6666666666666665        2.6666666666666665        1.9451412489859828E-002
   3.6666666666666665        3.0000000000000000        3.3013409269844196E-002
   3.6666666666666665        3.3333333333333330        4.7785442885716976E-002
   3.6666666666666665        3.6666666666666665        5.3877146875444704E-002
   3.6666666666666665        4.0000000000000000        3.8384281436057544E-002
   3.6666666666666665        4.3333333333333330        2.2944206724252986E-002
   3.6666666666666665        4.6666666666666661       0.45166327291840874     
   3.6666666666666665        5.0000000000000000       0.45711792030518639     
   3.6666666666666665        5.3333333333333330       0.67616037324713796     
   3.6666666666666665        5.6666666666666661       0.41319749900905839     
   3.6666666666666665        6.0000000000000000       0.38653173145274139     
   3.6666666666666665        6.3333333333333330       0.27573373416400099     
   3.6666666666666665        6.6666666666666661       0.18247374485496465     
   3.6666666666666665        7.0000000000000000        6.6200354192616634E-002
   3.6666666666666665        7.3333333333333330        3.6516875746274033E-002
   3.6666666666666665        7.6666666666666661        1.6011653621508795E-003
   3.6666666666666665        8.0000000000000000        2.5428776157330334E-003
   3.6666666666666665        8.3333333333333321        9.8144490775976616E-004
   3.6666666666666665        8.6666666666666661        3.6906975646160307E-004
   3.6666666666666665        9.0000000000000000        1.7575893126734517E-004
   3.6666666666666665        9.3333333333333321        6.6166362419661708E-005
   3.6666666666666665        9.6666666666666661        2.4007493305178196E-005
   3.6666666666666665        10.000000000000000        0.0000000000000000     
 
   4.0000000000000000        0.0000000000000000        0.0000000000000000     
   4.0000000000000000       0.33333333333333331        9.1862565665105003E-005
   4.0000000000000000       0.66666666666666663        2.5823139643394008E-004
   4.0000000000000000        1.0000000000000000        6.0605117380097288E-004
   4.0000000000000000        1.3333333333333333        1.3752954030457083E-003
   4.0000000000000000        1.6666666666666665        3.1023906843170843E-003
   4.0000000000000000        2.0000000000000000        6.9608778998887537E-003
   4.0000000000000000        2.3333333333333330        1.4927281621136516E-002
   4.0000000000000000        2.6666666666666665        3.1646745116964588E-002
   4.0000000000000000        3.0000000000000000        6.0010215663550331E-002
   4.0000000000000000        3.3333333333333330        9.6197034942627449E-002
   4.0000000000000000        3.6666666666666665       0.11973881693946599     
   4.0000000000000000        4.0000000000000000        6.8062139782027409E-002
   4.0000000000000000        4.3333333333333330       0.82797358941007659     
   4.0000000000000000        4.6666666666666661       0.57155693541332520     
   4.0000000000000000        5.0000000000000000        2.0193871732652995     
   4.0000000000000000        5.3333333333333330        1.5805267769974747     
   4.0000000000000000        5.6666666666666661        1.0834341569168267     
   4.0000000000000000        6.0000000000000000       0.70891063505298502     
   4.0000000000000000        6.3333333333333330       0.44798099888656234     
   4.0000000000000000        6.6666666666666661       0.22902792283967810     
   4.0000000000000000        7.0000000000000000       0.12264900728195093     
   4.0000000000000000        7.3333333333333330        2.7586256881776721E-002
   4.0000000000000000        7.6666666666666661        7.6495310855650266E-003
   4.0000000000000000        8.0000000000000000        4.6032428841406760E-003
   4.0000000000000000        8.3333333333333321        1.5487620794797183E-003
   4.0000000000000000        8.6666666666666661        4.6947748345411582E-004
   4.0000000000000000        9.0000000000000000        2.8476171552220417E-004
   4.0000000000000000        9.3333333333333321        6.5435082701522550E-005
   4.0000000000000000        9.6666666666666661        2.9861211817238382E-005
   4.0000000000000000        10.000000000000000        0.0000000000000000     
 
   4.3333333333333330        0.0000000000000000        0.0000000000000000     
   4.3333333333333330       0.33333333333333331        8.5124007064688536E-005
   4.3333333333333330       0.66666666666666663        2.6893583528413633E-004
   4.3333333333333330        1.0000000000000000        6.2337405969739687E-004
   4.3333333333333330        1.3333333333333333        1.3838468376829946E-003
   4.3333333333333330        1.6666666666666665        3.1707048093681306E-003
   4.3333333333333330        2.0000000000000000        7.8965924720105531E-003
   4.3333333333333330        2.3333333333333330        1.7114929218109108E-002
   4.3333333333333330        2.6666666666666665        4.4163192409810703E-002
   4.3333333333333330        3.0000000000000000        9.9198466060780519E-002
   4.3333333333333330        3.3333333333333330       0.18514167345920199     
   4.3333333333333330        3.6666666666666665       0.29182675455509988     
   4.3333333333333330        4.0000000000000000        1.1449072576897834     
   4.3333333333333330        4.3333333333333330        1.2123045586179382     
   4.3333333333333330        4.6666666666666661        2.6152473968232521     
   4.3333333333333330        5.0000000000000000        2.4316158405298509     
   4.3333333333333330        5.3333333333333330        2.0673500068651967     
   4.3333333333333330        5.6666666666666661        1.5592711398137926     
   4.3333333333333330        6.0000000000000000        1.0234018050502307     
   4.3333333333333330        6.3333333333333330       0.67264151772823466     
   4.3333333333333330        6.6666666666666661       0.22322368527049408     
   4.3333333333333330        7.0000000000000000       0.11540591795704695     
   4.3333333333333330        7.3333333333333330        3.9910711382549931E-002
   4.3333333333333330        7.6666666666666661        1.4446113799317921E-002
   4.3333333333333330        8.0000000000000000        6.0085534770188739E-003
   4.3333333333333330        8.3333333333333321        2.4293318746318069E-003
   4.3333333333333330        8.6666666666666661        9.3454384530309556E-004
   4.3333333333333330        9.0000000000000000        3.8428634510439587E-004
   4.3333333333333330        9.3333333333333321        1.4302864051886691E-004
   4.3333333333333330        9.6666666666666661        4.9506645935784600E-005
   4.3333333333333330        10.000000000000000        0.0000000000000000     
 
   4.6666666666666661        0.0000000000000000        0.0000000000000000     
   4.6666666666666661       0.33333333333333331        3.1798930314337024E-005
   4.6666666666666661       0.66666666666666663        3.6538024244458096E-004
   4.6666666666666661        1.0000000000000000        5.9043836000836252E-004
   4.6666666666666661        1.3333333333333333        1.1077773427837913E-003
   4.6666666666666661        1.6666666666666665        1.8701104185598057E-003
   4.6666666666666661        2.0000000000000000        5.1523291648225980E-003
   4.6666666666666661        2.3333333333333330        8.3958447675583549E-003
   4.6666666666666661        2.6666666666666665       0.10202668910867869     
   4.6666666666666661        3.0000000000000000       0.13673256739091957     
   4.6666666666666661        3.3333333333333330       0.29678004874752834     
   4.6666666666666661        3.6666666666666665       0.62430120726620353     
   4.6666666666666661        4.0000000000000000        1.1784830416488439     
   4.6666666666666661        4.3333333333333330        1.7295068612070228     
   4.6666666666666661        4.6666666666666661        2.5323038852930155     
   4.6666666666666661        5.0000000000000000        2.7786428140346113     
   4.6666666666666661        5.3333333333333330        2.5605878697083564     
   4.6666666666666661        5.6666666666666661        2.0601297848317679     
   4.6666666666666661        6.0000000000000000        1.2352800266276167     
   4.6666666666666661        6.3333333333333330       0.65240444288971755     
   4.6666666666666661        6.6666666666666661       0.39483374217521849     
   4.6666666666666661        7.0000000000000000        1.2057609912004745E-002
   4.6666666666666661        7.3333333333333330        1.8040851355588059E-002
   4.6666666666666661        7.6666666666666661        1.0672180271825100E-002
   4.6666666666666661        8.0000000000000000        5.5297730124350703E-003
   4.6666666666666661        8.3333333333333321        2.5249938758130520E-003
   4.6666666666666661        8.6666666666666661        9.8529285908920518E-004
   4.6666666666666661        9.0000000000000000        4.0430675199470696E-004
   4.6666666666666661        9.3333333333333321        1.6165196100281320E-004
   4.6666666666666661        9.6666666666666661        5.6751885437411297E-005
   4.6666666666666661        10.000000000000000        0.0000000000000000     
 
   5.0000000000000000        0.0000000000000000        0.0000000000000000     
   5.0000000000000000       0.33333333333333331        3.0324411032671315E-005
   5.0000000000000000       0.66666666666666663        3.4988643155489977E-004
   5.0000000000000000        1.0000000000000000        6.1193672906438492E-004
   5.0000000000000000        1.3333333333333333        1.2068051405335273E-003
   5.0000000000000000        1.6666666666666665        2.3342243400758379E-003
   5.0000000000000000        2.0000000000000000        4.4948907127112534E-003
   5.0000000000000000        2.3333333333333330        6.7828363664560725E-003
   5.0000000000000000        2.6666666666666665        6.1666804742623704E-002
   5.0000000000000000        3.0000000000000000        8.6874061266064909E-002
   5.0000000000000000        3.3333333333333330       0.67268156964564341     
   5.0000000000000000        3.6666666666666665       0.79935115107014720     
   5.0000000000000000        4.0000000000000000        1.2488139822026521     
   5.0000000000000000        4.3333333333333330        1.8709963450531535     
   5.0000000000000000        4.6666666666666661        2.5766372550821757     
   5.0000000000000000        5.0000000000000000        2.9801517762353620     
   5.0000000000000000        5.3333333333333330        2.9048352137320976     
   5.0000000000000000        5.6666666666666661        2.6999105004498691     
   5.0000000000000000        6.0000000000000000       0.36071115890288569     
   5.0000000000000000        6.3333333333333330       0.39673088405682216     
   5.0000000000000000        6.6666666666666661        8.7618376204492254E-002
   5.0000000000000000        7.0000000000000000        2.8230654977733947E-002
   5.0000000000000000        7.3333333333333330        1.7699348539361507E-002
   5.0000000000000000        7.6666666666666661        9.8117108292985616E-003
   5.0000000000000000        8.0000000000000000        5.7572103539005152E-003
   5.0000000000000000        8.3333333333333321        8.9936863839696094E-004
   5.0000000000000000        8.6666666666666661        6.4059052410208456E-004
   5.0000000000000000        9.0000000000000000        3.2828493771027919E-004
   5.0000000000000000        9.3333333333333321        1.4311190988020950E-004
   5.0000000000000000        9.6666666666666661        5.2120058417568636E-005
   5.0000000000000000        10.000000000000000        0.0000000000000000     
 
   5.3333333333333330        0.0000000000000000        0.0000000000000000     
   5.3333333333333330       0.33333333333333331        7.8450170242744214E-005
   5.3333333333333330       0.66666666666666663        3.0191128353532974E-004
   5.3333333333333330        1.0000000000000000        6.6030474659597798E-004
   5.3333333333333330        1.3333333333333333        1.4493681856724062E-003
   5.3333333333333330        1.6666666666666665        3.0106199213668608E-003
   5.3333333333333330        2.0000000000000000        5.9917590235407641E-003
   5.3333333333333330        2.3333333333333330        1.0739554046665076E-002
   5.3333333333333330        2.6666666666666665        6.5361633109752654E-002
   5.3333333333333330        3.0000000000000000        9.3052548673524332E-002
   5.3333333333333330        3.3333333333333330       0.50356359022412733     
   5.3333333333333330        3.6666666666666665       0.73718242759007957     
   5.3333333333333330        4.0000000000000000        1.1442191535827100     
   5.3333333333333330        4.3333333333333330        1.7017121777538466     
   5.3333333333333330        4.6666666666666661        2.3084043897135702     
   5.3333333333333330        5.0000000000000000        2.7233564746437522     
   5.3333333333333330        5.3333333333333330        2.6812675879871612     
   5.3333333333333330        5.6666666666666661       0.71305438292835410     
   5.3333333333333330        6.0000000000000000       0.41825226796801590     
   5.3333333333333330        6.3333333333333330       0.26729629005902750     
   5.3333333333333330        6.6666666666666661       0.12182747167154433     
   5.3333333333333330        7.0000000000000000        5.1075529081379661E-002
   5.3333333333333330        7.3333333333333330        2.2911016668932818E-002
   5.3333333333333330        7.6666666666666661        9.9715480710211232E-003
   5.3333333333333330        8.0000000000000000        4.9453382816118281E-003
   5.3333333333333330        8.3333333333333321        1.6848905459065729E-003
   5.3333333333333330        8.6666666666666661        7.3083115315049514E-004
   5.3333333333333330        9.0000000000000000        3.2658693108733464E-004
   5.3333333333333330        9.3333333333333321        1.2074124600534952E-004
   5.3333333333333330        9.6666666666666661        4.2249097916025665E-005
   5.3333333333333330        10.000000000000000        0.0000000000000000     
 
   5.6666666666666661        0.0000000000000000        0.0000000000000000     
   5.6666666666666661       0.33333333333333331        3.0263408390891821E-005
   5.6666666666666661       0.66666666666666663        5.6602302497041865E-005
   5.6666666666666661        1.0000000000000000        7.7740284892990810E-004
   5.6666666666666661        1.3333333333333333        1.7112969150129794E-003
   5.6666666666666661        1.6666666666666665        3.8162455930217045E-003
   5.6666666666666661        2.0000000000000000        8.6104979831280719E-003
   5.6666666666666661        2.3333333333333330        2.4285044879367400E-002
   5.6666666666666661        2.6666666666666665        6.3284299195835586E-002
   5.6666666666666661        3.0000000000000000       0.16022735580122308     
   5.6666666666666661        3.3333333333333330       0.37200036141109633     
   5.6666666666666661        3.6666666666666665       0.59114209813421803     
   5.6666666666666661        4.0000000000000000       0.91039398126928628     
   5.6666666666666661        4.3333333333333330        1.3295970164067696     
   5.6666666666666661        4.6666666666666661        1.7899502032773482     
   5.6666666666666661        5.0000000000000000        2.2367291463731367     
   5.6666666666666661        5.3333333333333330        1.8309512041462970     
   5.6666666666666661        5.6666666666666661        1.0803139993966511     
   5.6666666666666661        6.0000000000000000       0.22863929211654904     
   5.6666666666666661        6.3333333333333330       0.20298618962375584     
   5.6666666666666661        6.6666666666666661        5.5452057904703131E-002
   5.6666666666666661        7.0000000000000000        2.2673304936442387E-002
   5.6666666666666661        7.3333333333333330        8.2774434053456102E-003
   5.6666666666666661        7.6666666666666661        7.0453260889524437E-003
   5.6666666666666661        8.0000000000000000        1.4305329900488779E-003
   5.6666666666666661        8.3333333333333321        1.0990798794142302E-003
   5.6666666666666661        8.6666666666666661        7.0102149667893140E-004
   5.6666666666666661        9.0000000000000000        2.8299956981250064E-005
   5.6666666666666661        9.3333333333333321        4.7472986659487431E-005
   5.6666666666666661        9.6666666666666661        2.3552190482973312E-005
   5.6666666666666661        10.000000000000000        0.0000000000000000     
 
   6.0000000000000000        0.0000000000000000        0.0000000000000000     
   6.0000000000000000       0.33333333333333331        3.1585089354371202E-005
   6.0000000000000000       0.66666666666666663        9.2739984881299990E-005
   6.0000000000000000        1.0000000000000000        2.7893321652109319E-004
   6.0000000000000000        1.3333333333333333        0.0000000000000000     
   6.0000000000000000        1.6666666666666665        2.7494068375632221E-003
   6.0000000000000000        2.0000000000000000        4.2289257853669795E-003
   6.0000000000000000        2.3333333333333330        1.3547569171278608E-002
   6.0000000000000000        2.6666666666666665        2.5946829288902511E-002
   6.0000000000000000        3.0000000000000000       0.23806191668000387     
   6.0000000000000000        3.3333333333333330       0.31990430827094529     
   6.0000000000000000        3.6666666666666665       0.43866225659100516     
   6.0000000000000000        4.0000000000000000       0.64007715431476198     
   6.0000000000000000        4.3333333333333330       0.88792771503971657     
   6.0000000000000000        4.6666666666666661        1.0981469060722346     
   6.0000000000000000        5.0000000000000000       0.79105028871944294     
   6.0000000000000000        5.3333333333333330        1.1046766333786155     
   6.0000000000000000        5.6666666666666661       0.69268877798591333     
   6.0000000000000000        6.0000000000000000       0.31366504332143069     
   6.0000000000000000        6.3333333333333330       0.17211490547620037     
   6.0000000000000000        6.6666666666666661        7.7130945801567583E-002
   6.0000000000000000        7.0000000000000000        3.2653180005766502E-002
   6.0000000000000000        7.3333333333333330        1.3546053305877844E-002
   6.0000000000000000        7.6666666666666661        6.4360451124174144E-003
   6.0000000000000000        8.0000000000000000        2.5635845188956333E-003
   6.0000000000000000        8.3333333333333321        1.2122684028516766E-003
   6.0000000000000000        8.6666666666666661        6.9178508997438264E-004
   6.0000000000000000        9.0000000000000000        8.7874210593946598E-005
   6.0000000000000000        9.3333333333333321        4.8398387953044892E-005
   6.0000000000000000        9.6666666666666661        2.0100937541246901E-005
   6.0000000000000000        10.000000000000000        0.0000000000000000     
 
   6.3333333333333330        0.0000000000000000        0.0000000000000000     
   6.3333333333333330       0.33333333333333331        2.3288956717460891E-005
   6.3333333333333330       0.66666666666666663        6.0624911734345723E-005
   6.3333333333333330        1.0000000000000000        1.3002880199807569E-004
   6.3333333333333330        1.3333333333333333        2.6366247705180622E-004
   6.3333333333333330        1.6666666666666665        1.7928671405754389E-003
   6.3333333333333330        2.0000000000000000        3.4446337652067212E-003
   6.3333333333333330        2.3333333333333330        7.3016187638645967E-003
   6.3333333333333330        2.6666666666666665        1.1610309919616148E-002
   6.3333333333333330        3.0000000000000000        5.4775880511689591E-003
   6.3333333333333330        3.3333333333333330       0.22195501142860688     
   6.3333333333333330        3.6666666666666665       0.29705776595577094     
   6.3333333333333330        4.0000000000000000       0.41202698239713870     
   6.3333333333333330        4.3333333333333330       0.54472910255677498     
   6.3333333333333330        4.6666666666666661       0.63319990088241951     
   6.3333333333333330        5.0000000000000000       0.56258488469347556     
   6.3333333333333330        5.3333333333333330       0.22773830095475678     
   6.3333333333333330        5.6666666666666661       0.31413842064210429     
   6.3333333333333330        6.0000000000000000       0.21520071896388707     
   6.3333333333333330        6.3333333333333330       0.14031560054132516     
   6.3333333333333330        6.6666666666666661        7.4075234669869858E-002
   6.3333333333333330        7.0000000000000000        2.9999215919352378E-002
   6.3333333333333330        7.3333333333333330        1.2774803045578056E-002
   6.3333333333333330        7.6666666666666661        5.7157086242926496E-003
   6.3333333333333330        8.0000000000000000        2.5185098287504861E-003
   6.3333333333333330        8.3333333333333321        1.1756767632002628E-003
   6.3333333333333330        8.6666666666666661        5.7146008999115849E-004
   6.3333333333333330        9.0000000000000000        1.8351097377276296E-004
   6.3333333333333330        9.3333333333333321        6.9750594938694529E-005
   6.3333333333333330        9.6666666666666661        2.1812823810189892E-005
   6.3333333333333330        10.000000000000000        0.0000000000000000     
 
   6.6666666666666661        0.0000000000000000        0.0000000000000000     
   6.6666666666666661       0.33333333333333331        1.5941455434257709E-005
   6.6666666666666661       0.66666666666666663        3.4587415967618287E-005
   6.6666666666666661        1.0000000000000000        2.2098073773385235E-004
   6.6666666666666661        1.3333333333333333        4.3016802205076576E-004
   6.6666666666666661        1.6666666666666665        1.1355435611544696E-003
   6.6666666666666661        2.0000000000000000        2.2467527104785799E-003
   6.6666666666666661        2.3333333333333330        4.1542139495764387E-003
   6.6666666666666661        2.6666666666666665        6.9157935518298283E-003
   6.6666666666666661        3.0000000000000000        8.4867573485383242E-003
   6.6666666666666661        3.3333333333333330       0.10131363063730173     
   6.6666666666666661        3.6666666666666665       0.19652134428833143     
   6.6666666666666661        4.0000000000000000       0.25362211733926793     
   6.6666666666666661        4.3333333333333330       0.33399975930393505     
   6.6666666666666661        4.6666666666666661       0.41287169737947266     
   6.6666666666666661        5.0000000000000000       0.36262761626491458     
   6.6666666666666661        5.3333333333333330       0.19964535898336885     
   6.6666666666666661        5.6666666666666661       0.17482155933228424     
   6.6666666666666661        6.0000000000000000       0.14213744706207110     
   6.6666666666666661        6.3333333333333330        1.8577155157796364E-002
   6.6666666666666661        6.6666666666666661        9.5094540407722420E-003
   6.6666666666666661        7.0000000000000000        1.2183561215885907E-002
   6.6666666666666661        7.3333333333333330        7.4325607510556885E-003
   6.6666666666666661        7.6666666666666661        3.8937189281751691E-003
   6.6666666666666661        8.0000000000000000        1.9348723882574358E-003
   6.6666666666666661        8.3333333333333321        1.0578046462361111E-003
   6.6666666666666661        8.6666666666666661        1.3679860294310992E-004
   6.6666666666666661        9.0000000000000000        1.1784352184964827E-004
   6.6666666666666661        9.3333333333333321        2.1226906137811567E-005
   6.6666666666666661        9.6666666666666661        1.1708324418635340E-005
   6.6666666666666661        10.000000000000000        0.0000000000000000     
 
   7.0000000000000000        0.0000000000000000        0.0000000000000000     
   7.0000000000000000       0.33333333333333331        1.6447615545032707E-005
   7.0000000000000000       0.66666666666666663        4.9819050963814500E-005
   7.0000000000000000        1.0000000000000000        1.5089162854579698E-004
   7.0000000000000000        1.3333333333333333        3.6059561539863766E-004
   7.0000000000000000        1.6666666666666665        7.2239502255071078E-004
   7.0000000000000000        2.0000000000000000        1.4819775405552609E-003
   7.0000000000000000        2.3333333333333330        2.3257644526961233E-003
   7.0000000000000000        2.6666666666666665        9.6592314656421385E-003
   7.0000000000000000        3.0000000000000000        1.7417256239867472E-002
   7.0000000000000000        3.3333333333333330        4.3829377006202895E-002
   7.0000000000000000        3.6666666666666665        7.9864937051647517E-002
   7.0000000000000000        4.0000000000000000       0.14277134315428117     
   7.0000000000000000        4.3333333333333330       0.20626130900437320     
   7.0000000000000000        4.6666666666666661        7.7996884435684172E-003
   7.0000000000000000        5.0000000000000000        5.1087889352756169E-002
   7.0000000000000000        5.3333333333333330        8.9747993056321196E-002
   7.0000000000000000        5.6666666666666661        8.9491905955859943E-002
   7.0000000000000000        6.0000000000000000        7.7381828683934964E-002
   7.0000000000000000        6.3333333333333330        2.6847954493325724E-002
   7.0000000000000000        6.6666666666666661        1.1338738987891195E-002
   7.0000000000000000        7.0000000000000000        7.1929357774248503E-003
   7.0000000000000000        7.3333333333333330        4.3812410055004188E-003
   7.0000000000000000        7.6666666666666661        2.4564397129345794E-003
   7.0000000000000000        8.0000000000000000        1.3101485091665652E-003
   7.0000000000000000        8.3333333333333321        6.6289162502415557E-004
   7.0000000000000000        8.6666666666666661        2.4290419729368652E-004
   7.0000000000000000        9.0000000000000000        1.0857710602771410E-004
   7.0000000000000000        9.3333333333333321        4.5089753579512663E-005
   7.0000000000000000        9.6666666666666661        3.4764020994459565E-006
   7.0000000000000000        10.000000000000000        0.0000000000000000     
 
   7.3333333333333330        0.0000000000000000        0.0000000000000000     
   7.3333333333333330       0.33333333333333331        1.1002869457907320E-005
   7.3333333333333330       0.66666666666666663        2.9903491306817639E-005
   7.3333333333333330        1.0000000000000000        6.8068460579322470E-005
   7.3333333333333330        1.3333333333333333        1.8579547014921754E-004
   7.3333333333333330        1.6666666666666665        3.3997352097607281E-004
   7.3333333333333330        2.0000000000000000        1.3245876780915594E-003
   7.3333333333333330        2.3333333333333330        2.6380536900233432E-003
   7.3333333333333330        2.6666666666666665        6.8452125544434268E-003
   7.3333333333333330        3.0000000000000000        1.5935018504171960E-002
   7.3333333333333330        3.3333333333333330        3.1341397520864900E-002
   7.3333333333333330        3.6666666666666665        4.8595496593052651E-002
   7.3333333333333330        4.0000000000000000        7.9864937051647517E-002
   7.3333333333333330        4.3333333333333330        7.7996884435684172E-003
   7.3333333333333330        4.6666666666666661        1.1837809936204476E-002
   7.3333333333333330        5.0000000000000000        3.2816972203225853E-002
   7.3333333333333330        5.3333333333333330        4.9561927966588148E-002
   7.3333333333333330        5.6666666666666661        4.5694462917631712E-002
   7.3333333333333330        6.0000000000000000        7.3393342362988705E-003
   7.3333333333333330        6.3333333333333330        1.0700506072137505E-002
   7.3333333333333330        6.6666666666666661        6.8981270986930654E-003
   7.3333333333333330        7.0000000000000000        4.2994961877683806E-003
   7.3333333333333330        7.3333333333333330        2.6466516527740469E-003
   7.3333333333333330        7.6666666666666661        1.5433764014601968E-003
   7.3333333333333330        8.0000000000000000        9.1708287135946966E-004
   7.3333333333333330        8.3333333333333321        4.2665978672070071E-004
   7.3333333333333330        8.6666666666666661        2.1191133584334582E-004
   7.3333333333333330        9.0000000000000000        9.7665817066812518E-005
   7.3333333333333330        9.3333333333333321        3.5128753631274451E-005
   7.3333333333333330        9.6666666666666661        9.3382925180621894E-006
   7.3333333333333330        10.000000000000000        0.0000000000000000     
 
   7.6666666666666661        0.0000000000000000        0.0000000000000000     
   7.6666666666666661       0.33333333333333331        5.1182185506032680E-006
   7.6666666666666661       0.66666666666666663        1.0681295915321501E-005
   7.6666666666666661        1.0000000000000000        9.0701152154757067E-005
   7.6666666666666661        1.3333333333333333        1.5194308435378029E-004
   7.6666666666666661        1.6666666666666665        3.2339311431739469E-004
   7.6666666666666661        2.0000000000000000        7.8630108814013537E-004
   7.6666666666666661        2.3333333333333330        1.5202358188480432E-003
   7.6666666666666661        2.6666666666666665        2.7174703735348216E-003
   7.6666666666666661        3.0000000000000000        1.0487712026159750E-003
   7.6666666666666661        3.3333333333333330        1.1364042616851066E-002
   7.6666666666666661        3.6666666666666665        2.4240960407620325E-002
   7.6666666666666661        4.0000000000000000        2.6884133162598836E-004
   7.6666666666666661        4.3333333333333330        2.3122896759012221E-003
   7.6666666666666661        4.6666666666666661        4.5787563806050091E-003
   7.6666666666666661        5.0000000000000000        6.1074754783592357E-004
   7.6666666666666661        5.3333333333333330        1.0587054681106343E-002
   7.6666666666666661        5.6666666666666661        1.5668724492317512E-002
   7.6666666666666661        6.0000000000000000        7.5741681307939929E-003
   7.6666666666666661        6.3333333333333330        6.5446765331876201E-003
   7.6666666666666661        6.6666666666666661        4.5800798246718386E-003
   7.6666666666666661        7.0000000000000000        2.6465694890834995E-003
   7.6666666666666661        7.3333333333333330        1.7723702793954908E-003
   7.6666666666666661        7.6666666666666661        1.0112224808949970E-003
   7.6666666666666661        8.0000000000000000        1.1033116611036168E-004
   7.6666666666666661        8.3333333333333321        1.6994267800805803E-004
   7.6666666666666661        8.6666666666666661        1.7202834338852126E-005
   7.6666666666666661        9.0000000000000000        8.0642240727302676E-006
   7.6666666666666661        9.3333333333333321        1.1566132271641732E-005
   7.6666666666666661        9.6666666666666661        5.0285304336388686E-006
   7.6666666666666661        10.000000000000000        0.0000000000000000     
 
   8.0000000000000000        0.0000000000000000        0.0000000000000000     
   8.0000000000000000       0.33333333333333331        2.3283845301579742E-006
   8.0000000000000000       0.66666666666666663        4.3356107346217686E-006
   8.0000000000000000        1.0000000000000000        6.3533299391906940E-005
   8.0000000000000000        1.3333333333333333        1.0702994567350461E-004
   8.0000000000000000        1.6666666666666665        2.1790046290509025E-004
   8.0000000000000000        2.0000000000000000        4.4909109230380380E-004
   8.0000000000000000        2.3333333333333330        8.1618004439264235E-004
   8.0000000000000000        2.6666666666666665        1.2940143270862901E-003
   8.0000000000000000        3.0000000000000000        1.6859379217357751E-003
   8.0000000000000000        3.3333333333333330        4.2735769609231295E-003
   8.0000000000000000        3.6666666666666665        2.6884133162598836E-004
   8.0000000000000000        4.0000000000000000        4.3735856536001227E-004
   8.0000000000000000        4.3333333333333330        1.3133162941275246E-003
   8.0000000000000000        4.6666666666666661        1.9373327689413901E-003
   8.0000000000000000        5.0000000000000000        9.8570445479575640E-004
   8.0000000000000000        5.3333333333333330        2.8356951813558670E-003
   8.0000000000000000        5.6666666666666661        5.6298134133380513E-003
   8.0000000000000000        6.0000000000000000        4.3921883773789874E-003
   8.0000000000000000        6.3333333333333330        0.0000000000000000     
   8.0000000000000000        6.6666666666666661        8.4598690185970981E-004
   8.0000000000000000        7.0000000000000000        1.3569001946713418E-003
   8.0000000000000000        7.3333333333333330        1.3935962020993170E-004
   8.0000000000000000        7.6666666666666661        2.9922126507249175E-004
   8.0000000000000000        8.0000000000000000        1.2160364628649000E-004
   8.0000000000000000        8.3333333333333321        7.8916326421149972E-005
   8.0000000000000000        8.6666666666666661        2.9006122907395985E-005
   8.0000000000000000        9.0000000000000000        1.0168086605021194E-005
   8.0000000000000000        9.3333333333333321        5.8949781639559580E-006
   8.0000000000000000        9.6666666666666661        2.6633323618808359E-006
   8.0000000000000000        10.000000000000000        0.0000000000000000     
 
   8.3333333333333321        0.0000000000000000        0.0000000000000000     
   8.3333333333333321       0.33333333333333331        1.5107691742675074E-006
   8.3333333333333321       0.66666666666666663        3.0534568082584129E-006
   8.3333333333333321        1.0000000000000000        3.0907340865612274E-005
   8.3333333333333321        1.3333333333333333        6.5676545049381265E-005
   8.3333333333333321        1.6666666666666665        1.3164725695106493E-004
   8.3333333333333321        2.0000000000000000        2.5436484462950011E-004
   8.3333333333333321        2.3333333333333330        4.9257608931647381E-004
   8.3333333333333321        2.6666666666666665        7.1433456452375647E-004
   8.3333333333333321        3.0000000000000000        1.1012763844513117E-003
   8.3333333333333321        3.3333333333333330        2.0879939130776532E-003
   8.3333333333333321        3.6666666666666665        9.7365251692084452E-005
   8.3333333333333321        4.0000000000000000        1.6053659479005320E-004
   8.3333333333333321        4.3333333333333330        9.9214275495439598E-006
   8.3333333333333321        4.6666666666666661        4.6466952733724540E-006
   8.3333333333333321        5.0000000000000000        9.5544616626802451E-004
   8.3333333333333321        5.3333333333333330        1.5082061763613227E-003
   8.3333333333333321        5.6666666666666661        2.3199625751261221E-003
   8.3333333333333321        6.0000000000000000        2.1960376554765594E-003
   8.3333333333333321        6.3333333333333330        2.4231493913022371E-004
   8.3333333333333321        6.6666666666666661        0.0000000000000000     
   8.3333333333333321        7.0000000000000000        3.4282238885651320E-005
   8.3333333333333321        7.3333333333333330        6.6503231718469374E-005
   8.3333333333333321        7.6666666666666661        1.0399477269396425E-004
   8.3333333333333321        8.0000000000000000        7.4471742648176081E-005
   8.3333333333333321        8.3333333333333321        4.5806274554870404E-005
   8.3333333333333321        8.6666666666666661        3.8815051513725282E-006
   8.3333333333333321        9.0000000000000000        4.6754509963058611E-006
   8.3333333333333321        9.3333333333333321        3.2789800924600902E-006
   8.3333333333333321        9.6666666666666661        1.5990186924419355E-006
   8.3333333333333321        10.000000000000000        0.0000000000000000     
 
   8.6666666666666661        0.0000000000000000        0.0000000000000000     
   8.6666666666666661       0.33333333333333331        1.7598853930032777E-006
   8.6666666666666661       0.66666666666666663        5.5215608445000184E-006
   8.6666666666666661        1.0000000000000000        1.7570890198315462E-005
   8.6666666666666661        1.3333333333333333        3.7408352637025014E-005
   8.6666666666666661        1.6666666666666665        7.5039425689440482E-005
   8.6666666666666661        2.0000000000000000        1.0662120326317809E-004
   8.6666666666666661        2.3333333333333330        1.8783115641317699E-004
   8.6666666666666661        2.6666666666666665        4.0625931741098217E-004
   8.6666666666666661        3.0000000000000000        5.7440397700105473E-004
   8.6666666666666661        3.3333333333333330        0.0000000000000000     
   8.6666666666666661        3.6666666666666665        2.1595125456046070E-005
   8.6666666666666661        4.0000000000000000        4.7000758490279256E-005
   8.6666666666666661        4.3333333333333330        1.6779323230551936E-005
   8.6666666666666661        4.6666666666666661        7.9577011767995331E-006
   8.6666666666666661        5.0000000000000000        4.6468295781373800E-004
   8.6666666666666661        5.3333333333333330        7.4495614827989288E-004
   8.6666666666666661        5.6666666666666661        1.1571498981014549E-003
   8.6666666666666661        6.0000000000000000        1.0512225690618546E-003
   8.6666666666666661        6.3333333333333330        3.9229489636615107E-004
   8.6666666666666661        6.6666666666666661        2.6103169601023645E-005
   8.6666666666666661        7.0000000000000000        2.4895042481130712E-005
   8.6666666666666661        7.3333333333333330        3.1101728810427338E-005
   8.6666666666666661        7.6666666666666661        4.0896200016236466E-005
   8.6666666666666661        8.0000000000000000        7.7997092978230223E-006
   8.6666666666666661        8.3333333333333321        1.4141297154106077E-005
   8.6666666666666661        8.6666666666666661        5.8627000169185444E-006
   8.6666666666666661        9.0000000000000000        6.0238011290037771E-007
   8.6666666666666661        9.3333333333333321        2.1809338118678710E-007
   8.6666666666666661        9.6666666666666661        0.0000000000000000     
   8.6666666666666661        10.000000000000000        0.0000000000000000     
 
   9.0000000000000000        0.0000000000000000        0.0000000000000000     
   9.0000000000000000       0.33333333333333331        1.2906222399862105E-006
   9.0000000000000000       0.66666666666666663        3.6616268749920887E-006
   9.0000000000000000        1.0000000000000000        8.7833658837271368E-006
   9.0000000000000000        1.3333333333333333        1.7072132300570444E-005
   9.0000000000000000        1.6666666666666665        2.5820550942481805E-005
   9.0000000000000000        2.0000000000000000        6.1191781764298049E-005
   9.0000000000000000        2.3333333333333330        9.2978556328366570E-005
   9.0000000000000000        2.6666666666666665        1.2839115559608436E-007
   9.0000000000000000        3.0000000000000000        3.6642999355304259E-007
   9.0000000000000000        3.3333333333333330        4.6907806163287666E-006
   9.0000000000000000        3.6666666666666665        1.0558745053941404E-005
   9.0000000000000000        4.0000000000000000        1.9370318377448129E-005
   9.0000000000000000        4.3333333333333330        1.3476922169504926E-005
   9.0000000000000000        4.6666666666666661        8.5345639698507324E-007
   9.0000000000000000        5.0000000000000000        1.7015375076816225E-004
   9.0000000000000000        5.3333333333333330        2.7682187557140104E-004
   9.0000000000000000        5.6666666666666661        2.1908450479172398E-005
   9.0000000000000000        6.0000000000000000        5.5048724127329272E-005
   9.0000000000000000        6.3333333333333330        1.1502934647084815E-004
   9.0000000000000000        6.6666666666666661        4.4692700512808532E-005
   9.0000000000000000        7.0000000000000000        7.8700251369826740E-006
   9.0000000000000000        7.3333333333333330        1.2690649110700226E-005
   9.0000000000000000        7.6666666666666661        1.4139344259486245E-005
   9.0000000000000000        8.0000000000000000        6.8882544982609595E-006
   9.0000000000000000        8.3333333333333321        6.6804710405412140E-006
   9.0000000000000000        8.6666666666666661        3.6649520994645938E-006
   9.0000000000000000        9.0000000000000000        1.0508092819003861E-006
   9.0000000000000000        9.3333333333333321        3.8424366220820779E-007
   9.0000000000000000        9.6666666666666661        1.5680565403240914E-008
   9.0000000000000000        10.000000000000000        0.0000000000000000     
 
   9.3333333333333321        0.0000000000000000        0.0000000000000000     
   9.3333333333333321       0.33333333333333331        6.9232252364653727E-007
   9.3333333333333321       0.66666666666666663        1.7128529642296679E-006
   9.3333333333333321        1.0000000000000000        3.1101362144993623E-006
   9.3333333333333321        1.3333333333333333        3.6692565753537141E-006
   9.3333333333333321        1.6666666666666665        8.5411326221028241E-006
   9.3333333333333321        2.0000000000000000        3.3110828654056757E-007
   9.3333333333333321        2.3333333333333330        1.4984637592465763E-007
   9.3333333333333321        2.6666666666666665        2.2639891799603714E-007
   9.3333333333333321        3.0000000000000000        6.3887499022226351E-007
   9.3333333333333321        3.3333333333333330        2.0937123861777077E-006
   9.3333333333333321        3.6666666666666665        3.7535132997540179E-006
   9.3333333333333321        4.0000000000000000        0.0000000000000000     
   9.3333333333333321        4.3333333333333330        9.2841861255239269E-007
   9.3333333333333321        4.6666666666666661        1.4558130331225359E-006
   9.3333333333333321        5.0000000000000000        3.6182251166229145E-005
   9.3333333333333321        5.3333333333333330        8.1345363129765421E-005
   9.3333333333333321        5.6666666666666661        3.6576192538861418E-005
   9.3333333333333321        6.0000000000000000        3.0119842347015491E-005
   9.3333333333333321        6.3333333333333330        3.8561795790607570E-005
   9.3333333333333321        6.6666666666666661        2.1463142794745467E-005
   9.3333333333333321        7.0000000000000000        8.4902920476652854E-006
   9.3333333333333321        7.3333333333333330        6.2673779241431912E-006
   9.3333333333333321        7.6666666666666661        5.5730226418425701E-006
   9.3333333333333321        8.0000000000000000        3.7127733418145332E-006
   9.3333333333333321        8.3333333333333321        1.9561220640475607E-007
   9.3333333333333321        8.6666666666666661        1.6042682729958411E-007
   9.3333333333333321        9.0000000000000000        3.1362281327239522E-007
   9.3333333333333321        9.3333333333333321        1.6920239802465458E-007
   9.3333333333333321        9.6666666666666661        4.3497758095476984E-008
   9.3333333333333321        10.000000000000000        0.0000000000000000     
 
   9.6666666666666661        0.0000000000000000        0.0000000000000000     
   9.6666666666666661       0.33333333333333331        2.8293576078269840E-007
   9.6666666666666661       0.66666666666666663        6.5310907329627553E-007
   9.6666666666666661        1.0000000000000000        1.1058137139878801E-006
   9.6666666666666661        1.3333333333333333        1.4809735464524116E-006
   9.6666666666666661        1.6666666666666665        2.2433293904228031E-006
   9.6666666666666661        2.0000000000000000        5.8262041900574203E-007
   9.6666666666666661        2.3333333333333330        1.8718189438838097E-007
   9.6666666666666661        2.6666666666666665        1.5698849663172062E-007
   9.6666666666666661        3.0000000000000000        3.3164508392237223E-007
   9.6666666666666661        3.3333333333333330        7.7286848629532224E-007
   9.6666666666666661        3.6666666666666665        1.2204133583765978E-006
   9.6666666666666661        4.0000000000000000        3.8891842225152311E-007
   9.6666666666666661        4.3333333333333330        1.0472643793849426E-006
   9.6666666666666661        4.6666666666666661        3.5832438381676166E-006
   9.6666666666666661        5.0000000000000000        1.4204630622493917E-005
   9.6666666666666661        5.3333333333333330        2.6274821321230810E-005
   9.6666666666666661        5.6666666666666661        3.6849716975289361E-006
   9.6666666666666661        6.0000000000000000        9.8581239189788324E-006
   9.6666666666666661        6.3333333333333330        1.2144509361770160E-005
   9.6666666666666661        6.6666666666666661        8.0864828646323525E-006
   9.6666666666666661        7.0000000000000000        4.1042775586580488E-006
   9.6666666666666661        7.3333333333333330        2.6384292277079301E-006
   9.6666666666666661        7.6666666666666661        2.0203374486437813E-006
   9.6666666666666661        8.0000000000000000        1.2892160803274606E-006
   9.6666666666666661        8.3333333333333321        3.4133032574188478E-007
   9.6666666666666661        8.6666666666666661        1.2813083875922101E-007
   9.6666666666666661        9.0000000000000000        1.0615001859484280E-007
   9.6666666666666661        9.3333333333333321        6.2528825084516449E-008
   9.6666666666666661        9.6666666666666661        2.2239793631554078E-008
   9.6666666666666661        10.000000000000000        0.0000000000000000     
 
   10.000000000000000        0.0000000000000000        0.0000000000000000     
   10.000000000000000       0.33333333333333331        0.0000000000000000     
   10.000000000000000       0.66666666666666663        0.0000000000000000     
   10.000000000000000        1.0000000000000000        0.0000000000000000     
   10.000000000000000        1.3333333333333333        0.0000000000000000     
   10.000000000000000        1.6666666666666665        0.0000000000000000     
   10.000000000000000        2.0000000000000000        0.0000000000000000     
   10.000000000000000        2.3333333333333330        0.0000000000000000     
   10.000000000000000        2.6666666666666665        0.0000000000000000     
   10.000000000000000        3.0000000000000000        0.0000000000000000     
   10.000000000000000        3.3333333333333330        0.0000000000000000     
   10.000000000000000        3.6666666666666665        0.0000000000000000     
   10.000000000000000        4.0000000000000000        0.0000000000000000     
   10.000000000000000        4.3333333333333330        0.0000000000000000     
   10.000000000000000        4.6666666666666661        0.0000000000000000     
   10.000000000000000        5.0000000000000000        0.0000000000000000     
   10.000000000000000        5.3333333333333330        0.0000000000000000     
   10.000000000000000        5.6666666666666661        0.0000000000000000     
   10.000000000000000        6.0000000000000000        0.0000000000000000     
   10.000000000000000        6.3333333333333330        0.0000000000000000     
   10.000000000000000        6.6666666666666661        0.0000000000000000     
   10.000000000000000        7.0000000000000000        0.0000000000000000     
   10.000000000000000        7.3333333333333330        0.0000000000000000     
   10.000000000000000        7.6666666666666661        0.0000000000000000     
   10.000000000000000        8.0000000000000000        0.0000000000000000     
   10.000000000000000        8.3333333333333321        0.0000000000000000     
   10.000000000000000        8.6666666666666661        0.0000000000000000     
   10.000000000000000        9.0000000000000000        0.0000000000000000     
   10.000000000000000        9.3333333333333321        0.0000000000000000     
   10.000000000000000        9.6666666666666661        0.0000000000000000     
   10.000000000000000        10.000000000000000        0.0000000000000000     
 
