   0.0000000000000000        0.0000000000000000        0.0000000000000000     
   0.0000000000000000       0.33333333333333331        0.0000000000000000     
   0.0000000000000000       0.66666666666666663        0.0000000000000000     
   0.0000000000000000        1.0000000000000000        0.0000000000000000     
   0.0000000000000000        1.3333333333333333        0.0000000000000000     
   0.0000000000000000        1.6666666666666665        0.0000000000000000     
   0.0000000000000000        2.0000000000000000        0.0000000000000000     
   0.0000000000000000        2.3333333333333330        0.0000000000000000     
   0.0000000000000000        2.6666666666666665        0.0000000000000000     
   0.0000000000000000        3.0000000000000000        0.0000000000000000     
   0.0000000000000000        3.3333333333333330        0.0000000000000000     
   0.0000000000000000        3.6666666666666665        0.0000000000000000     
   0.0000000000000000        4.0000000000000000        0.0000000000000000     
   0.0000000000000000        4.3333333333333330        0.0000000000000000     
   0.0000000000000000        4.6666666666666661        0.0000000000000000     
   0.0000000000000000        5.0000000000000000        0.0000000000000000     
   0.0000000000000000        5.3333333333333330        0.0000000000000000     
   0.0000000000000000        5.6666666666666661        0.0000000000000000     
   0.0000000000000000        6.0000000000000000        0.0000000000000000     
   0.0000000000000000        6.3333333333333330        0.0000000000000000     
   0.0000000000000000        6.6666666666666661        0.0000000000000000     
   0.0000000000000000        7.0000000000000000        0.0000000000000000     
   0.0000000000000000        7.3333333333333330        0.0000000000000000     
   0.0000000000000000        7.6666666666666661        0.0000000000000000     
   0.0000000000000000        8.0000000000000000        0.0000000000000000     
   0.0000000000000000        8.3333333333333321        0.0000000000000000     
   0.0000000000000000        8.6666666666666661        0.0000000000000000     
   0.0000000000000000        9.0000000000000000        0.0000000000000000     
   0.0000000000000000        9.3333333333333321        0.0000000000000000     
   0.0000000000000000        9.6666666666666661        0.0000000000000000     
   0.0000000000000000        10.000000000000000        0.0000000000000000     
 
  0.33333333333333331        0.0000000000000000        0.0000000000000000     
  0.33333333333333331       0.33333333333333331        1.3561396896121797E-007
  0.33333333333333331       0.66666666666666663        2.2027901596846704E-007
  0.33333333333333331        1.0000000000000000        1.6948372357399657E-007
  0.33333333333333331        1.3333333333333333        4.0444448696825173E-007
  0.33333333333333331        1.6666666666666665        7.4328521419531149E-007
  0.33333333333333331        2.0000000000000000        1.5276129833403285E-006
  0.33333333333333331        2.3333333333333330        2.4590724640924981E-006
  0.33333333333333331        2.6666666666666665        2.7538219630010537E-006
  0.33333333333333331        3.0000000000000000        7.5394994425783980E-006
  0.33333333333333331        3.3333333333333330        9.0760869701973106E-006
  0.33333333333333331        3.6666666666666665        7.3608620784484802E-006
  0.33333333333333331        4.0000000000000000        6.6808128108178282E-006
  0.33333333333333331        4.3333333333333330        7.2611398840143217E-006
  0.33333333333333331        4.6666666666666661        5.3735261751940562E-006
  0.33333333333333331        5.0000000000000000        1.2217391200269546E-005
  0.33333333333333331        5.3333333333333330        3.8714733000593452E-005
  0.33333333333333331        5.6666666666666661        5.8847261829581048E-005
  0.33333333333333331        6.0000000000000000        7.9152155628015795E-005
  0.33333333333333331        6.3333333333333330        9.9503654076440321E-005
  0.33333333333333331        6.6666666666666661        5.6585003646950059E-005
  0.33333333333333331        7.0000000000000000        1.0359268211747968E-004
  0.33333333333333331        7.3333333333333330        3.4799382574302868E-005
  0.33333333333333331        7.6666666666666661        2.1679018501735297E-005
  0.33333333333333331        8.0000000000000000        1.2551391359603533E-005
  0.33333333333333331        8.3333333333333321        6.0649032893704572E-006
  0.33333333333333331        8.6666666666666661        3.4309450071910465E-006
  0.33333333333333331        9.0000000000000000        2.0102450889694012E-006
  0.33333333333333331        9.3333333333333321        8.8375557268898126E-007
  0.33333333333333331        9.6666666666666661        3.2680719863881028E-007
  0.33333333333333331        10.000000000000000        0.0000000000000000     
 
  0.66666666666666663        0.0000000000000000        0.0000000000000000     
  0.66666666666666663       0.33333333333333331        4.1362247760860705E-007
  0.66666666666666663       0.66666666666666663        7.2455050682130829E-007
  0.66666666666666663        1.0000000000000000        1.3180913069398510E-006
  0.66666666666666663        1.3333333333333333        9.7961817670784403E-007
  0.66666666666666663        1.6666666666666665        1.5372569855005082E-006
  0.66666666666666663        2.0000000000000000        3.9070050989967652E-006
  0.66666666666666663        2.3333333333333330        7.1338871184275836E-006
  0.66666666666666663        2.6666666666666665        2.1879584159577219E-005
  0.66666666666666663        3.0000000000000000        2.2959485985965021E-005
  0.66666666666666663        3.3333333333333330        2.6923136426323058E-005
  0.66666666666666663        3.6666666666666665        1.8248855162514490E-005
  0.66666666666666663        4.0000000000000000        1.6300561768664291E-005
  0.66666666666666663        4.3333333333333330        2.1533868379998191E-005
  0.66666666666666663        4.6666666666666661        0.0000000000000000     
  0.66666666666666663        5.0000000000000000        7.9721579142703444E-005
  0.66666666666666663        5.3333333333333330        1.0681286052848303E-004
  0.66666666666666663        5.6666666666666661        1.5206104112999206E-004
  0.66666666666666663        6.0000000000000000        2.0428395529797921E-004
  0.66666666666666663        6.3333333333333330        3.1923986564813864E-004
  0.66666666666666663        6.6666666666666661        4.9054208537088360E-004
  0.66666666666666663        7.0000000000000000        3.8342611113183087E-004
  0.66666666666666663        7.3333333333333330        3.2346527102292937E-005
  0.66666666666666663        7.6666666666666661        5.2711948785900584E-005
  0.66666666666666663        8.0000000000000000        3.0352598995435287E-005
  0.66666666666666663        8.3333333333333321        1.2181449250102867E-005
  0.66666666666666663        8.6666666666666661        7.9026975904802826E-006
  0.66666666666666663        9.0000000000000000        5.0668104573221220E-006
  0.66666666666666663        9.3333333333333321        1.7968005949905959E-006
  0.66666666666666663        9.6666666666666661        6.4748168276719637E-007
  0.66666666666666663        10.000000000000000        0.0000000000000000     
 
   1.0000000000000000        0.0000000000000000        0.0000000000000000     
   1.0000000000000000       0.33333333333333331        1.0688031731616255E-006
   1.0000000000000000       0.66666666666666663        2.0191284167567177E-006
   1.0000000000000000        1.0000000000000000        2.5350579623230180E-006
   1.0000000000000000        1.3333333333333333        1.3180913069398510E-006
   1.0000000000000000        1.6666666666666665        5.4629988214500014E-006
   1.0000000000000000        2.0000000000000000        7.9518908734450119E-006
   1.0000000000000000        2.3333333333333330        1.9545498834333259E-005
   1.0000000000000000        2.6666666666666665        3.4263498737559207E-005
   1.0000000000000000        3.0000000000000000        4.9334092922276101E-005
   1.0000000000000000        3.3333333333333330        7.3310980338540436E-005
   1.0000000000000000        3.6666666666666665        3.3504171057522432E-005
   1.0000000000000000        4.0000000000000000        2.8833391572171809E-005
   1.0000000000000000        4.3333333333333330        5.4242184229875597E-005
   1.0000000000000000        4.6666666666666661        6.2337994153562312E-005
   1.0000000000000000        5.0000000000000000        1.0056737796531711E-004
   1.0000000000000000        5.3333333333333330        2.1903441363225288E-004
   1.0000000000000000        5.6666666666666661        3.2533737824860370E-004
   1.0000000000000000        6.0000000000000000        3.8282830616746935E-004
   1.0000000000000000        6.3333333333333330        8.3088016937329240E-004
   1.0000000000000000        6.6666666666666661        8.7552521470363480E-004
   1.0000000000000000        7.0000000000000000        7.7471710291167535E-004
   1.0000000000000000        7.3333333333333330        4.5308441607123012E-004
   1.0000000000000000        7.6666666666666661        1.5850444900695855E-004
   1.0000000000000000        8.0000000000000000        6.2790785622343059E-005
   1.0000000000000000        8.3333333333333321        2.2405285191559892E-005
   1.0000000000000000        8.6666666666666661        1.6068762752678621E-005
   1.0000000000000000        9.0000000000000000        1.1894114336790657E-005
   1.0000000000000000        9.3333333333333321        5.3679023368119991E-007
   1.0000000000000000        9.6666666666666661        9.0644723532886123E-007
   1.0000000000000000        10.000000000000000        0.0000000000000000     
 
   1.3333333333333333        0.0000000000000000        0.0000000000000000     
   1.3333333333333333       0.33333333333333331        2.5379781274396123E-006
   1.3333333333333333       0.66666666666666663        5.0563363971632249E-006
   1.3333333333333333        1.0000000000000000        7.1248329626093240E-006
   1.3333333333333333        1.3333333333333333        1.1866162139956153E-005
   1.3333333333333333        1.6666666666666665        6.5460056184239929E-006
   1.3333333333333333        2.0000000000000000        3.6972224611217318E-005
   1.3333333333333333        2.3333333333333330        4.0862235007300413E-005
   1.3333333333333333        2.6666666666666665        6.6868466381795702E-005
   1.3333333333333333        3.0000000000000000        9.5633500418823252E-005
   1.3333333333333333        3.3333333333333330        2.2499438991291785E-004
   1.3333333333333333        3.6666666666666665        4.4329182193198976E-004
   1.3333333333333333        4.0000000000000000        1.8213498103769170E-004
   1.3333333333333333        4.3333333333333330        1.4463425364457988E-004
   1.3333333333333333        4.6666666666666661        3.3968065074955323E-004
   1.3333333333333333        5.0000000000000000        3.8966498435057698E-004
   1.3333333333333333        5.3333333333333330        4.6660803617157434E-004
   1.3333333333333333        5.6666666666666661        7.2617122304022405E-004
   1.3333333333333333        6.0000000000000000        2.7388277267009391E-003
   1.3333333333333333        6.3333333333333330        2.1878252135033738E-003
   1.3333333333333333        6.6666666666666661        1.8796329234587344E-003
   1.3333333333333333        7.0000000000000000        1.4909812478696924E-003
   1.3333333333333333        7.3333333333333330        1.0049373679543194E-003
   1.3333333333333333        7.6666666666666661        2.2942465499519334E-005
   1.3333333333333333        8.0000000000000000        3.7680330498335742E-005
   1.3333333333333333        8.3333333333333321        4.2893233297070841E-005
   1.3333333333333333        8.6666666666666661        3.2326117289842120E-005
   1.3333333333333333        9.0000000000000000        2.2235565466402655E-005
   1.3333333333333333        9.3333333333333321        7.6929580308594745E-006
   1.3333333333333333        9.6666666666666661        3.0484428413904510E-006
   1.3333333333333333        10.000000000000000        0.0000000000000000     
 
   1.6666666666666665        0.0000000000000000        0.0000000000000000     
   1.6666666666666665       0.33333333333333331        5.6425223061963465E-006
   1.6666666666666665       0.66666666666666663        1.1740501997878038E-005
   1.6666666666666665        1.0000000000000000        1.8252262484688974E-005
   1.6666666666666665        1.3333333333333333        2.4610099209235326E-005
   1.6666666666666665        1.6666666666666665        7.7457691186066227E-005
   1.6666666666666665        2.0000000000000000        5.5806505149751707E-005
   1.6666666666666665        2.3333333333333330        6.4726848025868267E-005
   1.6666666666666665        2.6666666666666665        1.3573638233226978E-004
   1.6666666666666665        3.0000000000000000        5.9791444146823031E-004
   1.6666666666666665        3.3333333333333330        6.2794324209001508E-004
   1.6666666666666665        3.6666666666666665        6.8282703623806225E-004
   1.6666666666666665        4.0000000000000000        3.2331601388288186E-004
   1.6666666666666665        4.3333333333333330        2.8072988017144285E-004
   1.6666666666666665        4.6666666666666661        5.2993931950494420E-004
   1.6666666666666665        5.0000000000000000        5.3020035208649569E-004
   1.6666666666666665        5.3333333333333330        7.8400484066866916E-004
   1.6666666666666665        5.6666666666666661        1.7634165266866061E-003
   1.6666666666666665        6.0000000000000000        4.6412490409809305E-003
   1.6666666666666665        6.3333333333333330        4.4036606754508569E-003
   1.6666666666666665        6.6666666666666661        3.9299514915971563E-003
   1.6666666666666665        7.0000000000000000        3.0892038491793696E-003
   1.6666666666666665        7.3333333333333330        1.6189365752572005E-003
   1.6666666666666665        7.6666666666666661        2.1223952693731721E-005
   1.6666666666666665        8.0000000000000000        4.5508816251093502E-005
   1.6666666666666665        8.3333333333333321        1.0535760618329895E-004
   1.6666666666666665        8.6666666666666661        6.8125341593314184E-005
   1.6666666666666665        9.0000000000000000        3.6526721401392008E-005
   1.6666666666666665        9.3333333333333321        1.7314256391040984E-005
   1.6666666666666665        9.6666666666666661        5.5888339403952396E-006
   1.6666666666666665        10.000000000000000        0.0000000000000000     
 
   2.0000000000000000        0.0000000000000000        0.0000000000000000     
   2.0000000000000000       0.33333333333333331        1.1801890363085852E-005
   2.0000000000000000       0.66666666666666663        2.5249110611512545E-005
   2.0000000000000000        1.0000000000000000        4.0652958333415943E-005
   2.0000000000000000        1.3333333333333333        5.8543800097359925E-005
   2.0000000000000000        1.6666666666666665        1.4432287828601597E-004
   2.0000000000000000        2.0000000000000000        7.7457691186066227E-005
   2.0000000000000000        2.3333333333333330        2.2478874446339289E-004
   2.0000000000000000        2.6666666666666665        3.5227681183992021E-004
   2.0000000000000000        3.0000000000000000        8.8666318465645049E-004
   2.0000000000000000        3.3333333333333330        1.3320231456981492E-003
   2.0000000000000000        3.6666666666666665        1.6861513568167692E-003
   2.0000000000000000        4.0000000000000000        2.4715754259416623E-003
   2.0000000000000000        4.3333333333333330        3.1457436971654507E-003
   2.0000000000000000        4.6666666666666661        1.2518001034102009E-003
   2.0000000000000000        5.0000000000000000        7.0446525004418147E-004
   2.0000000000000000        5.3333333333333330        0.0000000000000000     
   2.0000000000000000        5.6666666666666661        2.6727496921755554E-002
   2.0000000000000000        6.0000000000000000        1.1790074689776268E-002
   2.0000000000000000        6.3333333333333330        8.9501809171715109E-003
   2.0000000000000000        6.6666666666666661        8.2555255792244320E-003
   2.0000000000000000        7.0000000000000000        6.8578853669611925E-003
   2.0000000000000000        7.3333333333333330        6.1769157729922645E-006
   2.0000000000000000        7.6666666666666661        1.0328991301726647E-005
   2.0000000000000000        8.0000000000000000        7.4284146212147070E-004
   2.0000000000000000        8.3333333333333321        3.2649917579090376E-004
   2.0000000000000000        8.6666666666666661        1.3908932157973174E-004
   2.0000000000000000        9.0000000000000000        6.0923461884869896E-005
   2.0000000000000000        9.3333333333333321        3.0364130895691065E-005
   2.0000000000000000        9.6666666666666661        3.9942647615210765E-006
   2.0000000000000000        10.000000000000000        0.0000000000000000     
 
   2.3333333333333330        0.0000000000000000        0.0000000000000000     
   2.3333333333333330       0.33333333333333331        2.3481551378971717E-005
   2.3333333333333330       0.66666666666666663        5.1956133652391999E-005
   2.3333333333333330        1.0000000000000000        8.4592338759054465E-005
   2.3333333333333330        1.3333333333333333        3.5585806555224676E-004
   2.3333333333333330        1.6666666666666665        4.4415650831193700E-004
   2.3333333333333330        2.0000000000000000        1.2896305507068587E-003
   2.3333333333333330        2.3333333333333330        2.0415958065979115E-003
   2.3333333333333330        2.6666666666666665        2.3309549794183226E-003
   2.3333333333333330        3.0000000000000000        1.7184822898081804E-003
   2.3333333333333330        3.3333333333333330        2.7810581271055430E-003
   2.3333333333333330        3.6666666666666665        3.8467805556599579E-003
   2.3333333333333330        4.0000000000000000        3.7021104624933251E-003
   2.3333333333333330        4.3333333333333330        6.5101840238712206E-003
   2.3333333333333330        4.6666666666666661        2.1179257405844063E-002
   2.3333333333333330        5.0000000000000000        4.1022787484735722E-002
   2.3333333333333330        5.3333333333333330        6.0178716936603330E-002
   2.3333333333333330        5.6666666666666661        5.1778460961802844E-002
   2.3333333333333330        6.0000000000000000        2.6580991007519473E-002
   2.3333333333333330        6.3333333333333330        1.5354401146598874E-002
   2.3333333333333330        6.6666666666666661        1.7039134344957442E-002
   2.3333333333333330        7.0000000000000000        1.2456281283280111E-002
   2.3333333333333330        7.3333333333333330        8.9915675853143827E-003
   2.3333333333333330        7.6666666666666661        4.2657233472842785E-003
   2.3333333333333330        8.0000000000000000        1.5649332749841901E-003
   2.3333333333333330        8.3333333333333321        5.0209323931953197E-004
   2.3333333333333330        8.6666666666666661        1.8167544691865029E-004
   2.3333333333333330        9.0000000000000000        7.4424578732784031E-005
   2.3333333333333330        9.3333333333333321        3.1719081026787228E-005
   2.3333333333333330        9.6666666666666661        1.0557461543469883E-005
   2.3333333333333330        10.000000000000000        0.0000000000000000     
 
   2.6666666666666665        0.0000000000000000        0.0000000000000000     
   2.6666666666666665       0.33333333333333331        4.4065953484111530E-005
   2.6666666666666665       0.66666666666666663        1.0480802126923560E-004
   2.6666666666666665        1.0000000000000000        2.0962638914228971E-004
   2.6666666666666665        1.3333333333333333        4.6256177211389003E-004
   2.6666666666666665        1.6666666666666665        1.0676939789159917E-003
   2.6666666666666665        2.0000000000000000        1.9530466240227028E-003
   2.6666666666666665        2.3333333333333330        3.0539182590488285E-003
   2.6666666666666665        2.6666666666666665        4.0596960548529310E-003
   2.6666666666666665        3.0000000000000000        7.2283851804653080E-003
   2.6666666666666665        3.3333333333333330        5.5130881105451808E-003
   2.6666666666666665        3.6666666666666665        8.9213811035150688E-003
   2.6666666666666665        4.0000000000000000        1.0789714729925943E-002
   2.6666666666666665        4.3333333333333330        1.5525241227084551E-002
   2.6666666666666665        4.6666666666666661        2.9695841915674061E-002
   2.6666666666666665        5.0000000000000000        5.5932321019591634E-002
   2.6666666666666665        5.3333333333333330        8.8476517122788187E-002
   2.6666666666666665        5.6666666666666661        8.5896821593204387E-002
   2.6666666666666665        6.0000000000000000        4.8061657589923999E-002
   2.6666666666666665        6.3333333333333330        5.5363246000208789E-002
   2.6666666666666665        6.6666666666666661        3.9225321965154172E-002
   2.6666666666666665        7.0000000000000000        1.9006434004448548E-002
   2.6666666666666665        7.3333333333333330        1.3330943352010505E-002
   2.6666666666666665        7.6666666666666661        9.0838329670052710E-003
   2.6666666666666665        8.0000000000000000        1.3100790440030341E-004
   2.6666666666666665        8.3333333333333321        2.0933581275257160E-004
   2.6666666666666665        8.6666666666666661        1.1495943068517453E-004
   2.6666666666666665        9.0000000000000000        6.7779224069425601E-005
   2.6666666666666665        9.3333333333333321        3.1111427174029352E-005
   2.6666666666666665        9.6666666666666661        1.3168835576735339E-005
   2.6666666666666665        10.000000000000000        0.0000000000000000     
 
   3.0000000000000000        0.0000000000000000        0.0000000000000000     
   3.0000000000000000       0.33333333333333331        7.3378755436274016E-005
   3.0000000000000000       0.66666666666666663        1.7285198512849597E-004
   3.0000000000000000        1.0000000000000000        3.0180318392259152E-004
   3.0000000000000000        1.3333333333333333        1.3991590431122350E-003
   3.0000000000000000        1.6666666666666665        1.9459537162314056E-003
   3.0000000000000000        2.0000000000000000        3.3428797969807761E-003
   3.0000000000000000        2.3333333333333330        5.5722234147145625E-003
   3.0000000000000000        2.6666666666666665        8.5967850853124438E-003
   3.0000000000000000        3.0000000000000000        1.2009169461714275E-002
   3.0000000000000000        3.3333333333333330        2.3512253088320230E-002
   3.0000000000000000        3.6666666666666665        2.0954422798454657E-002
   3.0000000000000000        4.0000000000000000        1.4970839428560135E-002
   3.0000000000000000        4.3333333333333330        2.1331550561961184E-002
   3.0000000000000000        4.6666666666666661        3.6864549202852648E-002
   3.0000000000000000        5.0000000000000000        8.2342284458230094E-002
   3.0000000000000000        5.3333333333333330       0.17695923370239788     
   3.0000000000000000        5.6666666666666661       0.18024449828913458     
   3.0000000000000000        6.0000000000000000       0.16940825744199811     
   3.0000000000000000        6.3333333333333330        9.1779649960817777E-002
   3.0000000000000000        6.6666666666666661        8.0220650177022901E-002
   3.0000000000000000        7.0000000000000000        3.5339218168514243E-002
   3.0000000000000000        7.3333333333333330        2.2201215455610136E-002
   3.0000000000000000        7.6666666666666661        1.3905310229837806E-002
   3.0000000000000000        8.0000000000000000        5.0355099339432375E-003
   3.0000000000000000        8.3333333333333321        4.2233040789908466E-005
   3.0000000000000000        8.6666666666666661        6.8923152713628612E-005
   3.0000000000000000        9.0000000000000000        9.1645832646800434E-005
   3.0000000000000000        9.3333333333333321        4.1324877905361179E-005
   3.0000000000000000        9.6666666666666661        1.9282211804902345E-005
   3.0000000000000000        10.000000000000000        0.0000000000000000     
 
   3.3333333333333330        0.0000000000000000        0.0000000000000000     
   3.3333333333333330       0.33333333333333331        1.1784865900564574E-004
   3.3333333333333330       0.66666666666666663        3.0653696510806876E-004
   3.3333333333333330        1.0000000000000000        6.8480881141616101E-004
   3.3333333333333330        1.3333333333333333        1.5540623573122841E-003
   3.3333333333333330        1.6666666666666665        2.9057754573256203E-003
   3.3333333333333330        2.0000000000000000        5.4118175625556698E-003
   3.3333333333333330        2.3333333333333330        9.6696444276801324E-003
   3.3333333333333330        2.6666666666666665        1.6202280520483562E-002
   3.3333333333333330        3.0000000000000000        2.4824042825543690E-002
   3.3333333333333330        3.3333333333333330        3.4524067719150904E-002
   3.3333333333333330        3.6666666666666665        3.7874988375298818E-002
   3.3333333333333330        4.0000000000000000        3.3379109425286137E-002
   3.3333333333333330        4.3333333333333330        2.6192948856712823E-002
   3.3333333333333330        4.6666666666666661        2.6516046104859470E-002
   3.3333333333333330        5.0000000000000000       0.42496306176797133     
   3.3333333333333330        5.3333333333333330       0.39577716624444770     
   3.3333333333333330        5.6666666666666661       0.32049631866898382     
   3.3333333333333330        6.0000000000000000       0.29255135544723637     
   3.3333333333333330        6.3333333333333330       0.20882065018792209     
   3.3333333333333330        6.6666666666666661       0.13619411155819222     
   3.3333333333333330        7.0000000000000000        6.2016379996375263E-002
   3.3333333333333330        7.3333333333333330        3.5398802156800517E-002
   3.3333333333333330        7.6666666666666661        1.6600376740266855E-002
   3.3333333333333330        8.0000000000000000        7.5325922990872362E-003
   3.3333333333333330        8.3333333333333321        1.1743837552134295E-003
   3.3333333333333330        8.6666666666666661        3.5275576729177765E-004
   3.3333333333333330        9.0000000000000000        1.9298020702135469E-004
   3.3333333333333330        9.3333333333333321        8.8417589305245326E-005
   3.3333333333333330        9.6666666666666661        3.4483986326777348E-005
   3.3333333333333330        10.000000000000000        0.0000000000000000     
 
   3.6666666666666665        0.0000000000000000        0.0000000000000000     
   3.6666666666666665       0.33333333333333331        1.5596066372108812E-004
   3.6666666666666665       0.66666666666666663        4.1335733280454634E-004
   3.6666666666666665        1.0000000000000000        9.2501850070463379E-004
   3.6666666666666665        1.3333333333333333        1.9795419398998914E-003
   3.6666666666666665        1.6666666666666665        4.0337636740873485E-003
   3.6666666666666665        2.0000000000000000        8.0261611350796198E-003
   3.6666666666666665        2.3333333333333330        1.5301118153369136E-002
   3.6666666666666665        2.6666666666666665        2.7620779062043577E-002
   3.6666666666666665        3.0000000000000000        4.4952038994697338E-002
   3.6666666666666665        3.3333333333333330        6.2893401841297214E-002
   3.6666666666666665        3.6666666666666665        6.9814540033674349E-002
   3.6666666666666665        4.0000000000000000        5.2159601037748783E-002
   3.6666666666666665        4.3333333333333330        3.3379109425286137E-002
   3.6666666666666665        4.6666666666666661       0.54985089692654299     
   3.6666666666666665        5.0000000000000000       0.53661632803371040     
   3.6666666666666665        5.3333333333333330       0.72336657860182796     
   3.6666666666666665        5.6666666666666661       0.47489887927880448     
   3.6666666666666665        6.0000000000000000       0.44939084646942906     
   3.6666666666666665        6.3333333333333330       0.33414003259682851     
   3.6666666666666665        6.6666666666666661       0.23227583388531514     
   3.6666666666666665        7.0000000000000000        9.2801341118003464E-002
   3.6666666666666665        7.3333333333333330        5.4248932763087870E-002
   3.6666666666666665        7.6666666666666661        2.9468735547019272E-003
   3.6666666666666665        8.0000000000000000        4.4420993143422733E-003
   3.6666666666666665        8.3333333333333321        1.8039734623459848E-003
   3.6666666666666665        8.6666666666666661        7.0935375292357789E-004
   3.6666666666666665        9.0000000000000000        3.4942218173454864E-004
   3.6666666666666665        9.3333333333333321        1.3675959050746858E-004
   3.6666666666666665        9.6666666666666661        5.0875085627876260E-005
   3.6666666666666665        10.000000000000000        0.0000000000000000     
 
   4.0000000000000000        0.0000000000000000        0.0000000000000000     
   4.0000000000000000       0.33333333333333331        1.7656869831384638E-004
   4.0000000000000000       0.66666666666666663        4.8103611113802896E-004
   4.0000000000000000        1.0000000000000000        1.0809224436711263E-003
   4.0000000000000000        1.3333333333333333        2.3294191414498658E-003
   4.0000000000000000        1.6666666666666665        4.9741880996874883E-003
   4.0000000000000000        2.0000000000000000        1.0564732509879056E-002
   4.0000000000000000        2.3333333333333330        2.1460824444604169E-002
   4.0000000000000000        2.6666666666666665        4.3104757412234476E-002
   4.0000000000000000        3.0000000000000000        7.7735083242638489E-002
   4.0000000000000000        3.3333333333333330       0.11906957173268176     
   4.0000000000000000        3.6666666666666665       0.14403838845358394     
   4.0000000000000000        4.0000000000000000        8.7371547419565640E-002
   4.0000000000000000        4.3333333333333330       0.90632130919643250     
   4.0000000000000000        4.6666666666666661       0.67218282955147934     
   4.0000000000000000        5.0000000000000000        1.9269839711293233     
   4.0000000000000000        5.3333333333333330        1.5386252727844560     
   4.0000000000000000        5.6666666666666661        1.1174414398719679     
   4.0000000000000000        6.0000000000000000       0.76581658492704263     
   4.0000000000000000        6.3333333333333330       0.51096867146941338     
   4.0000000000000000        6.6666666666666661       0.28182901012807876     
   4.0000000000000000        7.0000000000000000       0.16091039009021738     
   4.0000000000000000        7.3333333333333330        4.0879562194697502E-002
   4.0000000000000000        7.6666666666666661        1.2091597982900232E-002
   4.0000000000000000        8.0000000000000000        7.5951963996430602E-003
   4.0000000000000000        8.3333333333333321        2.7628232233342883E-003
   4.0000000000000000        8.6666666666666661        8.8064092164095054E-004
   4.0000000000000000        9.0000000000000000        5.5155195688768026E-004
   4.0000000000000000        9.3333333333333321        1.3327598819204086E-004
   4.0000000000000000        9.6666666666666661        6.2109270867859010E-005
   4.0000000000000000        10.000000000000000        0.0000000000000000     
 
   4.3333333333333330        0.0000000000000000        0.0000000000000000     
   4.3333333333333330       0.33333333333333331        1.6339495605145160E-004
   4.3333333333333330       0.66666666666666663        5.0086076140371189E-004
   4.3333333333333330        1.0000000000000000        1.1158429173238737E-003
   4.3333333333333330        1.3333333333333333        2.3431719664485876E-003
   4.3333333333333330        1.6666666666666665        5.0486038207518966E-003
   4.3333333333333330        2.0000000000000000        1.1802043821827694E-002
   4.3333333333333330        2.3333333333333330        2.4132180574322756E-002
   4.3333333333333330        2.6666666666666665        5.8333476095916589E-002
   4.3333333333333330        3.0000000000000000       0.12350824590186350     
   4.3333333333333330        3.3333333333333330       0.21702534907589804     
   4.3333333333333330        3.6666666666666665       0.32689741335225420     
   4.3333333333333330        4.0000000000000000        1.1794819488613448     
   4.3333333333333330        4.3333333333333330        1.2275128083954494     
   4.3333333333333330        4.6666666666666661        2.3619022020375335     
   4.3333333333333330        5.0000000000000000        2.2126724618633196     
   4.3333333333333330        5.3333333333333330        1.9189680435544461     
   4.3333333333333330        5.6666666666666661        1.5068521705945170     
   4.3333333333333330        6.0000000000000000        1.0486942137591138     
   4.3333333333333330        6.3333333333333330       0.73207536573522014     
   4.3333333333333330        6.6666666666666661       0.27439961651177375     
   4.3333333333333330        7.0000000000000000       0.15061346755224816     
   4.3333333333333330        7.3333333333333330        5.5649898479324798E-002
   4.3333333333333330        7.6666666666666661        2.1523629187463325E-002
   4.3333333333333330        8.0000000000000000        9.5762835489451702E-003
   4.3333333333333330        8.3333333333333321        4.1117773652699337E-003
   4.3333333333333330        8.6666666666666661        1.6665746307874961E-003
   4.3333333333333330        9.0000000000000000        7.2102348433228684E-004
   4.3333333333333330        9.3333333333333321        2.7981969138404897E-004
   4.3333333333333330        9.6666666666666661        1.0011626977431602E-004
   4.3333333333333330        10.000000000000000        0.0000000000000000     
 
   4.6666666666666661        0.0000000000000000        0.0000000000000000     
   4.6666666666666661       0.33333333333333331        6.3119263804985564E-005
   4.6666666666666661       0.66666666666666663        7.0654145075053627E-004
   4.6666666666666661        1.0000000000000000        1.0856090423159873E-003
   4.6666666666666661        1.3333333333333333        1.9447321616311085E-003
   4.6666666666666661        1.6666666666666665        3.1615699665092176E-003
   4.6666666666666661        2.0000000000000000        8.2676423529880073E-003
   4.6666666666666661        2.3333333333333330        1.2729329180859760E-002
   4.6666666666666661        2.6666666666666665       0.13325349572456005     
   4.6666666666666661        3.0000000000000000       0.16794994874187805     
   4.6666666666666661        3.3333333333333330       0.33405246750461010     
   4.6666666666666661        3.6666666666666665       0.65859590848149352     
   4.6666666666666661        4.0000000000000000        1.1698674192820941     
   4.6666666666666661        4.3333333333333330        1.6136332244952136     
   4.6666666666666661        4.6666666666666661        2.2296372835129685     
   4.6666666666666661        5.0000000000000000        2.3995652199660409     
   4.6666666666666661        5.3333333333333330        2.2528534270982741     
   4.6666666666666661        5.6666666666666661        1.8840616741489580     
   4.6666666666666661        6.0000000000000000        1.2181354218610525     
   4.6666666666666661        6.3333333333333330       0.70260080605385711     
   4.6666666666666661        6.6666666666666661       0.45504790029452319     
   4.6666666666666661        7.0000000000000000        1.9169172751995145E-002
   4.6666666666666661        7.3333333333333330        2.7070918267827655E-002
   4.6666666666666661        7.6666666666666661        1.6640642166526536E-002
   4.6666666666666661        8.0000000000000000        9.0386761487288268E-003
   4.6666666666666661        8.3333333333333321        4.3108118249507834E-003
   4.6666666666666661        8.6666666666666661        1.7662225594820501E-003
   4.6666666666666661        9.0000000000000000        7.6029670608578927E-004
   4.6666666666666661        9.3333333333333321        3.1685066517328270E-004
   4.6666666666666661        9.6666666666666661        1.1476787864106071E-004
   4.6666666666666661        10.000000000000000        0.0000000000000000     
 
   5.0000000000000000        0.0000000000000000        0.0000000000000000     
   5.0000000000000000       0.33333333333333331        6.0763395525650603E-005
   5.0000000000000000       0.66666666666666663        6.7100908372707537E-004
   5.0000000000000000        1.0000000000000000        1.1255049438450657E-003
   5.0000000000000000        1.3333333333333333        2.1185285385369600E-003
   5.0000000000000000        1.6666666666666665        3.9263278636493173E-003
   5.0000000000000000        2.0000000000000000        7.2674153698938579E-003
   5.0000000000000000        2.3333333333333330        1.0603145808541610E-002
   5.0000000000000000        2.6666666666666665        8.7248006843701861E-002
   5.0000000000000000        3.0000000000000000       0.11567156873670162     
   5.0000000000000000        3.3333333333333330       0.75272944917961904     
   5.0000000000000000        3.6666666666666665       0.84167155521957837     
   5.0000000000000000        4.0000000000000000        1.2181856857210704     
   5.0000000000000000        4.3333333333333330        1.6987669001239638     
   5.0000000000000000        4.6666666666666661        2.2071522518431936     
   5.0000000000000000        5.0000000000000000        2.4819003860407367     
   5.0000000000000000        5.3333333333333330        2.4668916151511309     
   5.0000000000000000        5.6666666666666661        2.3627744444733643     
   5.0000000000000000        6.0000000000000000       0.43014202258528866     
   5.0000000000000000        6.3333333333333330       0.46091827550799780     
   5.0000000000000000        6.6666666666666661       0.12075747524509509     
   5.0000000000000000        7.0000000000000000        4.1334309552490192E-002
   5.0000000000000000        7.3333333333333330        2.6857370088156324E-002
   5.0000000000000000        7.6666666666666661        1.5560971801899580E-002
   5.0000000000000000        8.0000000000000000        9.5257490609880896E-003
   5.0000000000000000        8.3333333333333321        1.6496070035188813E-003
   5.0000000000000000        8.6666666666666661        1.1949052940737612E-003
   5.0000000000000000        9.0000000000000000        6.3263279348262124E-004
   5.0000000000000000        9.3333333333333321        2.8495930059183782E-004
   5.0000000000000000        9.6666666666666661        1.0656546524588778E-004
   5.0000000000000000        10.000000000000000        0.0000000000000000     
 
   5.3333333333333330        0.0000000000000000        0.0000000000000000     
   5.3333333333333330       0.33333333333333331        1.5299230674377523E-004
   5.3333333333333330       0.66666666666666663        5.7331512153732873E-004
   5.3333333333333330        1.0000000000000000        1.1975031176293597E-003
   5.3333333333333330        1.3333333333333333        2.4905755551638768E-003
   5.3333333333333330        1.6666666666666665        4.9268015046532564E-003
   5.3333333333333330        2.0000000000000000        9.3531243468342913E-003
   5.3333333333333330        2.3333333333333330        1.6057481186874535E-002
   5.3333333333333330        2.6666666666666665        9.0254926527849250E-002
   5.3333333333333330        3.0000000000000000       0.12381399144444376     
   5.3333333333333330        3.3333333333333330       0.57165468808703124     
   5.3333333333333330        3.6666666666666665       0.78419784121754554     
   5.3333333333333330        4.0000000000000000        1.1284054253666567     
   5.3333333333333330        4.3333333333333330        1.5647303902646550     
   5.3333333333333330        4.6666666666666661        2.0077655493295365     
   5.3333333333333330        5.0000000000000000        2.3003798096801580     
   5.3333333333333330        5.3333333333333330        2.2834342092914564     
   5.3333333333333330        5.6666666666666661       0.74279225224038126     
   5.3333333333333330        6.0000000000000000       0.47651116762721052     
   5.3333333333333330        6.3333333333333330       0.32133132638030520     
   5.3333333333333330        6.6666666666666661       0.15757869497338955     
   5.3333333333333330        7.0000000000000000        7.0370866350854225E-002
   5.3333333333333330        7.3333333333333330        3.3638865588671317E-002
   5.3333333333333330        7.6666666666666661        1.5608198034985657E-002
   5.3333333333333330        8.0000000000000000        8.1648635548471470E-003
   5.3333333333333330        8.3333333333333321        2.9379023170003891E-003
   5.3333333333333330        8.6666666666666661        1.3470611999992241E-003
   5.3333333333333330        9.0000000000000000        6.2853220246947652E-004
   5.3333333333333330        9.3333333333333321        2.4139466567641563E-004
   5.3333333333333330        9.6666666666666661        8.7028647282740205E-005
   5.3333333333333330        10.000000000000000        0.0000000000000000     
 
   5.6666666666666661        0.0000000000000000        0.0000000000000000     
   5.6666666666666661       0.33333333333333331        6.0715290733169456E-005
   5.6666666666666661       0.66666666666666663        1.1438869860828017E-004
   5.6666666666666661        1.0000000000000000        1.3667700347495476E-003
   5.6666666666666661        1.3333333333333333        2.8763644148172263E-003
   5.6666666666666661        1.6666666666666665        6.0662656164468445E-003
   5.6666666666666661        2.0000000000000000        1.2895654659164863E-002
   5.6666666666666661        2.3333333333333330        3.4124984626782269E-002
   5.6666666666666661        2.6666666666666665        8.4355085821604114E-002
   5.6666666666666661        3.0000000000000000       0.19969486375803575     
   5.6666666666666661        3.3333333333333330       0.43476829113112447     
   5.6666666666666661        3.6666666666666665       0.64729903512776721     
   5.6666666666666661        4.0000000000000000       0.92893698289708493     
   5.6666666666666661        4.3333333333333330        1.2717816924480125     
   5.6666666666666661        4.6666666666666661        1.6247565994437903     
   5.6666666666666661        5.0000000000000000        1.9584450342866282     
   5.6666666666666661        5.3333333333333330        1.6409941278656663     
   5.6666666666666661        5.6666666666666661        1.0421154151885683     
   5.6666666666666661        6.0000000000000000       0.27422709496202069     
   5.6666666666666661        6.3333333333333330       0.25035609843671286     
   5.6666666666666661        6.6666666666666661        7.6677099756552555E-002
   5.6666666666666661        7.0000000000000000        3.3381937138518808E-002
   5.6666666666666661        7.3333333333333330        1.3030394883952915E-002
   5.6666666666666661        7.6666666666666661        1.1331036506401580E-002
   5.6666666666666661        8.0000000000000000        2.5193962485640002E-003
   5.6666666666666661        8.3333333333333321        1.9823139151546208E-003
   5.6666666666666661        8.6666666666666661        1.3116009925752397E-003
   5.6666666666666661        9.0000000000000000        6.1845057554375994E-005
   5.6666666666666661        9.3333333333333321        9.9116849849136259E-005
   5.6666666666666661        9.6666666666666661        4.9908855587599809E-005
   5.6666666666666661        10.000000000000000        0.0000000000000000     
 
   6.0000000000000000        0.0000000000000000        0.0000000000000000     
   6.0000000000000000       0.33333333333333331        6.2989130372023008E-005
   6.0000000000000000       0.66666666666666663        1.7859582219559793E-004
   6.0000000000000000        1.0000000000000000        5.1202757597451274E-004
   6.0000000000000000        1.3333333333333333        0.0000000000000000     
   6.0000000000000000        1.6666666666666665        4.6678875535972209E-003
   6.0000000000000000        2.0000000000000000        6.7995290187153638E-003
   6.0000000000000000        2.3333333333333330        2.0339938993999874E-002
   6.0000000000000000        2.6666666666666665        3.6757563182224839E-002
   6.0000000000000000        3.0000000000000000       0.31011155750391556     
   6.0000000000000000        3.3333333333333330       0.39016670926009145     
   6.0000000000000000        3.6666666666666665       0.50368961982670812     
   6.0000000000000000        4.0000000000000000       0.68886511596568423     
   6.0000000000000000        4.3333333333333330       0.90446355484732455     
   6.0000000000000000        4.6666666666666661        1.0774856586399977     
   6.0000000000000000        5.0000000000000000       0.82591291021922297     
   6.0000000000000000        5.3333333333333330        1.0689184519540522     
   6.0000000000000000        5.6666666666666661       0.70011698947502543     
   6.0000000000000000        6.0000000000000000       0.34875120386334096     
   6.0000000000000000        6.3333333333333330       0.20814310659549665     
   6.0000000000000000        6.6666666666666661       0.10026047950801130     
   6.0000000000000000        7.0000000000000000        4.5280418339767786E-002
   6.0000000000000000        7.3333333333333330        2.0010814801672973E-002
   6.0000000000000000        7.6666666666666661        1.0116416980706831E-002
   6.0000000000000000        8.0000000000000000        4.2663244061570760E-003
   6.0000000000000000        8.3333333333333321        2.1417236346260951E-003
   6.0000000000000000        8.6666666666666661        1.2838464426534167E-003
   6.0000000000000000        9.0000000000000000        1.7806016916389509E-004
   6.0000000000000000        9.3333333333333321        1.0070022444916224E-004
   6.0000000000000000        9.6666666666666661        4.2774702729741796E-005
   6.0000000000000000        10.000000000000000        0.0000000000000000     
 
   6.3333333333333330        0.0000000000000000        0.0000000000000000     
   6.3333333333333330       0.33333333333333331        4.7538811920446705E-005
   6.3333333333333330       0.66666666666666663        1.2037323022934609E-004
   6.3333333333333330        1.0000000000000000        2.4971053837386555E-004
   6.3333333333333330        1.3333333333333333        5.2584291225591241E-004
   6.3333333333333330        1.6666666666666665        3.1245222387811973E-003
   6.3333333333333330        2.0000000000000000        5.6912707378722954E-003
   6.3333333333333330        2.3333333333333330        1.1469391588579705E-002
   6.3333333333333330        2.6666666666666665        1.7589588982397489E-002
   6.3333333333333330        3.0000000000000000        9.4307882287399340E-003
   6.3333333333333330        3.3333333333333330       0.28766697023839666     
   6.3333333333333330        3.6666666666666665       0.36068024686443034     
   6.3333333333333330        4.0000000000000000       0.47257914993802341     
   6.3333333333333330        4.3333333333333330       0.59809491308721330     
   6.3333333333333330        4.6666666666666661       0.68027987476807272     
   6.3333333333333330        5.0000000000000000       0.62164360409902764     
   6.3333333333333330        5.3333333333333330       0.27186291880869068     
   6.3333333333333330        5.6666666666666661       0.34893645197037937     
   6.3333333333333330        6.0000000000000000       0.25150224866990639     
   6.3333333333333330        6.3333333333333330       0.17323597958572978     
   6.3333333333333330        6.6666666666666661        9.6640777492843916E-002
   6.3333333333333330        7.0000000000000000        4.1498707909609495E-002
   6.3333333333333330        7.3333333333333330        1.8799098241439084E-002
   6.3333333333333330        7.6666666666666661        8.9467964582479655E-003
   6.3333333333333330        8.0000000000000000        4.1796962005939600E-003
   6.3333333333333330        8.3333333333333321        2.0671364307900150E-003
   6.3333333333333330        8.6666666666666661        1.0560560241735300E-003
   6.3333333333333330        9.0000000000000000        3.5562583210964463E-004
   6.3333333333333330        9.3333333333333321        1.4096187761480510E-004
   6.3333333333333330        9.6666666666666661        4.5682441120096282E-005
   6.3333333333333330        10.000000000000000        0.0000000000000000     
 
   6.6666666666666661        0.0000000000000000        0.0000000000000000     
   6.6666666666666661       0.33333333333333331        3.3737194896380195E-005
   6.6666666666666661       0.66666666666666663        7.2034858123861528E-005
   6.6666666666666661        1.0000000000000000        4.3898549995911157E-004
   6.6666666666666661        1.3333333333333333        8.1715382829549875E-004
   6.6666666666666661        1.6666666666666665        2.0373894868649938E-003
   6.6666666666666661        2.0000000000000000        3.8678973786749134E-003
   6.6666666666666661        2.3333333333333330        6.8876271524332105E-003
   6.6666666666666661        2.6666666666666665        1.1185460414982099E-002
   6.6666666666666661        3.0000000000000000        1.3823236273978499E-002
   6.6666666666666661        3.3333333333333330       0.13663337851418256     
   6.6666666666666661        3.6666666666666665       0.24947688260066195     
   6.6666666666666661        4.0000000000000000       0.30995651885470182     
   6.6666666666666661        4.3333333333333330       0.39435239929843408     
   6.6666666666666661        4.6666666666666661       0.47620640145557130     
   6.6666666666666661        5.0000000000000000       0.42435883047082995     
   6.6666666666666661        5.3333333333333330       0.24381673243523519     
   6.6666666666666661        5.6666666666666661       0.21092813203007821     
   6.6666666666666661        6.0000000000000000       0.17542039551316282     
   6.6666666666666661        6.3333333333333330        2.7489063081150098E-002
   6.6666666666666661        6.6666666666666661        1.4642343331699292E-002
   6.6666666666666661        7.0000000000000000        1.8051754909838111E-002
   6.6666666666666661        7.3333333333333330        1.1433740529862639E-002
   6.6666666666666661        7.6666666666666661        6.2820746504279323E-003
   6.6666666666666661        8.0000000000000000        3.2842834854950485E-003
   6.6666666666666661        8.3333333333333321        1.8815770090488803E-003
   6.6666666666666661        8.6666666666666661        2.7565673136835010E-004
   6.6666666666666661        9.0000000000000000        2.3866247174247324E-004
   6.6666666666666661        9.3333333333333321        4.6202792907247824E-005
   6.6666666666666661        9.6666666666666661        2.5514848009481683E-005
   6.6666666666666661        10.000000000000000        0.0000000000000000     
 
   7.0000000000000000        0.0000000000000000        0.0000000000000000     
   7.0000000000000000       0.33333333333333331        3.5148225297172021E-005
   7.0000000000000000       0.66666666666666663        1.0360260126075053E-004
   7.0000000000000000        1.0000000000000000        3.0304480932012202E-004
   7.0000000000000000        1.3333333333333333        6.9638024165640194E-004
   7.0000000000000000        1.6666666666666665        1.3420367046732401E-003
   7.0000000000000000        2.0000000000000000        2.6565707407400752E-003
   7.0000000000000000        2.3333333333333330        4.0648800368053000E-003
   7.0000000000000000        2.6666666666666665        1.5680027052601735E-002
   7.0000000000000000        3.0000000000000000        2.6782880201816121E-002
   7.0000000000000000        3.3333333333333330        6.3034031245051109E-002
   7.0000000000000000        3.6666666666666665       0.11096170671805292     
   7.0000000000000000        4.0000000000000000       0.18601141722193074     
   7.0000000000000000        4.3333333333333330       0.26021026857410512     
   7.0000000000000000        4.6666666666666661        1.2769149139673140E-002
   7.0000000000000000        5.0000000000000000        7.1127939646785293E-002
   7.0000000000000000        5.3333333333333330       0.11719634048370182     
   7.0000000000000000        5.6666666666666661       0.11565736469110702     
   7.0000000000000000        6.0000000000000000       0.10081185691140501     
   7.0000000000000000        6.3333333333333330        3.7391177587959547E-002
   7.0000000000000000        6.6666666666666661        1.6936141368330260E-002
   7.0000000000000000        7.0000000000000000        1.1152443183319153E-002
   7.0000000000000000        7.3333333333333330        7.0477898714883290E-003
   7.0000000000000000        7.6666666666666661        4.1171997604076303E-003
   7.0000000000000000        8.0000000000000000        2.2931319577510888E-003
   7.0000000000000000        8.3333333333333321        1.2086181431710875E-003
   7.0000000000000000        8.6666666666666661        4.6693830073847570E-004
   7.0000000000000000        9.0000000000000000        2.1894789689945593E-004
   7.0000000000000000        9.3333333333333321        9.4642337991559131E-005
   7.0000000000000000        9.6666666666666661        7.7276487265783078E-006
   7.0000000000000000        10.000000000000000        0.0000000000000000     
 
   7.3333333333333330        0.0000000000000000        0.0000000000000000     
   7.3333333333333330       0.33333333333333331        2.4031688284800662E-005
   7.3333333333333330       0.66666666666666663        6.3941941304542359E-005
   7.3333333333333330        1.0000000000000000        1.4227013336703940E-004
   7.3333333333333330        1.3333333333333333        3.8190257350988698E-004
   7.3333333333333330        1.6666666666666665        6.6629398508742221E-004
   7.3333333333333330        2.0000000000000000        2.4206075103773298E-003
   7.3333333333333330        2.3333333333333330        4.5827945851439171E-003
   7.3333333333333330        2.6666666666666665        1.1266951905524285E-002
   7.3333333333333330        3.0000000000000000        2.5000479539489567E-002
   7.3333333333333330        3.3333333333333330        4.7024331982712414E-002
   7.3333333333333330        3.6666666666666665        7.0463961058495922E-002
   7.3333333333333330        4.0000000000000000       0.11096170671805292     
   7.3333333333333330        4.3333333333333330        1.2769149139673140E-002
   7.3333333333333330        4.6666666666666661        1.8290778248919788E-002
   7.3333333333333330        5.0000000000000000        4.7326262210101090E-002
   7.3333333333333330        5.3333333333333330        6.8681500242493393E-002
   7.3333333333333330        5.6666666666666661        6.2765859568967311E-002
   7.3333333333333330        6.0000000000000000        1.1574308540787781E-002
   7.3333333333333330        6.3333333333333330        1.6042347681838424E-002
   7.3333333333333330        6.6666666666666661        1.0777939082399079E-002
   7.3333333333333330        7.0000000000000000        6.9735401687012902E-003
   7.3333333333333330        7.3333333333333330        4.4506060063172126E-003
   7.3333333333333330        7.6666666666666661        2.6910917920299851E-003
   7.3333333333333330        8.0000000000000000        1.6546357450324758E-003
   7.3333333333333330        8.3333333333333321        7.9918471017835708E-004
   7.3333333333333330        8.6666666666666661        4.1345640419788787E-004
   7.3333333333333330        9.0000000000000000        1.9818434321306608E-004
   7.3333333333333330        9.3333333333333321        7.3835690173803417E-005
   7.3333333333333330        9.6666666666666661        2.0179135337117023E-005
   7.3333333333333330        10.000000000000000        0.0000000000000000     
 
   7.6666666666666661        0.0000000000000000        0.0000000000000000     
   7.6666666666666661       0.33333333333333331        1.1513219712544299E-005
   7.6666666666666661       0.66666666666666663        2.3684251068256014E-005
   7.6666666666666661        1.0000000000000000        1.9714196781465523E-004
   7.6666666666666661        1.3333333333333333        3.1541263529780383E-004
   7.6666666666666661        1.6666666666666665        6.3752450053349908E-004
   7.6666666666666661        2.0000000000000000        1.4762199064783368E-003
   7.6666666666666661        2.3333333333333330        2.7395621277116230E-003
   7.6666666666666661        2.6666666666666665        4.7175489809058013E-003
   7.6666666666666661        3.0000000000000000        1.9943149212749032E-003
   7.6666666666666661        3.3333333333333330        1.8354897030402096E-002
   7.6666666666666661        3.6666666666666665        3.7206406866629779E-002
   7.6666666666666661        4.0000000000000000        5.3069246169182716E-004
   7.6666666666666661        4.3333333333333330        3.9774939636951041E-003
   7.6666666666666661        4.6666666666666661        7.4685103257117035E-003
   7.6666666666666661        5.0000000000000000        1.1772046287830799E-003
   7.6666666666666661        5.3333333333333330        1.6432261804902218E-002
   7.6666666666666661        5.6666666666666661        2.2926932989606911E-002
   7.6666666666666661        6.0000000000000000        1.1811798256846891E-002
   7.6666666666666661        6.3333333333333330        1.0361345130169966E-002
   7.6666666666666661        6.6666666666666661        7.4706312729735866E-003
   7.6666666666666661        7.0000000000000000        4.4843354216644793E-003
   7.6666666666666661        7.3333333333333330        3.0943977463704243E-003
   7.6666666666666661        7.6666666666666661        1.8171693313867037E-003
   7.6666666666666661        8.0000000000000000        2.2432311095704871E-004
   7.6666666666666661        8.3333333333333321        3.3394705054396514E-004
   7.6666666666666661        8.6666666666666661        3.8281306613637313E-005
   7.6666666666666661        9.0000000000000000        1.8292318430539749E-005
   7.6666666666666661        9.3333333333333321        2.5346136085797187E-005
   7.6666666666666661        9.6666666666666661        1.1199253421576490E-005
   7.6666666666666661        10.000000000000000        0.0000000000000000     
 
   8.0000000000000000        0.0000000000000000        0.0000000000000000     
   8.0000000000000000       0.33333333333333331        5.4428250317733272E-006
   8.0000000000000000       0.66666666666666663        1.0045916963274084E-005
   8.0000000000000000        1.0000000000000000        1.4082958190554217E-004
   8.0000000000000000        1.3333333333333333        2.2671798428812565E-004
   8.0000000000000000        1.6666666666666665        4.4120876945730024E-004
   8.0000000000000000        2.0000000000000000        8.7376361802638663E-004
   8.0000000000000000        2.3333333333333330        1.5364959969558474E-003
   8.0000000000000000        2.6666666666666665        2.3684478744025943E-003
   8.0000000000000000        3.0000000000000000        3.0449247917690766E-003
   8.0000000000000000        3.3333333333333330        7.2710020053295202E-003
   8.0000000000000000        3.6666666666666665        5.3069246169182716E-004
   8.0000000000000000        4.0000000000000000        8.2163926007738659E-004
   8.0000000000000000        4.3333333333333330        2.3367090828571944E-003
   8.0000000000000000        4.6666666666666661        3.3480992227149817E-003
   8.0000000000000000        5.0000000000000000        1.8065993697632041E-003
   8.0000000000000000        5.3333333333333330        4.6630236461882085E-003
   8.0000000000000000        5.6666666666666661        8.7624893232881584E-003
   8.0000000000000000        6.0000000000000000        7.0930855207992994E-003
   8.0000000000000000        6.3333333333333330        0.0000000000000000     
   8.0000000000000000        6.6666666666666661        1.6013959212180695E-003
   8.0000000000000000        7.0000000000000000        2.4407362746687159E-003
   8.0000000000000000        7.3333333333333330        2.7376359133930765E-004
   8.0000000000000000        7.6666666666666661        5.6151688127029466E-004
   8.0000000000000000        8.0000000000000000        2.4135812275600854E-004
   8.0000000000000000        8.3333333333333321        1.6056097189869002E-004
   8.0000000000000000        8.6666666666666661        6.1704373654325313E-005
   8.0000000000000000        9.0000000000000000        2.2604755161406147E-005
   8.0000000000000000        9.3333333333333321        1.3369816304406235E-005
   8.0000000000000000        9.6666666666666661        6.1287801919028900E-006
   8.0000000000000000        10.000000000000000        0.0000000000000000     
 
   8.3333333333333321        0.0000000000000000        0.0000000000000000     
   8.3333333333333321       0.33333333333333331        3.6733313030157347E-006
   8.3333333333333321       0.66666666666666663        7.3565806385343603E-006
   8.3333333333333321        1.0000000000000000        6.9812128263858168E-005
   8.3333333333333321        1.3333333333333333        1.4241311235174350E-004
   8.3333333333333321        1.6666666666666665        2.7495297601284354E-004
   8.3333333333333321        2.0000000000000000        5.1298801269460516E-004
   8.3333333333333321        2.3333333333333330        9.6456386871160568E-004
   8.3333333333333321        2.6666666666666665        1.3686393734657974E-003
   8.3333333333333321        3.0000000000000000        2.0559194621205981E-003
   8.3333333333333321        3.3333333333333330        3.7436518583347121E-003
   8.3333333333333321        3.6666666666666665        2.0066485747699520E-004
   8.3333333333333321        4.0000000000000000        3.1544399362766295E-004
   8.3333333333333321        4.3333333333333330        2.2358691327634264E-005
   8.3333333333333321        4.6666666666666661        1.0968160316759443E-005
   8.3333333333333321        5.0000000000000000        1.7315671699585635E-003
   8.3333333333333321        5.3333333333333330        2.5939252005449890E-003
   8.3333333333333321        5.6666666666666661        3.8476656563997650E-003
   8.3333333333333321        6.0000000000000000        3.7059643214924498E-003
   8.3333333333333321        6.3333333333333330        4.7130094221376493E-004
   8.3333333333333321        6.6666666666666661        0.0000000000000000     
   8.3333333333333321        7.0000000000000000        7.3129088001742270E-005
   8.3333333333333321        7.3333333333333330        1.3534849389243737E-004
   8.3333333333333321        7.6666666666666661        2.0522044451012851E-004
   8.3333333333333321        8.0000000000000000        1.5209389722724574E-004
   8.3333333333333321        8.3333333333333321        9.5951329454842330E-005
   8.3333333333333321        8.6666666666666661        9.1963373255367742E-006
   8.3333333333333321        9.0000000000000000        1.0873068409951820E-005
   8.3333333333333321        9.3333333333333321        7.7064207716910193E-006
   8.3333333333333321        9.6666666666666661        3.7972882403409102E-006
   8.3333333333333321        10.000000000000000        0.0000000000000000     
 
   8.6666666666666661        0.0000000000000000        0.0000000000000000     
   8.6666666666666661       0.33333333333333331        4.2978070402721871E-006
   8.6666666666666661       0.66666666666666663        1.3133473564579335E-005
   8.6666666666666661        1.0000000000000000        4.0441824129729833E-005
   8.6666666666666661        1.3333333333333333        8.3436782479386561E-005
   8.6666666666666661        1.6666666666666665        1.6243722577936914E-004
   8.6666666666666661        2.0000000000000000        2.2603445114025854E-004
   8.6666666666666661        2.3333333333333330        3.9361231193146969E-004
   8.6666666666666661        2.6666666666666665        8.1263346941841071E-004
   8.6666666666666661        3.0000000000000000        1.1271775773452983E-003
   8.6666666666666661        3.3333333333333330        0.0000000000000000     
   8.6666666666666661        3.6666666666666665        4.6071848225050765E-005
   8.6666666666666661        4.0000000000000000        9.6148709635764270E-005
   8.6666666666666661        4.3333333333333330        3.6181523952431990E-005
   8.6666666666666661        4.6666666666666661        1.7996052091163585E-005
   8.6666666666666661        5.0000000000000000        8.7921172396397457E-004
   8.6666666666666661        5.3333333333333330        1.3397994942968812E-003
   8.6666666666666661        5.6666666666666661        2.0257367092149140E-003
   8.6666666666666661        6.0000000000000000        1.8548398426776142E-003
   8.6666666666666661        6.3333333333333330        7.2573055391001806E-004
   8.6666666666666661        6.6666666666666661        5.5744481269784367E-005
   8.6666666666666661        7.0000000000000000        5.4075297756846733E-005
   8.6666666666666661        7.3333333333333330        6.5776821550799709E-005
   8.6666666666666661        7.6666666666666661        8.4397055097456164E-005
   8.6666666666666661        8.0000000000000000        1.7735424451827024E-005
   8.6666666666666661        8.3333333333333321        3.0918668804535636E-005
   8.6666666666666661        8.6666666666666661        1.3427275278750519E-005
   8.6666666666666661        9.0000000000000000        1.5228392065955596E-006
   8.6666666666666661        9.3333333333333321        5.7299476493729841E-007
   8.6666666666666661        9.6666666666666661        0.0000000000000000     
   8.6666666666666661        10.000000000000000        0.0000000000000000     
 
   9.0000000000000000        0.0000000000000000        0.0000000000000000     
   9.0000000000000000       0.33333333333333331        3.2056347073994070E-006
   9.0000000000000000       0.66666666666666663        8.8976439481197399E-006
   9.0000000000000000        1.0000000000000000        2.0799926533699585E-005
   9.0000000000000000        1.3333333333333333        3.9600786156372261E-005
   9.0000000000000000        1.6666666666666665        5.9233839744184786E-005
   9.0000000000000000        2.0000000000000000        1.3536355614636637E-004
   9.0000000000000000        2.3333333333333330        2.0323556919656986E-004
   9.0000000000000000        2.6666666666666665        3.3851295076621884E-007
   9.0000000000000000        3.0000000000000000        9.2464532312847551E-007
   9.0000000000000000        3.3333333333333330        1.0698843233116800E-005
   9.0000000000000000        3.6666666666666665        2.3193883681439245E-005
   9.0000000000000000        4.0000000000000000        4.1508599399233748E-005
   9.0000000000000000        4.3333333333333330        2.9783989409486570E-005
   9.0000000000000000        4.6666666666666661        1.9822504401965005E-006
   9.0000000000000000        5.0000000000000000        3.3646825865836494E-004
   9.0000000000000000        5.3333333333333330        5.2126094985114983E-004
   9.0000000000000000        5.6666666666666661        4.7143834291545685E-005
   9.0000000000000000        6.0000000000000000        1.1085742067389763E-004
   9.0000000000000000        6.3333333333333330        2.2153470221112915E-004
   9.0000000000000000        6.6666666666666661        9.0349817013704207E-005
   9.0000000000000000        7.0000000000000000        1.7710474544336970E-005
   9.0000000000000000        7.3333333333333330        2.7816615318396126E-005
   9.0000000000000000        7.6666666666666661        3.0529796445227408E-005
   9.0000000000000000        8.0000000000000000        1.5593869799260308E-005
   9.0000000000000000        8.3333333333333321        1.5204501473868463E-005
   9.0000000000000000        8.6666666666666661        8.5740703391430722E-006
   9.0000000000000000        9.0000000000000000        2.5467886123713940E-006
   9.0000000000000000        9.3333333333333321        9.6810925311496936E-007
   9.0000000000000000        9.6666666666666661        4.2280676355138722E-008
   9.0000000000000000        10.000000000000000        0.0000000000000000     
 
   9.3333333333333321        0.0000000000000000        0.0000000000000000     
   9.3333333333333321       0.33333333333333331        1.7561988895725330E-006
   9.3333333333333321       0.66666666666666663        4.2717291913586657E-006
   9.3333333333333321        1.0000000000000000        7.6142062655763433E-006
   9.3333333333333321        1.3333333333333333        8.9995879626284827E-006
   9.3333333333333321        1.6666666666666665        2.0231610152014976E-005
   9.3333333333333321        2.0000000000000000        8.6373042515596335E-007
   9.3333333333333321        2.3333333333333330        3.9175043695692535E-007
   9.3333333333333321        2.6666666666666665        5.7246941265185138E-007
   9.3333333333333321        3.0000000000000000        1.5456242067545562E-006
   9.3333333333333321        3.3333333333333330        4.8810208252966258E-006
   9.3333333333333321        3.6666666666666665        8.5373983244415507E-006
   9.3333333333333321        4.0000000000000000        0.0000000000000000     
   9.3333333333333321        4.3333333333333330        2.1107425307396312E-006
   9.3333333333333321        4.6666666666666661        3.2367489467973707E-006
   9.3333333333333321        5.0000000000000000        7.3486669417679418E-005
   9.3333333333333321        5.3333333333333330        1.5911400171586911E-004
   9.3333333333333321        5.6666666666666661        7.5183661221353104E-005
   9.3333333333333321        6.0000000000000000        6.2190703551515995E-005
   9.3333333333333321        6.3333333333333330        7.7540239458994984E-005
   9.3333333333333321        6.6666666666666661        4.4501472512891735E-005
   9.3333333333333321        7.0000000000000000        1.8539508273577611E-005
   9.3333333333333321        7.3333333333333330        1.4057755229515688E-005
   9.3333333333333321        7.6666666666666661        1.2525099193295636E-005
   9.3333333333333321        8.0000000000000000        8.5804655390398782E-006
   9.3333333333333321        8.3333333333333321        4.9479161465165451E-007
   9.3333333333333321        8.6666666666666661        4.1373116709186230E-007
   9.3333333333333321        9.0000000000000000        7.8544674925918149E-007
   9.3333333333333321        9.3333333333333321        4.3407081179073755E-007
   9.3333333333333321        9.6666666666666661        1.1418987810391473E-007
   9.3333333333333321        10.000000000000000        0.0000000000000000     
 
   9.6666666666666661        0.0000000000000000        0.0000000000000000     
   9.6666666666666661       0.33333333333333331        7.3056345983777864E-007
   9.6666666666666661       0.66666666666666663        1.6639906624014395E-006
   9.6666666666666661        1.0000000000000000        2.7779390431457299E-006
   9.6666666666666661        1.3333333333333333        3.6928833177006324E-006
   9.6666666666666661        1.6666666666666665        5.4532425924756590E-006
   9.6666666666666661        2.0000000000000000        1.4564116946414947E-006
   9.6666666666666661        2.3333333333333330        4.8027782992390502E-007
   9.6666666666666661        2.6666666666666665        3.9901070101437592E-007
   9.6666666666666661        3.0000000000000000        8.1254170043777841E-007
   9.6666666666666661        3.3333333333333330        1.8402586002040752E-006
   9.6666666666666661        3.6666666666666665        2.8539868813165208E-006
   9.6666666666666661        4.0000000000000000        8.7771507186223710E-007
   9.6666666666666661        4.3333333333333330        2.2985751336837845E-006
   9.6666666666666661        4.6666666666666661        7.5962528196515577E-006
   9.6666666666666661        5.0000000000000000        2.9308632459992027E-005
   9.6666666666666661        5.3333333333333330        5.2933842302778615E-005
   9.6666666666666661        5.6666666666666661        8.0070407611089400E-006
   9.6666666666666661        6.0000000000000000        2.0816437043979313E-005
   9.6666666666666661        6.3333333333333330        2.5244131637467417E-005
   9.6666666666666661        6.6666666666666661        1.7175373971490850E-005
   9.6666666666666661        7.0000000000000000        9.0550953753745925E-006
   9.6666666666666661        7.3333333333333330        6.0069204424095458E-006
   9.6666666666666661        7.6666666666666661        4.6581757521297772E-006
   9.6666666666666661        8.0000000000000000        3.0322388237278074E-006
   9.6666666666666661        8.3333333333333321        8.2758174082802443E-007
   9.6666666666666661        8.6666666666666661        3.2388992305636508E-007
   9.6666666666666661        9.0000000000000000        2.7201273120617647E-007
   9.6666666666666661        9.3333333333333321        1.6326530539860155E-007
   9.6666666666666661        9.6666666666666661        5.9102619877143345E-008
   9.6666666666666661        10.000000000000000        0.0000000000000000     
 
   10.000000000000000        0.0000000000000000        0.0000000000000000     
   10.000000000000000       0.33333333333333331        0.0000000000000000     
   10.000000000000000       0.66666666666666663        0.0000000000000000     
   10.000000000000000        1.0000000000000000        0.0000000000000000     
   10.000000000000000        1.3333333333333333        0.0000000000000000     
   10.000000000000000        1.6666666666666665        0.0000000000000000     
   10.000000000000000        2.0000000000000000        0.0000000000000000     
   10.000000000000000        2.3333333333333330        0.0000000000000000     
   10.000000000000000        2.6666666666666665        0.0000000000000000     
   10.000000000000000        3.0000000000000000        0.0000000000000000     
   10.000000000000000        3.3333333333333330        0.0000000000000000     
   10.000000000000000        3.6666666666666665        0.0000000000000000     
   10.000000000000000        4.0000000000000000        0.0000000000000000     
   10.000000000000000        4.3333333333333330        0.0000000000000000     
   10.000000000000000        4.6666666666666661        0.0000000000000000     
   10.000000000000000        5.0000000000000000        0.0000000000000000     
   10.000000000000000        5.3333333333333330        0.0000000000000000     
   10.000000000000000        5.6666666666666661        0.0000000000000000     
   10.000000000000000        6.0000000000000000        0.0000000000000000     
   10.000000000000000        6.3333333333333330        0.0000000000000000     
   10.000000000000000        6.6666666666666661        0.0000000000000000     
   10.000000000000000        7.0000000000000000        0.0000000000000000     
   10.000000000000000        7.3333333333333330        0.0000000000000000     
   10.000000000000000        7.6666666666666661        0.0000000000000000     
   10.000000000000000        8.0000000000000000        0.0000000000000000     
   10.000000000000000        8.3333333333333321        0.0000000000000000     
   10.000000000000000        8.6666666666666661        0.0000000000000000     
   10.000000000000000        9.0000000000000000        0.0000000000000000     
   10.000000000000000        9.3333333333333321        0.0000000000000000     
   10.000000000000000        9.6666666666666661        0.0000000000000000     
   10.000000000000000        10.000000000000000        0.0000000000000000     
 
