   0.0000000000000000        0.0000000000000000        0.0000000000000000     
   0.0000000000000000       0.33333333333333331        0.0000000000000000     
   0.0000000000000000       0.66666666666666663        0.0000000000000000     
   0.0000000000000000        1.0000000000000000        0.0000000000000000     
   0.0000000000000000        1.3333333333333333        0.0000000000000000     
   0.0000000000000000        1.6666666666666665        0.0000000000000000     
   0.0000000000000000        2.0000000000000000        0.0000000000000000     
   0.0000000000000000        2.3333333333333330        0.0000000000000000     
   0.0000000000000000        2.6666666666666665        0.0000000000000000     
   0.0000000000000000        3.0000000000000000        0.0000000000000000     
   0.0000000000000000        3.3333333333333330        0.0000000000000000     
   0.0000000000000000        3.6666666666666665        0.0000000000000000     
   0.0000000000000000        4.0000000000000000        0.0000000000000000     
   0.0000000000000000        4.3333333333333330        0.0000000000000000     
   0.0000000000000000        4.6666666666666661        0.0000000000000000     
   0.0000000000000000        5.0000000000000000        0.0000000000000000     
   0.0000000000000000        5.3333333333333330        0.0000000000000000     
   0.0000000000000000        5.6666666666666661        0.0000000000000000     
   0.0000000000000000        6.0000000000000000        0.0000000000000000     
   0.0000000000000000        6.3333333333333330        0.0000000000000000     
   0.0000000000000000        6.6666666666666661        0.0000000000000000     
   0.0000000000000000        7.0000000000000000        0.0000000000000000     
   0.0000000000000000        7.3333333333333330        0.0000000000000000     
   0.0000000000000000        7.6666666666666661        0.0000000000000000     
   0.0000000000000000        8.0000000000000000        0.0000000000000000     
   0.0000000000000000        8.3333333333333321        0.0000000000000000     
   0.0000000000000000        8.6666666666666661        0.0000000000000000     
   0.0000000000000000        9.0000000000000000        0.0000000000000000     
   0.0000000000000000        9.3333333333333321        0.0000000000000000     
   0.0000000000000000        9.6666666666666661        0.0000000000000000     
   0.0000000000000000        10.000000000000000        0.0000000000000000     
 
  0.33333333333333331        0.0000000000000000        0.0000000000000000     
  0.33333333333333331       0.33333333333333331        1.0720215394683263E-004
  0.33333333333333331       0.66666666666666663        1.8081713176846642E-004
  0.33333333333333331        1.0000000000000000        1.8730228985644221E-004
  0.33333333333333331        1.3333333333333333        4.0418840723820988E-004
  0.33333333333333331        1.6666666666666665        6.0855724160191200E-004
  0.33333333333333331        2.0000000000000000        9.5329353064202047E-004
  0.33333333333333331        2.3333333333333330        1.2087895236148943E-003
  0.33333333333333331        2.6666666666666665        1.0977607996447204E-003
  0.33333333333333331        3.0000000000000000        2.2005286027016778E-003
  0.33333333333333331        3.3333333333333330        2.4464226443161926E-003
  0.33333333333333331        3.6666666666666665        2.3738505520126264E-003
  0.33333333333333331        4.0000000000000000        2.4124224677790572E-003
  0.33333333333333331        4.3333333333333330        2.4471018697794899E-003
  0.33333333333333331        4.6666666666666661        1.6152533857941122E-003
  0.33333333333333331        5.0000000000000000        2.5494900900764764E-003
  0.33333333333333331        5.3333333333333330        6.2462306223043957E-003
  0.33333333333333331        5.6666666666666661        7.8031641503492725E-003
  0.33333333333333331        6.0000000000000000        8.8720401489680301E-003
  0.33333333333333331        6.3333333333333330        9.4120872290031285E-003
  0.33333333333333331        6.6666666666666661        6.4984130712116691E-003
  0.33333333333333331        7.0000000000000000        1.0495012323602853E-002
  0.33333333333333331        7.3333333333333330        4.8170696898971266E-003
  0.33333333333333331        7.6666666666666661        4.2791481865860044E-003
  0.33333333333333331        8.0000000000000000        3.2677939019835692E-003
  0.33333333333333331        8.3333333333333321        2.2004500557825861E-003
  0.33333333333333331        8.6666666666666661        1.6792859038731096E-003
  0.33333333333333331        9.0000000000000000        1.2182659121755840E-003
  0.33333333333333331        9.3333333333333321        6.6786629381567993E-004
  0.33333333333333331        9.6666666666666661        2.8876912952730774E-004
  0.33333333333333331        10.000000000000000        0.0000000000000000     
 
  0.66666666666666663        0.0000000000000000        0.0000000000000000     
  0.66666666666666663       0.33333333333333331        2.6026951395600757E-004
  0.66666666666666663       0.66666666666666663        4.4977868061747906E-004
  0.66666666666666663        1.0000000000000000        1.0162232531282325E-003
  0.66666666666666663        1.3333333333333333        8.7036287044394822E-004
  0.66666666666666663        1.6666666666666665        1.1494261738605376E-003
  0.66666666666666663        2.0000000000000000        2.1049531167618295E-003
  0.66666666666666663        2.3333333333333330        2.9167870868417982E-003
  0.66666666666666663        2.6666666666666665        6.2749029799743844E-003
  0.66666666666666663        3.0000000000000000        5.4770975874197094E-003
  0.66666666666666663        3.3333333333333330        5.4518195076155972E-003
  0.66666666666666663        3.6666666666666665        4.8748266763204194E-003
  0.66666666666666663        4.0000000000000000        5.0720450821794064E-003
  0.66666666666666663        4.3333333333333330        6.0019016056023214E-003
  0.66666666666666663        4.6666666666666661        0.0000000000000000     
  0.66666666666666663        5.0000000000000000        1.5832845470694117E-002
  0.66666666666666663        5.3333333333333330        1.5119540534264701E-002
  0.66666666666666663        5.6666666666666661        1.6659158221964739E-002
  0.66666666666666663        6.0000000000000000        1.8866710862105930E-002
  0.66666666666666663        6.3333333333333330        2.2865245449603510E-002
  0.66666666666666663        6.6666666666666661        3.8556118791099069E-002
  0.66666666666666663        7.0000000000000000        3.1295002878156557E-002
  0.66666666666666663        7.3333333333333330        8.6445723001331038E-003
  0.66666666666666663        7.6666666666666661        9.3580428896999617E-003
  0.66666666666666663        8.0000000000000000        6.8624607008652859E-003
  0.66666666666666663        8.3333333333333321        4.0542071670732049E-003
  0.66666666666666663        8.6666666666666661        3.4627477644076339E-003
  0.66666666666666663        9.0000000000000000        2.6508536490300583E-003
  0.66666666666666663        9.3333333333333321        1.2357497042149660E-003
  0.66666666666666663        9.6666666666666661        5.1887882318473410E-004
  0.66666666666666663        10.000000000000000        0.0000000000000000     
 
   1.0000000000000000        0.0000000000000000        0.0000000000000000     
   1.0000000000000000       0.33333333333333331        5.1269018459390147E-004
   1.0000000000000000       0.66666666666666663        9.5782564901583742E-004
   1.0000000000000000        1.0000000000000000        1.2812989218243700E-003
   1.0000000000000000        1.3333333333333333        1.0162232531282325E-003
   1.0000000000000000        1.6666666666666665        3.4534516861922230E-003
   1.0000000000000000        2.0000000000000000        3.6360812310252959E-003
   1.0000000000000000        2.3333333333333330        5.7471215117201975E-003
   1.0000000000000000        2.6666666666666665        7.6918178350904535E-003
   1.0000000000000000        3.0000000000000000        8.5067806998182244E-003
   1.0000000000000000        3.3333333333333330        9.5191441549718498E-003
   1.0000000000000000        3.6666666666666665        7.0766756941691190E-003
   1.0000000000000000        4.0000000000000000        7.4985626122942061E-003
   1.0000000000000000        4.3333333333333330        1.1061890695076666E-002
   1.0000000000000000        4.6666666666666661        1.6391613232522004E-002
   1.0000000000000000        5.0000000000000000        1.7878278423756003E-002
   1.0000000000000000        5.3333333333333330        2.2905060102882988E-002
   1.0000000000000000        5.6666666666666661        2.6012778793155757E-002
   1.0000000000000000        6.0000000000000000        2.8274305831900069E-002
   1.0000000000000000        6.3333333333333330        4.1636425982215952E-002
   1.0000000000000000        6.6666666666666661        4.7965724683875915E-002
   1.0000000000000000        7.0000000000000000        4.6589167584879417E-002
   1.0000000000000000        7.3333333333333330        3.5577282982090654E-002
   1.0000000000000000        7.6666666666666661        1.8350563627490844E-002
   1.0000000000000000        8.0000000000000000        1.1324776904126296E-002
   1.0000000000000000        8.3333333333333321        7.2414040146606875E-003
   1.0000000000000000        8.6666666666666661        5.8014812162405886E-003
   1.0000000000000000        9.0000000000000000        4.9530862876616911E-003
   1.0000000000000000        9.3333333333333321        5.4501362942277931E-004
   1.0000000000000000        9.6666666666666661        6.0720130053682148E-004
   1.0000000000000000        10.000000000000000        0.0000000000000000     
 
   1.3333333333333333        0.0000000000000000        0.0000000000000000     
   1.3333333333333333       0.33333333333333331        8.8618346733516506E-004
   1.3333333333333333       0.66666666666666663        1.6884214540354330E-003
   1.3333333333333333        1.0000000000000000        2.2741069336312436E-003
   1.3333333333333333        1.3333333333333333        4.2973556636527795E-003
   1.3333333333333333        1.6666666666666665        3.6681300700487683E-003
   1.3333333333333333        2.0000000000000000        9.7372227436144532E-003
   1.3333333333333333        2.3333333333333330        9.3172758128375575E-003
   1.3333333333333333        2.6666666666666665        1.0965970479720545E-002
   1.3333333333333333        3.0000000000000000        1.2104330077949279E-002
   1.3333333333333333        3.3333333333333330        1.7850381882324150E-002
   1.3333333333333333        3.6666666666666665        3.3720220187537585E-002
   1.3333333333333333        4.0000000000000000        2.3809267289185854E-002
   1.3333333333333333        4.3333333333333330        2.0680407053791507E-002
   1.3333333333333333        4.6666666666666661        3.6538015886346281E-002
   1.3333333333333333        5.0000000000000000        3.5985442474443352E-002
   1.3333333333333333        5.3333333333333330        3.4270248459792235E-002
   1.3333333333333333        5.6666666666666661        3.7912611103314897E-002
   1.3333333333333333        6.0000000000000000        7.7871662678823672E-002
   1.3333333333333333        6.3333333333333330        6.9544318524434684E-002
   1.3333333333333333        6.6666666666666661        6.7499688333108335E-002
   1.3333333333333333        7.0000000000000000        6.2893605410183059E-002
   1.3333333333333333        7.3333333333333330        5.4806606760362704E-002
   1.3333333333333333        7.6666666666666661        8.7983831771397229E-003
   1.3333333333333333        8.0000000000000000        9.6359870567478551E-003
   1.3333333333333333        8.3333333333333321        9.3556943007271926E-003
   1.3333333333333333        8.6666666666666661        8.0980970765301263E-003
   1.3333333333333333        9.0000000000000000        6.8869580418078301E-003
   1.3333333333333333        9.3333333333333321        3.1298993707213072E-003
   1.3333333333333333        9.6666666666666661        1.4291596094621196E-003
   1.3333333333333333        10.000000000000000        0.0000000000000000     
 
   1.6666666666666665        0.0000000000000000        0.0000000000000000     
   1.6666666666666665       0.33333333333333331        1.4297327624273723E-003
   1.6666666666666665       0.66666666666666663        2.7998782568163698E-003
   1.6666666666666665        1.0000000000000000        4.0749072185360512E-003
   1.6666666666666665        1.3333333333333333        5.3754566442276563E-003
   1.6666666666666665        1.6666666666666665        1.1954200247723467E-002
   1.6666666666666665        2.0000000000000000        1.1084635910704611E-002
   1.6666666666666665        2.3333333333333330        1.1692249964225418E-002
   1.6666666666666665        2.6666666666666665        1.5717081524612986E-002
   1.6666666666666665        3.0000000000000000        3.5211993939868090E-002
   1.6666666666666665        3.3333333333333330        3.3233427053217510E-002
   1.6666666666666665        3.6666666666666665        3.6073754134427240E-002
   1.6666666666666665        4.0000000000000000        2.8868428896630070E-002
   1.6666666666666665        4.3333333333333330        2.8875476970673303E-002
   1.6666666666666665        4.6666666666666661        3.9268863752290668E-002
   1.6666666666666665        5.0000000000000000        4.0199992548949029E-002
   1.6666666666666665        5.3333333333333330        4.2531043593807452E-002
   1.6666666666666665        5.6666666666666661        5.5685585517483954E-002
   1.6666666666666665        6.0000000000000000        8.9270689794081828E-002
   1.6666666666666665        6.3333333333333330        9.4025864652159660E-002
   1.6666666666666665        6.6666666666666661        9.2473956369786017E-002
   1.6666666666666665        7.0000000000000000        8.5512095575191321E-002
   1.6666666666666665        7.3333333333333330        6.8636903104223934E-002
   1.6666666666666665        7.6666666666666661        7.7188058019205565E-003
   1.6666666666666665        8.0000000000000000        9.9119673918943232E-003
   1.6666666666666665        8.3333333333333321        1.3252925465063311E-002
   1.6666666666666665        8.6666666666666661        1.1062550238040335E-002
   1.6666666666666665        9.0000000000000000        8.2402174157462822E-003
   1.6666666666666665        9.3333333333333321        5.1291637966679226E-003
   1.6666666666666665        9.6666666666666661        2.1196230949316300E-003
   1.6666666666666665        10.000000000000000        0.0000000000000000     
 
   2.0000000000000000        0.0000000000000000        0.0000000000000000     
   2.0000000000000000       0.33333333333333331        2.1611523065923855E-003
   2.0000000000000000       0.66666666666666663        4.2576935250666532E-003
   2.0000000000000000        1.0000000000000000        6.2183853162281911E-003
   2.0000000000000000        1.3333333333333333        8.2515314068073806E-003
   2.0000000000000000        1.6666666666666665        1.3844320493426182E-002
   2.0000000000000000        2.0000000000000000        1.1954200247723467E-002
   2.0000000000000000        2.3333333333333330        2.3952597961780859E-002
   2.0000000000000000        2.6666666666666665        2.5760349711500145E-002
   2.0000000000000000        3.0000000000000000        3.9408473004221810E-002
   2.0000000000000000        3.3333333333333330        4.5887857943542928E-002
   2.0000000000000000        3.6666666666666665        5.0793357687494670E-002
   2.0000000000000000        4.0000000000000000        8.4133892634259203E-002
   2.0000000000000000        4.3333333333333330        8.0621549825625818E-002
   2.0000000000000000        4.6666666666666661        5.4158756256637214E-002
   2.0000000000000000        5.0000000000000000        4.5706594592626756E-002
   2.0000000000000000        5.3333333333333330        0.0000000000000000     
   2.0000000000000000        5.6666666666666661       0.18335662477577921     
   2.0000000000000000        6.0000000000000000       0.13253302466518913     
   2.0000000000000000        6.3333333333333330       0.12795666020985344     
   2.0000000000000000        6.6666666666666661       0.12603914781136097     
   2.0000000000000000        7.0000000000000000       0.12121017061912080     
   2.0000000000000000        7.3333333333333330        5.6254662064747886E-003
   2.0000000000000000        7.6666666666666661        6.3116510494735075E-003
   2.0000000000000000        8.0000000000000000        3.8286684394011859E-002
   2.0000000000000000        8.3333333333333321        2.3669710090740891E-002
   2.0000000000000000        8.6666666666666661        1.5533090740909696E-002
   2.0000000000000000        9.0000000000000000        1.0583838997686930E-002
   2.0000000000000000        9.3333333333333321        7.4869498515052818E-003
   2.0000000000000000        9.6666666666666661        1.4670431900212404E-003
   2.0000000000000000        10.000000000000000        0.0000000000000000     
 
   2.3333333333333330        0.0000000000000000        0.0000000000000000     
   2.3333333333333330       0.33333333333333331        3.1341821750725351E-003
   2.3333333333333330       0.66666666666666663        6.1981503590073459E-003
   2.3333333333333330        1.0000000000000000        8.7958292356382188E-003
   2.3333333333333330        1.3333333333333333        2.3664989231227285E-002
   2.3333333333333330        1.6666666666666665        2.4267239085900526E-002
   2.3333333333333330        2.0000000000000000        4.9427462535134165E-002
   2.3333333333333330        2.3333333333333330        6.0583708959526680E-002
   2.3333333333333330        2.6666666666666665        5.9840139385514322E-002
   2.3333333333333330        3.0000000000000000        5.3069092891670604E-002
   2.3333333333333330        3.3333333333333330        6.2588280072559177E-002
   2.3333333333333330        3.6666666666666665        7.3057238344569134E-002
   2.3333333333333330        4.0000000000000000        8.8063627934498526E-002
   2.3333333333333330        4.3333333333333330       0.11069489394768302     
   2.3333333333333330        4.6666666666666661       0.20453859375201527     
   2.3333333333333330        5.0000000000000000       0.24621024997557309     
   2.3333333333333330        5.3333333333333330       0.25607903165916096     
   2.3333333333333330        5.6666666666666661       0.23651717667601385     
   2.3333333333333330        6.0000000000000000       0.19655737766033196     
   2.3333333333333330        6.3333333333333330       0.16241858957863112     
   2.3333333333333330        6.6666666666666661       0.16574198270935361     
   2.3333333333333330        7.0000000000000000       0.15539356279838179     
   2.3333333333333330        7.3333333333333330       0.16861945831210576     
   2.3333333333333330        7.6666666666666661        9.9169886405099092E-002
   2.3333333333333330        8.0000000000000000        5.4752996575362256E-002
   2.3333333333333330        8.3333333333333321        2.8995067977025626E-002
   2.3333333333333330        8.6666666666666661        1.7901614967669510E-002
   2.3333333333333330        9.0000000000000000        1.1916194663791759E-002
   2.3333333333333330        9.3333333333333321        7.3900411608518839E-003
   2.3333333333333330        9.6666666666666661        3.0685965699712619E-003
   2.3333333333333330        10.000000000000000        0.0000000000000000     
 
   2.6666666666666665        0.0000000000000000        0.0000000000000000     
   2.6666666666666665       0.33333333333333331        4.4100825711475234E-003
   2.6666666666666665       0.66666666666666663        9.0570015936330735E-003
   2.6666666666666665        1.0000000000000000        1.4598293980618857E-002
   2.6666666666666665        1.3333333333333333        2.4532822239392099E-002
   2.6666666666666665        1.6666666666666665        3.6763586870147857E-002
   2.6666666666666665        2.0000000000000000        5.1878942829528270E-002
   2.6666666666666665        2.3333333333333330        6.3311917921599251E-002
   2.6666666666666665        2.6666666666666665        6.9314046016164241E-002
   2.6666666666666665        3.0000000000000000        8.9806350506601004E-002
   2.6666666666666665        3.3333333333333330        8.1117830920229519E-002
   2.6666666666666665        3.6666666666666665        9.3808683907992144E-002
   2.6666666666666665        4.0000000000000000       0.16272335323796414     
   2.6666666666666665        4.3333333333333330       0.16728912535313958     
   2.6666666666666665        4.6666666666666661       0.20848473254014760     
   2.6666666666666665        5.0000000000000000       0.24859454892330121     
   2.6666666666666665        5.3333333333333330       0.27652451144397189     
   2.6666666666666665        5.6666666666666661       0.27133170165652243     
   2.6666666666666665        6.0000000000000000       0.23320469517555042     
   2.6666666666666665        6.3333333333333330       0.26041761946368247     
   2.6666666666666665        6.6666666666666661       0.22192821463342668     
   2.6666666666666665        7.0000000000000000       0.18237506513568716     
   2.6666666666666665        7.3333333333333330       0.17262658395023181     
   2.6666666666666665        7.6666666666666661       0.14655667639160755     
   2.6666666666666665        8.0000000000000000        1.9767020794176766E-002
   2.6666666666666665        8.3333333333333321        2.1233149283222837E-002
   2.6666666666666665        8.6666666666666661        1.6375828708124512E-002
   2.6666666666666665        9.0000000000000000        1.2716900977504237E-002
   2.6666666666666665        9.3333333333333321        7.7127589481381350E-003
   2.6666666666666665        9.6666666666666661        3.6867936878278210E-003
   2.6666666666666665        10.000000000000000        0.0000000000000000     
 
   3.0000000000000000        0.0000000000000000        0.0000000000000000     
   3.0000000000000000       0.33333333333333331        5.7476149145965910E-003
   3.0000000000000000       0.66666666666666663        1.1616772941773658E-002
   3.0000000000000000        1.0000000000000000        1.6921481721665080E-002
   3.0000000000000000        1.3333333333333333        4.3785087398526504E-002
   3.0000000000000000        1.6666666666666665        4.8229035612466470E-002
   3.0000000000000000        2.0000000000000000        6.0344220347092921E-002
   3.0000000000000000        2.3333333333333330        7.4047282367368863E-002
   3.0000000000000000        2.6666666666666665        8.7429714772355380E-002
   3.0000000000000000        3.0000000000000000       0.10126144205525189     
   3.0000000000000000        3.3333333333333330       0.13993258992497887     
   3.0000000000000000        3.6666666666666665       0.13006526441333666     
   3.0000000000000000        4.0000000000000000       0.18681618211645729     
   3.0000000000000000        4.3333333333333330       0.19129901984953043     
   3.0000000000000000        4.6666666666666661       0.21685377229261271     
   3.0000000000000000        5.0000000000000000       0.26492919847452773     
   3.0000000000000000        5.3333333333333330       0.33012435991217520     
   3.0000000000000000        5.6666666666666661       0.33900359488832515     
   3.0000000000000000        6.0000000000000000       0.35487399721004848     
   3.0000000000000000        6.3333333333333330       0.29911488477833453     
   3.0000000000000000        6.6666666666666661       0.28056471104553704     
   3.0000000000000000        7.0000000000000000       0.22447532517036323     
   3.0000000000000000        7.3333333333333330       0.19634966530422560     
   3.0000000000000000        7.6666666666666661       0.17127061329123483     
   3.0000000000000000        8.0000000000000000       0.13041121261330679     
   3.0000000000000000        8.3333333333333321        1.3644335938879489E-002
   3.0000000000000000        8.6666666666666661        1.4885934779995164E-002
   3.0000000000000000        9.0000000000000000        1.5883069361081231E-002
   3.0000000000000000        9.3333333333333321        8.0181855541942536E-003
   3.0000000000000000        9.6666666666666661        4.2846974967921565E-003
   3.0000000000000000        10.000000000000000        0.0000000000000000     
 
   3.3333333333333330        0.0000000000000000        0.0000000000000000     
   3.3333333333333330       0.33333333333333331        7.3225697728087598E-003
   3.3333333333333330       0.66666666666666663        1.5442616381348721E-002
   3.3333333333333330        1.0000000000000000        2.5528265561323683E-002
   3.3333333333333330        1.3333333333333333        4.1364137075465809E-002
   3.3333333333333330        1.6666666666666665        5.4125828531992611E-002
   3.3333333333333330        2.0000000000000000        6.9541019690229716E-002
   3.3333333333333330        2.3333333333333330        8.7555117498652871E-002
   3.3333333333333330        2.6666666666666665       0.10757173565842000     
   3.3333333333333330        3.0000000000000000       0.12901976179574165     
   3.3333333333333330        3.3333333333333330       0.15199824206131257     
   3.3333333333333330        3.6666666666666665       0.15880824460890680     
   3.3333333333333330        4.0000000000000000       0.19948533676665389     
   3.3333333333333330        4.3333333333333330       0.19813125666754072     
   3.3333333333333330        4.6666666666666661       0.20572680868804843     
   3.3333333333333330        5.0000000000000000       0.49023941862028458     
   3.3333333333333330        5.3333333333333330       0.43712662488480031     
   3.3333333333333330        5.6666666666666661       0.41206868569249527     
   3.3333333333333330        6.0000000000000000       0.40633681956190515     
   3.3333333333333330        6.3333333333333330       0.36774381367077774     
   3.3333333333333330        6.6666666666666661       0.31983973827234802     
   3.3333333333333330        7.0000000000000000       0.25453493013021911     
   3.3333333333333330        7.3333333333333330       0.21980859698865038     
   3.3333333333333330        7.6666666666666661       0.17423127206442612     
   3.3333333333333330        8.0000000000000000       0.13486416647541410     
   3.3333333333333330        8.3333333333333321        6.5974849974817271E-002
   3.3333333333333330        8.6666666666666661        3.0587496188427751E-002
   3.3333333333333330        9.0000000000000000        2.1299572426413053E-002
   3.3333333333333330        9.3333333333333321        1.2385534439434152E-002
   3.3333333333333330        9.6666666666666661        5.7832151123736594E-003
   3.3333333333333330        10.000000000000000        0.0000000000000000     
 
   3.6666666666666665        0.0000000000000000        0.0000000000000000     
   3.6666666666666665       0.33333333333333331        8.5244202360773742E-003
   3.6666666666666665       0.66666666666666663        1.8152484024766283E-002
   3.6666666666666665        1.0000000000000000        2.9670143885397831E-002
   3.6666666666666665        1.3333333333333333        4.3852349694929696E-002
   3.6666666666666665        1.6666666666666665        5.9466571683822092E-002
   3.6666666666666665        2.0000000000000000        7.8384600975159466E-002
   3.6666666666666665        2.3333333333333330       0.10132064736423117     
   3.6666666666666665        2.6666666666666665       0.12842189728286574     
   3.6666666666666665        3.0000000000000000       0.15719432883196452     
   3.6666666666666665        3.3333333333333330       0.18198541807855423     
   3.6666666666666665        3.6666666666666665       0.19613707291685770     
   3.6666666666666665        4.0000000000000000       0.20380106892216587     
   3.6666666666666665        4.3333333333333330       0.19948533676665389     
   3.6666666666666665        4.6666666666666661       0.58153930131047893     
   3.6666666666666665        5.0000000000000000       0.53114462184928091     
   3.6666666666666665        5.3333333333333330       0.50682468607695286     
   3.6666666666666665        5.6666666666666661       0.45809803319155129     
   3.6666666666666665        6.0000000000000000       0.44471169472741029     
   3.6666666666666665        6.3333333333333330       0.41032982279772118     
   3.6666666666666665        6.6666666666666661       0.37373846060779331     
   3.6666666666666665        7.0000000000000000       0.29276515105808743     
   3.6666666666666665        7.3333333333333330       0.25602349864755336     
   3.6666666666666665        7.6666666666666661        9.9783567302644816E-002
   3.6666666666666665        8.0000000000000000       0.10394006098300673     
   3.6666666666666665        8.3333333333333321        6.9482407062667520E-002
   3.6666666666666665        8.6666666666666661        4.1837961324637019E-002
   3.6666666666666665        9.0000000000000000        2.7819715705529675E-002
   3.6666666666666665        9.3333333333333321        1.5349478849927522E-002
   3.6666666666666665        9.6666666666666661        6.9032882629999626E-003
   3.6666666666666665        10.000000000000000        0.0000000000000000     
 
   4.0000000000000000        0.0000000000000000        0.0000000000000000     
   4.0000000000000000       0.33333333333333331        9.0950383035797878E-003
   4.0000000000000000       0.66666666666666663        1.9924141982720977E-002
   4.0000000000000000        1.0000000000000000        3.2563959474393209E-002
   4.0000000000000000        1.3333333333333333        4.6739929494842451E-002
   4.0000000000000000        1.6666666666666665        6.3577108556292311E-002
   4.0000000000000000        2.0000000000000000        8.5349922389862248E-002
   4.0000000000000000        2.3333333333333330       0.11292680360451106     
   4.0000000000000000        2.6666666666666665       0.14925063925402760     
   4.0000000000000000        3.0000000000000000       0.19052135275537466     
   4.0000000000000000        3.3333333333333330       0.22342204647349817     
   4.0000000000000000        3.6666666666666665       0.24088155913745884     
   4.0000000000000000        4.0000000000000000       0.22205487746707059     
   4.0000000000000000        4.3333333333333330       0.62680997982328945     
   4.0000000000000000        4.6666666666666661       0.61417569459171106     
   4.0000000000000000        5.0000000000000000       0.62312759236695281     
   4.0000000000000000        5.3333333333333330       0.58694664252997730     
   4.0000000000000000        5.6666666666666661       0.54263560042018888     
   4.0000000000000000        6.0000000000000000       0.49403581424643067     
   4.0000000000000000        6.3333333333333330       0.44714069666557182     
   4.0000000000000000        6.6666666666666661       0.38524514031148416     
   4.0000000000000000        7.0000000000000000       0.32814382686352556     
   4.0000000000000000        7.3333333333333330       0.20749837040241406     
   4.0000000000000000        7.6666666666666661       0.13092024050742593     
   4.0000000000000000        8.0000000000000000       0.11544755304931059     
   4.0000000000000000        8.3333333333333321        7.8464379478095578E-002
   4.0000000000000000        8.6666666666666661        4.2609508085538123E-002
   4.0000000000000000        9.0000000000000000        3.4536397429445524E-002
   4.0000000000000000        9.3333333333333321        1.2653449140554921E-002
   4.0000000000000000        9.6666666666666661        6.9767217269390489E-003
   4.0000000000000000        10.000000000000000        0.0000000000000000     
 
   4.3333333333333330        0.0000000000000000        0.0000000000000000     
   4.3333333333333330       0.33333333333333331        8.4249899050850233E-003
   4.3333333333333330       0.66666666666666663        2.0907659785709746E-002
   4.3333333333333330        1.0000000000000000        3.5445332490489381E-002
   4.3333333333333330        1.3333333333333333        4.8856689241973290E-002
   4.3333333333333330        1.6666666666666665        6.4831966687490791E-002
   4.3333333333333330        2.0000000000000000        8.8563461395884377E-002
   4.3333333333333330        2.3333333333333330       0.11754563004162209     
   4.3333333333333330        2.6666666666666665       0.16617752989379739     
   4.3333333333333330        3.0000000000000000       0.23224464234616182     
   4.3333333333333330        3.3333333333333330       0.27942467943675869     
   4.3333333333333330        3.6666666666666665       0.32078407870353126     
   4.3333333333333330        4.0000000000000000       0.59748409461096730     
   4.3333333333333330        4.3333333333333330       0.61808086582345834     
   4.3333333333333330        4.6666666666666661       0.64835757929063964     
   4.3333333333333330        5.0000000000000000       0.63584868658913796     
   4.3333333333333330        5.3333333333333330       0.61037511354048712     
   4.3333333333333330        5.6666666666666661       0.57376248692303022     
   4.3333333333333330        6.0000000000000000       0.52780113599025491     
   4.3333333333333330        6.3333333333333330       0.48829779803276285     
   4.3333333333333330        6.6666666666666661       0.36835470321475694     
   4.3333333333333330        7.0000000000000000       0.30276709874939317     
   4.3333333333333330        7.3333333333333330       0.20870673673505793     
   4.3333333333333330        7.6666666666666661       0.14958048552116279     
   4.3333333333333330        8.0000000000000000       0.11495880955782331     
   4.3333333333333330        8.3333333333333321        8.1670836925188769E-002
   4.3333333333333330        8.6666666666666661        5.2955430536031356E-002
   4.3333333333333330        9.0000000000000000        3.5177760006336094E-002
   4.3333333333333330        9.3333333333333321        1.9147398432988152E-002
   4.3333333333333330        9.6666666666666661        8.8215536006428751E-003
   4.3333333333333330        10.000000000000000        0.0000000000000000     
 
   4.6666666666666661        0.0000000000000000        0.0000000000000000     
   4.6666666666666661       0.33333333333333331        4.1532668186414655E-003
   4.6666666666666661       0.66666666666666663        3.8999969277966770E-002
   4.6666666666666661        1.0000000000000000        4.1135185028748571E-002
   4.6666666666666661        1.3333333333333333        5.0417120546615367E-002
   4.6666666666666661        1.6666666666666665        6.0478454254561706E-002
   4.6666666666666661        2.0000000000000000        9.5575636549706106E-002
   4.6666666666666661        2.3333333333333330       0.10422679931425406     
   4.6666666666666661        2.6666666666666665       0.29428195092017689     
   4.6666666666666661        3.0000000000000000       0.29139280539055989     
   4.6666666666666661        3.3333333333333330       0.33784721950456698     
   4.6666666666666661        3.6666666666666665       0.43672210963378322     
   4.6666666666666661        4.0000000000000000       0.55634076065443983     
   4.6666666666666661        4.3333333333333330       0.60834139199843140     
   4.6666666666666661        4.6666666666666661       0.63551125966366062     
   4.6666666666666661        5.0000000000000000       0.63705268512070001     
   4.6666666666666661        5.3333333333333330       0.62237633372668688     
   4.6666666666666661        5.6666666666666661       0.59434414881644215     
   4.6666666666666661        6.0000000000000000       0.53862806537625396     
   4.6666666666666661        6.3333333333333330       0.47630043410303158     
   4.6666666666666661        6.6666666666666661       0.42734139226082357     
   4.6666666666666661        7.0000000000000000       0.17315736347462424     
   4.6666666666666661        7.3333333333333330       0.17576214959659645     
   4.6666666666666661        7.6666666666666661       0.14625806121641305     
   4.6666666666666661        8.0000000000000000       0.11620545164591137     
   4.6666666666666661        8.3333333333333321        8.3262932511505142E-002
   4.6666666666666661        8.6666666666666661        5.4792247788448885E-002
   4.6666666666666661        9.0000000000000000        3.5956406297848097E-002
   4.6666666666666661        9.3333333333333321        2.1069712044796043E-002
   4.6666666666666661        9.6666666666666661        9.7188373088085093E-003
   4.6666666666666661        10.000000000000000        0.0000000000000000     
 
   5.0000000000000000        0.0000000000000000        0.0000000000000000     
   5.0000000000000000       0.33333333333333331        4.2726433356850817E-003
   5.0000000000000000       0.66666666666666663        3.3612920176148135E-002
   5.0000000000000000        1.0000000000000000        4.1711610882888314E-002
   5.0000000000000000        1.3333333333333333        5.3381151063992341E-002
   5.0000000000000000        1.6666666666666665        6.8491089128240604E-002
   5.0000000000000000        2.0000000000000000        8.9466787342331947E-002
   5.0000000000000000        2.3333333333333330       0.10187066589055158     
   5.0000000000000000        2.6666666666666665       0.30008814751619040     
   5.0000000000000000        3.0000000000000000       0.29802339341384937     
   5.0000000000000000        3.3333333333333330       0.53674789489246455     
   5.0000000000000000        3.6666666666666665       0.52056455325804274     
   5.0000000000000000        4.0000000000000000       0.56461250059443546     
   5.0000000000000000        4.3333333333333330       0.60185523971340449     
   5.0000000000000000        4.6666666666666661       0.62421893612555335     
   5.0000000000000000        5.0000000000000000       0.62999159529108384     
   5.0000000000000000        5.3333333333333330       0.62418398406473574     
   5.0000000000000000        5.6666666666666661       0.62105925376699056     
   5.0000000000000000        6.0000000000000000       0.44070310251203337     
   5.0000000000000000        6.3333333333333330       0.43786224978852645     
   5.0000000000000000        6.6666666666666661       0.31671695169609165     
   5.0000000000000000        7.0000000000000000       0.20492892806328955     
   5.0000000000000000        7.3333333333333330       0.17704873855210507     
   5.0000000000000000        7.6666666666666661       0.14615713360933888     
   5.0000000000000000        8.0000000000000000       0.12332688389068173     
   5.0000000000000000        8.3333333333333321        5.8717505983466957E-002
   5.0000000000000000        8.6666666666666661        4.9437172103396688E-002
   5.0000000000000000        9.0000000000000000        3.4667034498423531E-002
   5.0000000000000000        9.3333333333333321        2.0679134188042202E-002
   5.0000000000000000        9.6666666666666661        9.5851064271635991E-003
   5.0000000000000000        10.000000000000000        0.0000000000000000     
 
   5.3333333333333330        0.0000000000000000        0.0000000000000000     
   5.3333333333333330       0.33333333333333331        8.9117348721232392E-003
   5.3333333333333330       0.66666666666666663        2.7281496881881268E-002
   5.3333333333333330        1.0000000000000000        4.0740258034160683E-002
   5.3333333333333330        1.3333333333333333        5.5155223869777031E-002
   5.3333333333333330        1.6666666666666665        7.3059559047339323E-002
   5.3333333333333330        2.0000000000000000        9.4449270219298262E-002
   5.3333333333333330        2.3333333333333330       0.11434443200049102     
   5.3333333333333330        2.6666666666666665       0.26598632860399096     
   5.3333333333333330        3.0000000000000000       0.30003843066687752     
   5.3333333333333330        3.3333333333333330       0.50332438836078541     
   5.3333333333333330        3.6666666666666665       0.52882793905420367     
   5.3333333333333330        4.0000000000000000       0.56148571318502694     
   5.3333333333333330        4.3333333333333330       0.58933023056641942     
   5.3333333333333330        4.6666666666666661       0.60657733023707860     
   5.3333333333333330        5.0000000000000000       0.61074142620603766     
   5.3333333333333330        5.3333333333333330       0.59967996353242903     
   5.3333333333333330        5.6666666666666661       0.46229012597778901     
   5.3333333333333330        6.0000000000000000       0.43306966062255536     
   5.3333333333333330        6.3333333333333330       0.38610341736920784     
   5.3333333333333330        6.6666666666666661       0.31344809524535261     
   5.3333333333333330        7.0000000000000000       0.23395445179792942     
   5.3333333333333330        7.3333333333333330       0.18334530650516301     
   5.3333333333333330        7.6666666666666661       0.14066100313329247     
   5.3333333333333330        8.0000000000000000       0.11059359393538026     
   5.3333333333333330        8.3333333333333321        7.0704332720739796E-002
   5.3333333333333330        8.6666666666666661        5.1991340220308511E-002
   5.3333333333333330        9.0000000000000000        3.4467630433405241E-002
   5.3333333333333330        9.3333333333333321        1.8615160531219720E-002
   5.3333333333333330        9.6666666666666661        8.5423040338281249E-003
   5.3333333333333330        10.000000000000000        0.0000000000000000     
 
   5.6666666666666661        0.0000000000000000        0.0000000000000000     
   5.6666666666666661       0.33333333333333331        4.5852441482851685E-003
   5.6666666666666661       0.66666666666666663        1.0719885219779341E-002
   5.6666666666666661        1.0000000000000000        3.7434455493648926E-002
   5.6666666666666661        1.3333333333333333        5.5667208497064351E-002
   5.6666666666666661        1.6666666666666665        7.6566895501866170E-002
   5.6666666666666661        2.0000000000000000       0.10337522274521180     
   5.6666666666666661        2.3333333333333330       0.14889977282476830     
   5.6666666666666661        2.6666666666666665       0.23039172779028672     
   5.6666666666666661        3.0000000000000000       0.33331730889745420     
   5.6666666666666661        3.3333333333333330       0.46491240250902716     
   5.6666666666666661        3.6666666666666665       0.51507647022504022     
   5.6666666666666661        4.0000000000000000       0.54593390434839606     
   5.6666666666666661        4.3333333333333330       0.56791262134874221     
   5.6666666666666661        4.6666666666666661       0.58080867110153522     
   5.6666666666666661        5.0000000000000000       0.58465389954162361     
   5.6666666666666661        5.3333333333333330       0.54249622614163340     
   5.6666666666666661        5.6666666666666661       0.47950020552242023     
   5.6666666666666661        6.0000000000000000       0.35585817547884890     
   5.6666666666666661        6.3333333333333330       0.35252622320024823     
   5.6666666666666661        6.6666666666666661       0.24166413922984831     
   5.6666666666666661        7.0000000000000000       0.17818396462117975     
   5.6666666666666661        7.3333333333333330       0.12883538179656445     
   5.6666666666666661        7.6666666666666661       0.12516351335781564     
   5.6666666666666661        8.0000000000000000        7.0101576364752893E-002
   5.6666666666666661        8.3333333333333321        6.4334823556715118E-002
   5.6666666666666661        8.6666666666666661        5.5868065785053635E-002
   5.6666666666666661        9.0000000000000000        1.1050283847527700E-002
   5.6666666666666661        9.3333333333333321        1.1904165112844138E-002
   5.6666666666666661        9.6666666666666661        6.5230634373376921E-003
   5.6666666666666661        10.000000000000000        0.0000000000000000     
 
   6.0000000000000000        0.0000000000000000        0.0000000000000000     
   6.0000000000000000       0.33333333333333331        5.1228549962352181E-003
   6.0000000000000000       0.66666666666666663        1.1450963853766647E-002
   6.0000000000000000        1.0000000000000000        2.0886315359894325E-002
   6.0000000000000000        1.3333333333333333        0.0000000000000000     
   6.0000000000000000        1.6666666666666665        9.2569991639852606E-002
   6.0000000000000000        2.0000000000000000        9.6006433796201912E-002
   6.0000000000000000        2.3333333333333330       0.14632760559312222     
   6.0000000000000000        2.6666666666666665       0.17270016520618886     
   6.0000000000000000        3.0000000000000000       0.50859938249495729     
   6.0000000000000000        3.3333333333333330       0.49736828633342006     
   6.0000000000000000        3.6666666666666665       0.50732737345764756     
   6.0000000000000000        4.0000000000000000       0.52380979442606979     
   6.0000000000000000        4.3333333333333330       0.53825280883024584     
   6.0000000000000000        4.6666666666666661       0.54529978230243636     
   6.0000000000000000        5.0000000000000000       0.48965989635569751     
   6.0000000000000000        5.3333333333333330       0.48872030356728718     
   6.0000000000000000        5.6666666666666661       0.42037794265594552     
   6.0000000000000000        6.0000000000000000       0.35331268110216851     
   6.0000000000000000        6.3333333333333330       0.30986605116840937     
   6.0000000000000000        6.6666666666666661       0.24107078598072909     
   6.0000000000000000        7.0000000000000000       0.17976671768371455     
   6.0000000000000000        7.3333333333333330       0.13532365442562080     
   6.0000000000000000        7.6666666666666661       0.10887129697697083     
   6.0000000000000000        8.0000000000000000        7.8935252187535804E-002
   6.0000000000000000        8.3333333333333321        6.3607663243153062E-002
   6.0000000000000000        8.6666666666666661        5.4065650684362684E-002
   6.0000000000000000        9.0000000000000000        1.7888346115050996E-002
   6.0000000000000000        9.3333333333333321        1.2267034284879094E-002
   6.0000000000000000        9.6666666666666661        6.1101827928818032E-003
   6.0000000000000000        10.000000000000000        0.0000000000000000     
 
   6.3333333333333330        0.0000000000000000        0.0000000000000000     
   6.3333333333333330       0.33333333333333331        4.7886812453504773E-003
   6.3333333333333330       0.66666666666666663        9.7873255676927274E-003
   6.3333333333333330        1.0000000000000000        1.4888290434231120E-002
   6.3333333333333330        1.3333333333333333        4.3563744527081262E-002
   6.3333333333333330        1.6666666666666665        7.9295780146134504E-002
   6.3333333333333330        2.0000000000000000        9.5243556368399290E-002
   6.3333333333333330        2.3333333333333330       0.12262746462042708     
   6.3333333333333330        2.6666666666666665       0.14315092207640234     
   6.3333333333333330        3.0000000000000000       0.15846092734590372     
   6.3333333333333330        3.3333333333333330       0.49064054033118754     
   6.3333333333333330        3.6666666666666665       0.48113500193144199     
   6.3333333333333330        4.0000000000000000       0.49048282628447692     
   6.3333333333333330        4.3333333333333330       0.50139462851226835     
   6.3333333333333330        4.6666666666666661       0.50134999474422604     
   6.3333333333333330        5.0000000000000000       0.47773507178708879     
   6.3333333333333330        5.3333333333333330       0.34617667606710129     
   6.3333333333333330        5.6666666666666661       0.35017599289351581     
   6.3333333333333330        6.0000000000000000       0.32114271976676867     
   6.3333333333333330        6.3333333333333330       0.28867198916266629     
   6.3333333333333330        6.6666666666666661       0.23205530236951680     
   6.3333333333333330        7.0000000000000000       0.16569584405340648     
   6.3333333333333330        7.3333333333333330       0.12623076462676303     
   6.3333333333333330        7.6666666666666661        9.8916002351205581E-002
   6.3333333333333330        8.0000000000000000        7.6153425625212323E-002
   6.3333333333333330        8.3333333333333321        6.0006201687203151E-002
   6.3333333333333330        8.6666666666666661        4.5472259761494292E-002
   6.3333333333333330        9.0000000000000000        2.4752200719361295E-002
   6.3333333333333330        9.3333333333333321        1.4048336275596122E-002
   6.3333333333333330        9.6666666666666661        6.1034094575093765E-003
   6.3333333333333330        10.000000000000000        0.0000000000000000     
 
   6.6666666666666661        0.0000000000000000        0.0000000000000000     
   6.6666666666666661       0.33333333333333331        4.5771174297185250E-003
   6.6666666666666661       0.66666666666666663        8.6690465577355137E-003
   6.6666666666666661        1.0000000000000000        3.5316717103544469E-002
   6.6666666666666661        1.3333333333333333        4.6429941780818537E-002
   6.6666666666666661        1.6666666666666665        6.6776203206623128E-002
   6.6666666666666661        2.0000000000000000        8.6431377637017998E-002
   6.6666666666666661        2.3333333333333330       0.10899991324324688     
   6.6666666666666661        2.6666666666666665       0.13706065159771955     
   6.6666666666666661        3.0000000000000000       0.16248011032188031     
   6.6666666666666661        3.3333333333333330       0.34646550661293668     
   6.6666666666666661        3.6666666666666665       0.42642320700846664     
   6.6666666666666661        4.0000000000000000       0.44498826749851172     
   6.6666666666666661        4.3333333333333330       0.46378242664507241     
   6.6666666666666661        4.6666666666666661       0.46866211250843370     
   6.6666666666666661        5.0000000000000000       0.43071126422863193     
   6.6666666666666661        5.3333333333333330       0.33685849673668050     
   6.6666666666666661        5.6666666666666661       0.30718612913297960     
   6.6666666666666661        6.0000000000000000       0.28800461053377358     
   6.6666666666666661        6.3333333333333330       0.15749507035912719     
   6.6666666666666661        6.6666666666666661       0.12451412118471919     
   6.6666666666666661        7.0000000000000000       0.12617132276086548     
   6.6666666666666661        7.3333333333333330       0.10742895206761006     
   6.6666666666666661        7.6666666666666661        8.7253472228965179E-002
   6.6666666666666661        8.0000000000000000        6.9679842186787092E-002
   6.6666666666666661        8.3333333333333321        5.7574829995162113E-002
   6.6666666666666661        8.6666666666666661        2.5521971613432771E-002
   6.6666666666666661        9.0000000000000000        2.3171509006214945E-002
   6.6666666666666661        9.3333333333333321        8.4060964186961490E-003
   6.6666666666666661        9.6666666666666661        4.7098053471551823E-003
   6.6666666666666661        10.000000000000000        0.0000000000000000     
 
   7.0000000000000000        0.0000000000000000        0.0000000000000000     
   7.0000000000000000       0.33333333333333331        5.1920753591607931E-003
   7.0000000000000000       0.66666666666666663        1.2273581663866617E-002
   7.0000000000000000        1.0000000000000000        2.6520338514658570E-002
   7.0000000000000000        1.3333333333333333        4.2848736071505245E-002
   7.0000000000000000        1.6666666666666665        5.8203154289704517E-002
   7.0000000000000000        2.0000000000000000        7.8180096637327570E-002
   7.0000000000000000        2.3333333333333330        9.3401285853718513E-002
   7.0000000000000000        2.6666666666666665       0.16485405302759112     
   7.0000000000000000        3.0000000000000000       0.19540648576038339     
   7.0000000000000000        3.3333333333333330       0.26357758999698011     
   7.0000000000000000        3.6666666666666665       0.34285636638822325     
   7.0000000000000000        4.0000000000000000       0.39157437428219388     
   7.0000000000000000        4.3333333333333330       0.43102532254011305     
   7.0000000000000000        4.6666666666666661       0.14077435558439144     
   7.0000000000000000        5.0000000000000000       0.22741236942158186     
   7.0000000000000000        5.3333333333333330       0.25851882535646964     
   7.0000000000000000        5.6666666666666661       0.25000145151801101     
   7.0000000000000000        6.0000000000000000       0.23277994591630985     
   7.0000000000000000        6.3333333333333330       0.15957702833181803     
   7.0000000000000000        6.6666666666666661       0.12561470754372003     
   7.0000000000000000        7.0000000000000000       0.10958734453885066     
   7.0000000000000000        7.3333333333333330        9.2840306281860144E-002
   7.0000000000000000        7.6666666666666661        7.5895983990197230E-002
   7.0000000000000000        8.0000000000000000        6.0607355000877591E-002
   7.0000000000000000        8.3333333333333321        4.5770629113271129E-002
   7.0000000000000000        8.6666666666666661        2.9631930669729120E-002
   7.0000000000000000        9.0000000000000000        2.0850083758462656E-002
   7.0000000000000000        9.3333333333333321        1.2784534959853409E-002
   7.0000000000000000        9.6666666666666661        1.7020798894084102E-003
   7.0000000000000000        10.000000000000000        0.0000000000000000     
 
   7.3333333333333330        0.0000000000000000        0.0000000000000000     
   7.3333333333333330       0.33333333333333331        4.3137407387037422E-003
   7.3333333333333330       0.66666666666666663        9.6045899907348849E-003
   7.3333333333333330        1.0000000000000000        1.7425867873804905E-002
   7.3333333333333330        1.3333333333333333        4.2056000194223966E-002
   7.3333333333333330        1.6666666666666665        4.8172991966904881E-002
   7.3333333333333330        2.0000000000000000        7.8615187975335232E-002
   7.3333333333333330        2.3333333333333330        9.6661461761267942E-002
   7.3333333333333330        2.6666666666666665       0.13745111961661305     
   7.3333333333333330        3.0000000000000000       0.19321347025993291     
   7.3333333333333330        3.3333333333333330       0.24924431147979770     
   7.3333333333333330        3.6666666666666665       0.29199052490423522     
   7.3333333333333330        4.0000000000000000       0.34285636638822325     
   7.3333333333333330        4.3333333333333330       0.14077435558439144     
   7.3333333333333330        4.6666666666666661       0.14370016838952621     
   7.3333333333333330        5.0000000000000000       0.19615845132222690     
   7.3333333333333330        5.3333333333333330       0.21827807394660098     
   7.3333333333333330        5.6666666666666661       0.20016346535935781     
   7.3333333333333330        6.0000000000000000       0.11655920435630329     
   7.3333333333333330        6.3333333333333330       0.12417050798260298     
   7.3333333333333330        6.6666666666666661       0.11145377334127261     
   7.3333333333333330        7.0000000000000000        9.6618769423584688E-002
   7.3333333333333330        7.3333333333333330        8.1415398174749395E-002
   7.3333333333333330        7.6666666666666661        6.5789686720553894E-002
   7.3333333333333330        8.0000000000000000        5.3817051610489296E-002
   7.3333333333333330        8.3333333333333321        3.7664580537607094E-002
   7.3333333333333330        8.6666666666666661        2.8254588443672818E-002
   7.3333333333333330        9.0000000000000000        1.9274137728952589E-002
   7.3333333333333330        9.3333333333333321        1.0076643407200858E-002
   7.3333333333333330        9.6666666666666661        3.5510892764892450E-003
   7.3333333333333330        10.000000000000000        0.0000000000000000     
 
   7.6666666666666661        0.0000000000000000        0.0000000000000000     
   7.6666666666666661       0.33333333333333331        2.8041462914987045E-003
   7.6666666666666661       0.66666666666666663        5.1449150318843102E-003
   7.6666666666666661        1.0000000000000000        3.6038964452308309E-002
   7.6666666666666661        1.3333333333333333        3.9047477330746712E-002
   7.6666666666666661        1.6666666666666665        4.7431652555306625E-002
   7.6666666666666661        2.0000000000000000        6.4221853263287554E-002
   7.6666666666666661        2.3333333333333330        8.0812457031909424E-002
   7.6666666666666661        2.6666666666666665        9.8405866662946512E-002
   7.6666666666666661        3.0000000000000000        8.6944318372619955E-002
   7.6666666666666661        3.3333333333333330       0.17510144584079465     
   7.6666666666666661        3.6666666666666665       0.23274028639604633     
   7.6666666666666661        4.0000000000000000        3.9075939208812936E-002
   7.6666666666666661        4.3333333333333330        8.1055763292900984E-002
   7.6666666666666661        4.6666666666666661        9.9644857525108294E-002
   7.6666666666666661        5.0000000000000000        6.6087761816585613E-002
   7.6666666666666661        5.3333333333333330       0.13018899580485813     
   7.6666666666666661        5.6666666666666661       0.13253705987587833     
   7.6666666666666661        6.0000000000000000       0.11180065300927711     
   7.6666666666666661        6.3333333333333330       0.11180573027552272     
   7.6666666666666661        6.6666666666666661       0.10240726493552241     
   7.6666666666666661        7.0000000000000000        8.7149457309170730E-002
   7.6666666666666661        7.3333333333333330        7.3457672383313341E-002
   7.6666666666666661        7.6666666666666661        5.4853673647266815E-002
   7.6666666666666661        8.0000000000000000        2.1920906322513055E-002
   7.6666666666666661        8.3333333333333321        2.4958770905683002E-002
   7.6666666666666661        8.6666666666666661        9.6738225139319650E-003
   7.6666666666666661        9.0000000000000000        5.4815739069874565E-003
   7.6666666666666661        9.3333333333333321        5.4788330819696071E-003
   7.6666666666666661        9.6666666666666661        2.7197322757709598E-003
   7.6666666666666661        10.000000000000000        0.0000000000000000     
 
   8.0000000000000000        0.0000000000000000        0.0000000000000000     
   8.0000000000000000       0.33333333333333331        2.0023784764009833E-003
   8.0000000000000000       0.66666666666666663        3.4647452855808428E-003
   8.0000000000000000        1.0000000000000000        3.0964500567943351E-002
   8.0000000000000000        1.3333333333333333        3.3670057424522434E-002
   8.0000000000000000        1.6666666666666665        4.1453173727676505E-002
   8.0000000000000000        2.0000000000000000        5.3502256923441391E-002
   8.0000000000000000        2.3333333333333330        6.7614125564758917E-002
   8.0000000000000000        2.6666666666666665        8.0648017993583593E-002
   8.0000000000000000        3.0000000000000000        9.1206727080526601E-002
   8.0000000000000000        3.3333333333333330       0.12038769276473089     
   8.0000000000000000        3.6666666666666665        3.9075939208812936E-002
   8.0000000000000000        4.0000000000000000        4.1652565038652861E-002
   8.0000000000000000        4.3333333333333330        6.5642797877640727E-002
   8.0000000000000000        4.6666666666666661        7.7276939223645744E-002
   8.0000000000000000        5.0000000000000000        6.9866585885840812E-002
   8.0000000000000000        5.3333333333333330        7.3897175765346310E-002
   8.0000000000000000        5.6666666666666661        9.0041077824773524E-002
   8.0000000000000000        6.0000000000000000        8.9000513362722411E-002
   8.0000000000000000        6.3333333333333330        0.0000000000000000     
   8.0000000000000000        6.6666666666666661        7.5500256984390293E-002
   8.0000000000000000        7.0000000000000000        7.9450207907505829E-002
   8.0000000000000000        7.3333333333333330        2.0628162221133974E-002
   8.0000000000000000        7.6666666666666661        2.7876700688968768E-002
   8.0000000000000000        8.0000000000000000        2.0462059846225154E-002
   8.0000000000000000        8.3333333333333321        1.6970296486118610E-002
   8.0000000000000000        8.6666666666666661        1.0578934486657671E-002
   8.0000000000000000        9.0000000000000000        6.0115835722894615E-003
   8.0000000000000000        9.3333333333333321        4.1259723441062447E-003
   8.0000000000000000        9.6666666666666661        2.0958074628274958E-003
   8.0000000000000000        10.000000000000000        0.0000000000000000     
 
   8.3333333333333321        0.0000000000000000        0.0000000000000000     
   8.3333333333333321       0.33333333333333331        1.9341202615535526E-003
   8.3333333333333321       0.66666666666666663        3.5784804342839467E-003
   8.3333333333333321        1.0000000000000000        1.8513425362329434E-002
   8.3333333333333321        1.3333333333333333        2.5933031594647039E-002
   8.3333333333333321        1.6666666666666665        3.4166769304962027E-002
   8.3333333333333321        2.0000000000000000        4.4003923016203372E-002
   8.3333333333333321        2.3333333333333330        5.9102185988012389E-002
   8.3333333333333321        2.6666666666666665        6.9198944975532070E-002
   8.3333333333333321        3.0000000000000000        8.0872542705311537E-002
   8.3333333333333321        3.3333333333333330        9.8621892345085255E-002
   8.3333333333333321        3.6666666666666665        2.3514301846429022E-002
   8.3333333333333321        4.0000000000000000        2.5339384132324127E-002
   8.3333333333333321        4.3333333333333330        7.9531466718696375E-003
   8.3333333333333321        4.6666666666666661        6.4437066421016405E-003
   8.3333333333333321        5.0000000000000000        5.7671316571849263E-002
   8.3333333333333321        5.3333333333333330        6.0407843624524851E-002
   8.3333333333333321        5.6666666666666661        6.7264569509443498E-002
   8.3333333333333321        6.0000000000000000        6.7826943480432264E-002
   8.3333333333333321        6.3333333333333330        2.8643480567539879E-002
   8.3333333333333321        6.6666666666666661        0.0000000000000000     
   8.3333333333333321        7.0000000000000000        1.2095817167881504E-002
   8.3333333333333321        7.3333333333333330        1.4807466660709845E-002
   8.3333333333333321        7.6666666666666661        1.7249529766014328E-002
   8.3333333333333321        8.0000000000000000        1.6537944881912823E-002
   8.3333333333333321        8.3333333333333321        1.3165193245604188E-002
   8.3333333333333321        8.6666666666666661        4.4355922461341429E-003
   8.3333333333333321        9.0000000000000000        4.4349094242323722E-003
   8.3333333333333321        9.3333333333333321        3.3198063771125073E-003
   8.3333333333333321        9.6666666666666661        1.7443566881974379E-003
   8.3333333333333321        10.000000000000000        0.0000000000000000     
 
   8.6666666666666661        0.0000000000000000        0.0000000000000000     
   8.6666666666666661       0.33333333333333331        2.3563574297492808E-003
   8.6666666666666661       0.66666666666666663        5.7033017687102691E-003
   8.6666666666666661        1.0000000000000000        1.2789566881521486E-002
   8.6666666666666661        1.3333333333333333        1.9575742483058503E-002
   8.6666666666666661        1.6666666666666665        2.7895788023494014E-002
   8.6666666666666661        2.0000000000000000        3.2246121141813348E-002
   8.6666666666666661        2.3333333333333330        4.5984685059960007E-002
   8.6666666666666661        2.6666666666666665        5.9976006317730653E-002
   8.6666666666666661        3.0000000000000000        6.8458182238614468E-002
   8.6666666666666661        3.3333333333333330        0.0000000000000000     
   8.6666666666666661        3.6666666666666665        8.9087163160090181E-003
   8.6666666666666661        4.0000000000000000        1.2671835974664888E-002
   8.6666666666666661        4.3333333333333330        8.8204736157473582E-003
   8.6666666666666661        4.6666666666666661        7.2215831996197914E-003
   8.6666666666666661        5.0000000000000000        4.3031045256847929E-002
   8.6666666666666661        5.3333333333333330        4.5386949096497049E-002
   8.6666666666666661        5.6666666666666661        5.3339380868322274E-002
   8.6666666666666661        6.0000000000000000        4.9759021688526292E-002
   8.6666666666666661        6.3333333333333330        3.0344212281027478E-002
   8.6666666666666661        6.6666666666666661        9.6411931972866655E-003
   8.6666666666666661        7.0000000000000000        1.0410936972715794E-002
   8.6666666666666661        7.3333333333333330        1.0405455071306529E-002
   8.6666666666666661        7.6666666666666661        1.1030058759203366E-002
   8.6666666666666661        8.0000000000000000        5.7257817852559099E-003
   8.6666666666666661        8.3333333333333321        7.0577630950447853E-003
   8.6666666666666661        8.6666666666666661        4.9152449812301944E-003
   8.6666666666666661        9.0000000000000000        1.5022231475659916E-003
   8.6666666666666661        9.3333333333333321        8.5965668543871705E-004
   8.6666666666666661        9.6666666666666661        0.0000000000000000     
   8.6666666666666661        10.000000000000000        0.0000000000000000     
 
   9.0000000000000000        0.0000000000000000        0.0000000000000000     
   9.0000000000000000       0.33333333333333331        2.0353999426503612E-003
   9.0000000000000000       0.66666666666666663        4.6647593016485309E-003
   9.0000000000000000        1.0000000000000000        8.5807129033635063E-003
   9.0000000000000000        1.3333333333333333        1.3431963693574790E-002
   9.0000000000000000        1.6666666666666665        1.6880506639550683E-002
   9.0000000000000000        2.0000000000000000        2.7373652533489144E-002
   9.0000000000000000        2.3333333333333330        3.5280129946611880E-002
   9.0000000000000000        2.6666666666666665        5.2263889107304225E-004
   9.0000000000000000        3.0000000000000000        9.2023922516444178E-004
   9.0000000000000000        3.3333333333333330        3.8734054996861860E-003
   9.0000000000000000        3.6666666666666665        5.9853840571316048E-003
   9.0000000000000000        4.0000000000000000        8.7169579272754986E-003
   9.0000000000000000        4.3333333333333330        8.3389328278596735E-003
   9.0000000000000000        4.6666666666666661        7.2052194171921152E-004
   9.0000000000000000        5.0000000000000000        2.5405044758693117E-002
   9.0000000000000000        5.3333333333333330        2.7023553451457148E-002
   9.0000000000000000        5.6666666666666661        8.2371319919211181E-003
   9.0000000000000000        6.0000000000000000        1.0422810596585310E-002
   9.0000000000000000        6.3333333333333330        1.4272201339609486E-002
   9.0000000000000000        6.6666666666666661        9.6963204124049067E-003
   9.0000000000000000        7.0000000000000000        4.9603902170462025E-003
   9.0000000000000000        7.3333333333333330        6.2576755195630851E-003
   9.0000000000000000        7.6666666666666661        6.3416998860557012E-003
   9.0000000000000000        8.0000000000000000        4.9688979559625443E-003
   9.0000000000000000        8.3333333333333321        5.0906706486998250E-003
   9.0000000000000000        8.6666666666666661        3.7640379343947144E-003
   9.0000000000000000        9.0000000000000000        1.6917431171591330E-003
   9.0000000000000000        9.3333333333333321        9.7672881907024289E-004
   9.0000000000000000        9.6666666666666661        7.6011307489495225E-005
   9.0000000000000000        10.000000000000000        0.0000000000000000     
 
   9.3333333333333321        0.0000000000000000        0.0000000000000000     
   9.3333333333333321       0.33333333333333331        1.3396201521910420E-003
   9.3333333333333321       0.66666666666666663        2.8264935560054997E-003
   9.3333333333333321        1.0000000000000000        4.2943878633052998E-003
   9.3333333333333321        1.3333333333333333        4.8651530176748890E-003
   9.3333333333333321        1.6666666666666665        7.9067717707977901E-003
   9.3333333333333321        2.0000000000000000        8.8964021423365428E-004
   9.3333333333333321        2.3333333333333330        4.9393151903423559E-004
   9.3333333333333321        2.6666666666666665        5.9391011766391736E-004
   9.3333333333333321        3.0000000000000000        1.0379685233554707E-003
   9.3333333333333321        3.3333333333333330        2.1749811461177892E-003
   9.3333333333333321        3.6666666666666665        3.0436691952069120E-003
   9.3333333333333321        4.0000000000000000        0.0000000000000000     
   9.3333333333333321        4.3333333333333330        6.0589177037577153E-004
   9.3333333333333321        4.6666666666666661        7.9017230199075023E-004
   9.3333333333333321        5.0000000000000000        7.3071490134790943E-003
   9.3333333333333321        5.3333333333333330        1.1848030896140909E-002
   9.3333333333333321        5.6666666666666661        8.9108487184671962E-003
   9.3333333333333321        6.0000000000000000        7.3178726098937375E-003
   9.3333333333333321        6.3333333333333330        7.5518767568201741E-003
   9.3333333333333321        6.6666666666666661        5.9199640920035894E-003
   9.3333333333333321        7.0000000000000000        4.1375011760800750E-003
   9.3333333333333321        7.3333333333333330        3.9003899012913755E-003
   9.3333333333333321        7.6666666666666661        3.6943133542349351E-003
   9.3333333333333321        8.0000000000000000        3.2163868643736728E-003
   9.3333333333333321        8.3333333333333321        4.5132713069235918E-004
   9.3333333333333321        8.6666666666666661        4.8794929643065585E-004
   9.3333333333333321        9.0000000000000000        7.2432257896440713E-004
   9.3333333333333321        9.3333333333333321        5.0396091450596175E-004
   9.3333333333333321        9.6666666666666661        1.6254407335786116E-004
   9.3333333333333321        10.000000000000000        0.0000000000000000     
 
   9.6666666666666661        0.0000000000000000        0.0000000000000000     
   9.6666666666666661       0.33333333333333331        6.4510994104298219E-004
   9.6666666666666661       0.66666666666666663        1.3138655992290542E-003
   9.6666666666666661        1.0000000000000000        1.9300404750707222E-003
   9.6666666666666661        1.3333333333333333        2.3216532502069076E-003
   9.6666666666666661        1.6666666666666665        2.7362288452515864E-003
   9.6666666666666661        2.0000000000000000        9.9379764766584699E-004
   9.6666666666666661        2.3333333333333330        4.5757362508874630E-004
   9.6666666666666661        2.6666666666666665        3.9734316606767158E-004
   9.6666666666666661        3.0000000000000000        5.8767561326331769E-004
   9.6666666666666661        3.3333333333333330        9.8632342222702732E-004
   9.6666666666666661        3.6666666666666665        1.2953927763792307E-003
   9.6666666666666661        4.0000000000000000        2.2837424414130669E-004
   9.6666666666666661        4.3333333333333330        4.7706482552300442E-004
   9.6666666666666661        4.6666666666666661        1.1147028042427659E-003
   9.6666666666666661        5.0000000000000000        3.2786254686782254E-003
   9.6666666666666661        5.3333333333333330        4.9287102762297181E-003
   9.6666666666666661        5.6666666666666661        1.4109092922292368E-003
   9.6666666666666661        6.0000000000000000        2.9374024406367541E-003
   9.6666666666666661        6.3333333333333330        3.2516489867662579E-003
   9.6666666666666661        6.6666666666666661        2.7720728957852888E-003
   9.6666666666666661        7.0000000000000000        2.1493612784799442E-003
   9.6666666666666661        7.3333333333333330        1.8866154914840793E-003
   9.6666666666666661        7.6666666666666661        1.6817006411803715E-003
   9.6666666666666661        8.0000000000000000        1.3164232261212237E-003
   9.6666666666666661        8.3333333333333321        5.0622313829760458E-004
   9.6666666666666661        8.6666666666666661        3.1479036364130198E-004
   9.6666666666666661        9.0000000000000000        3.0445165922191096E-004
   9.6666666666666661        9.3333333333333321        2.1788753011216835E-004
   9.6666666666666661        9.6666666666666661        9.1995068407516118E-005
   9.6666666666666661        10.000000000000000        0.0000000000000000     
 
   10.000000000000000        0.0000000000000000        0.0000000000000000     
   10.000000000000000       0.33333333333333331        0.0000000000000000     
   10.000000000000000       0.66666666666666663        0.0000000000000000     
   10.000000000000000        1.0000000000000000        0.0000000000000000     
   10.000000000000000        1.3333333333333333        0.0000000000000000     
   10.000000000000000        1.6666666666666665        0.0000000000000000     
   10.000000000000000        2.0000000000000000        0.0000000000000000     
   10.000000000000000        2.3333333333333330        0.0000000000000000     
   10.000000000000000        2.6666666666666665        0.0000000000000000     
   10.000000000000000        3.0000000000000000        0.0000000000000000     
   10.000000000000000        3.3333333333333330        0.0000000000000000     
   10.000000000000000        3.6666666666666665        0.0000000000000000     
   10.000000000000000        4.0000000000000000        0.0000000000000000     
   10.000000000000000        4.3333333333333330        0.0000000000000000     
   10.000000000000000        4.6666666666666661        0.0000000000000000     
   10.000000000000000        5.0000000000000000        0.0000000000000000     
   10.000000000000000        5.3333333333333330        0.0000000000000000     
   10.000000000000000        5.6666666666666661        0.0000000000000000     
   10.000000000000000        6.0000000000000000        0.0000000000000000     
   10.000000000000000        6.3333333333333330        0.0000000000000000     
   10.000000000000000        6.6666666666666661        0.0000000000000000     
   10.000000000000000        7.0000000000000000        0.0000000000000000     
   10.000000000000000        7.3333333333333330        0.0000000000000000     
   10.000000000000000        7.6666666666666661        0.0000000000000000     
   10.000000000000000        8.0000000000000000        0.0000000000000000     
   10.000000000000000        8.3333333333333321        0.0000000000000000     
   10.000000000000000        8.6666666666666661        0.0000000000000000     
   10.000000000000000        9.0000000000000000        0.0000000000000000     
   10.000000000000000        9.3333333333333321        0.0000000000000000     
   10.000000000000000        9.6666666666666661        0.0000000000000000     
   10.000000000000000        10.000000000000000        0.0000000000000000     
 
