   0.0000000000000000        0.0000000000000000        0.0000000000000000     
   0.0000000000000000       0.33333333333333331        0.0000000000000000     
   0.0000000000000000       0.66666666666666663        0.0000000000000000     
   0.0000000000000000        1.0000000000000000        0.0000000000000000     
   0.0000000000000000        1.3333333333333333        0.0000000000000000     
   0.0000000000000000        1.6666666666666665        0.0000000000000000     
   0.0000000000000000        2.0000000000000000        0.0000000000000000     
   0.0000000000000000        2.3333333333333330        0.0000000000000000     
   0.0000000000000000        2.6666666666666665        0.0000000000000000     
   0.0000000000000000        3.0000000000000000        0.0000000000000000     
   0.0000000000000000        3.3333333333333330        0.0000000000000000     
   0.0000000000000000        3.6666666666666665        0.0000000000000000     
   0.0000000000000000        4.0000000000000000        0.0000000000000000     
   0.0000000000000000        4.3333333333333330        0.0000000000000000     
   0.0000000000000000        4.6666666666666661        0.0000000000000000     
   0.0000000000000000        5.0000000000000000        0.0000000000000000     
   0.0000000000000000        5.3333333333333330        0.0000000000000000     
   0.0000000000000000        5.6666666666666661        0.0000000000000000     
   0.0000000000000000        6.0000000000000000        0.0000000000000000     
   0.0000000000000000        6.3333333333333330        0.0000000000000000     
   0.0000000000000000        6.6666666666666661        0.0000000000000000     
   0.0000000000000000        7.0000000000000000        0.0000000000000000     
   0.0000000000000000        7.3333333333333330        0.0000000000000000     
   0.0000000000000000        7.6666666666666661        0.0000000000000000     
   0.0000000000000000        8.0000000000000000        0.0000000000000000     
   0.0000000000000000        8.3333333333333321        0.0000000000000000     
   0.0000000000000000        8.6666666666666661        0.0000000000000000     
   0.0000000000000000        9.0000000000000000        0.0000000000000000     
   0.0000000000000000        9.3333333333333321        0.0000000000000000     
   0.0000000000000000        9.6666666666666661        0.0000000000000000     
   0.0000000000000000        10.000000000000000        0.0000000000000000     
 
  0.33333333333333331        0.0000000000000000        0.0000000000000000     
  0.33333333333333331       0.33333333333333331        3.0289540435762347E-004
  0.33333333333333331       0.66666666666666663        5.2077215664055520E-004
  0.33333333333333331        1.0000000000000000        5.8030372520599444E-004
  0.33333333333333331        1.3333333333333333        1.2435452316339362E-003
  0.33333333333333331        1.6666666666666665        1.8221546329076350E-003
  0.33333333333333331        2.0000000000000000        2.7214433194659750E-003
  0.33333333333333331        2.3333333333333330        3.2928231762802012E-003
  0.33333333333333331        2.6666666666666665        2.8650650720225793E-003
  0.33333333333333331        3.0000000000000000        5.3995515953437576E-003
  0.33333333333333331        3.3333333333333330        5.9074744131489484E-003
  0.33333333333333331        3.6666666666666665        5.7979487817701684E-003
  0.33333333333333331        4.0000000000000000        5.8664433083699744E-003
  0.33333333333333331        4.3333333333333330        5.7799232005167397E-003
  0.33333333333333331        4.6666666666666661        3.5726006876514440E-003
  0.33333333333333331        5.0000000000000000        5.0293042437544126E-003
  0.33333333333333331        5.3333333333333330        1.1617448467205077E-002
  0.33333333333333331        5.6666666666666661        1.3674849242865409E-002
  0.33333333333333331        6.0000000000000000        1.4645306053851694E-002
  0.33333333333333331        6.3333333333333330        1.4783220490028514E-002
  0.33333333333333331        6.6666666666666661        1.0177785791812012E-002
  0.33333333333333331        7.0000000000000000        1.5851755615075690E-002
  0.33333333333333331        7.3333333333333330        7.8017847486232059E-003
  0.33333333333333331        7.6666666666666661        7.6411581235965621E-003
  0.33333333333333331        8.0000000000000000        6.2630679274582124E-003
  0.33333333333333331        8.3333333333333321        4.5724115928592549E-003
  0.33333333333333331        8.6666666666666661        3.7682361259674000E-003
  0.33333333333333331        9.0000000000000000        2.8685823041387079E-003
  0.33333333333333331        9.3333333333333321        1.6365642208105743E-003
  0.33333333333333331        9.6666666666666661        7.2675279979385636E-004
  0.33333333333333331        10.000000000000000        0.0000000000000000     
 
  0.66666666666666663        0.0000000000000000        0.0000000000000000     
  0.66666666666666663       0.33333333333333331        7.0196489407060598E-004
  0.66666666666666663       0.66666666666666663        1.2194772934802929E-003
  0.66666666666666663        1.0000000000000000        2.9756109585109027E-003
  0.66666666666666663        1.3333333333333333        2.6216303407726399E-003
  0.66666666666666663        1.6666666666666665        3.3950274227298820E-003
  0.66666666666666663        2.0000000000000000        5.8727293963974515E-003
  0.66666666666666663        2.3333333333333330        7.7022853453175130E-003
  0.66666666666666663        2.6666666666666665        1.5283310276101757E-002
  0.66666666666666663        3.0000000000000000        1.2995747409759860E-002
  0.66666666666666663        3.3333333333333330        1.2613769341976484E-002
  0.66666666666666663        3.6666666666666665        1.1596061290489679E-002
  0.66666666666666663        4.0000000000000000        1.2064857227304104E-002
  0.66666666666666663        4.3333333333333330        1.3846908356966869E-002
  0.66666666666666663        4.6666666666666661        0.0000000000000000     
  0.66666666666666663        5.0000000000000000        3.1328323806962918E-002
  0.66666666666666663        5.3333333333333330        2.7972086784972018E-002
  0.66666666666666663        5.6666666666666661        2.8646091423257580E-002
  0.66666666666666663        6.0000000000000000        3.0309795674205251E-002
  0.66666666666666663        6.3333333333333330        3.4466062753252466E-002
  0.66666666666666663        6.6666666666666661        5.5998947789775266E-002
  0.66666666666666663        7.0000000000000000        4.5560252012657051E-002
  0.66666666666666663        7.3333333333333330        1.6334270956514518E-002
  0.66666666666666663        7.6666666666666661        1.6617159639426535E-002
  0.66666666666666663        8.0000000000000000        1.2953727597087999E-002
  0.66666666666666663        8.3333333333333321        8.3573947642799715E-003
  0.66666666666666663        8.6666666666666661        7.7255305702498113E-003
  0.66666666666666663        9.0000000000000000        6.1461594672851897E-003
  0.66666666666666663        9.3333333333333321        2.9969525304850636E-003
  0.66666666666666663        9.6666666666666661        1.2915554981791637E-003
  0.66666666666666663        10.000000000000000        0.0000000000000000     
 
   1.0000000000000000        0.0000000000000000        0.0000000000000000     
   1.0000000000000000       0.33333333333333331        1.3101273359302223E-003
   1.0000000000000000       0.66666666666666663        2.4788021991355540E-003
   1.0000000000000000        1.0000000000000000        3.4438138483788858E-003
   1.0000000000000000        1.3333333333333333        2.9756109585109027E-003
   1.0000000000000000        1.6666666666666665        9.9354321983564278E-003
   1.0000000000000000        2.0000000000000000        9.8874505588425164E-003
   1.0000000000000000        2.3333333333333330        1.4207793403284338E-002
   1.0000000000000000        2.6666666666666665        1.8050039173872698E-002
   1.0000000000000000        3.0000000000000000        1.9080483356901077E-002
   1.0000000000000000        3.3333333333333330        2.0324483174721429E-002
   1.0000000000000000        3.6666666666666665        1.6253438138692785E-002
   1.0000000000000000        4.0000000000000000        1.7304381392048429E-002
   1.0000000000000000        4.3333333333333330        2.4083501786458562E-002
   1.0000000000000000        4.6666666666666661        3.4540654914267978E-002
   1.0000000000000000        5.0000000000000000        3.5315680845571878E-002
   1.0000000000000000        5.3333333333333330        4.0791105954702450E-002
   1.0000000000000000        5.6666666666666661        4.3049963759151329E-002
   1.0000000000000000        6.0000000000000000        4.3839415066421139E-002
   1.0000000000000000        6.3333333333333330        5.8619422994370805E-002
   1.0000000000000000        6.6666666666666661        6.6825989956868254E-002
   1.0000000000000000        7.0000000000000000        6.5148202689257945E-002
   1.0000000000000000        7.3333333333333330        5.2308115733613582E-002
   1.0000000000000000        7.6666666666666661        2.9793463762810425E-002
   1.0000000000000000        8.0000000000000000        2.0810075442587055E-002
   1.0000000000000000        8.3333333333333321        1.5822418651258243E-002
   1.0000000000000000        8.6666666666666661        1.2822221990695121E-002
   1.0000000000000000        9.0000000000000000        1.1155330192264596E-002
   1.0000000000000000        9.3333333333333321        1.4355289676792511E-003
   1.0000000000000000        9.6666666666666661        1.4795913836444642E-003
   1.0000000000000000        10.000000000000000        0.0000000000000000     
 
   1.3333333333333333        0.0000000000000000        0.0000000000000000     
   1.3333333333333333       0.33333333333333331        2.1030951790779861E-003
   1.3333333333333333       0.66666666666666663        4.0252592339658066E-003
   1.3333333333333333        1.0000000000000000        5.4666102222101758E-003
   1.3333333333333333        1.3333333333333333        1.1169635532076762E-002
   1.3333333333333333        1.6666666666666665        1.0359554304828137E-002
   1.3333333333333333        2.0000000000000000        2.2887381010690312E-002
   1.3333333333333333        2.3333333333333330        2.1647744775753975E-002
   1.3333333333333333        2.6666666666666665        2.4171421414693212E-002
   1.3333333333333333        3.0000000000000000        2.5491899162598707E-002
   1.3333333333333333        3.3333333333333330        3.3885640847017631E-002
   1.3333333333333333        3.6666666666666665        6.0895711020012955E-002
   1.3333333333333333        4.0000000000000000        4.7491294213615511E-002
   1.3333333333333333        4.3333333333333330        4.1719623968765024E-002
   1.3333333333333333        4.6666666666666661        6.7391224484606840E-002
   1.3333333333333333        5.0000000000000000        6.2558367584345270E-002
   1.3333333333333333        5.3333333333333330        5.7498436061177750E-002
   1.3333333333333333        5.6666666666666661        5.9504823590232049E-002
   1.3333333333333333        6.0000000000000000        9.9296851805748085E-002
   1.3333333333333333        6.3333333333333330        8.9724836381664952E-002
   1.3333333333333333        6.6666666666666661        8.7915558464792695E-002
   1.3333333333333333        7.0000000000000000        8.3425984579463708E-002
   1.3333333333333333        7.3333333333333330        7.5226583828915242E-002
   1.3333333333333333        7.6666666666666661        1.9550697614886637E-002
   1.3333333333333333        8.0000000000000000        2.0043557092155107E-002
   1.3333333333333333        8.3333333333333321        1.9212271548676444E-002
   1.3333333333333333        8.6666666666666661        1.6904693368667494E-002
   1.3333333333333333        9.0000000000000000        1.4781774243138326E-002
   1.3333333333333333        9.3333333333333321        6.9083358572270027E-003
   1.3333333333333333        9.6666666666666661        3.2327083021291060E-003
   1.3333333333333333        10.000000000000000        0.0000000000000000     
 
   1.6666666666666665        0.0000000000000000        0.0000000000000000     
   1.6666666666666665       0.33333333333333331        3.1405153446447459E-003
   1.6666666666666665       0.66666666666666663        6.1752262480592561E-003
   1.6666666666666665        1.0000000000000000        9.0998149297346707E-003
   1.6666666666666665        1.3333333333333333        1.2362236320034201E-002
   1.6666666666666665        1.6666666666666665        2.5553629465786702E-002
   1.6666666666666665        2.0000000000000000        2.4815128107992974E-002
   1.6666666666666665        2.3333333333333330        2.5967421033821728E-002
   1.6666666666666665        2.6666666666666665        3.2166605330461118E-002
   1.6666666666666665        3.0000000000000000        5.9850064947282323E-002
   1.6666666666666665        3.3333333333333330        5.6579918552143720E-002
   1.6666666666666665        3.6666666666666665        6.2060755154865789E-002
   1.6666666666666665        4.0000000000000000        5.4325941979125256E-002
   1.6666666666666665        4.3333333333333330        5.4531542037721224E-002
   1.6666666666666665        4.6666666666666661        6.8643484711490080E-002
   1.6666666666666665        5.0000000000000000        6.8612468041825234E-002
   1.6666666666666665        5.3333333333333330        6.7971166726927920E-002
   1.6666666666666665        5.6666666666666661        7.8671014466945091E-002
   1.6666666666666665        6.0000000000000000       0.10915263501157903     
   1.6666666666666665        6.3333333333333330       0.11335011153172507     
   1.6666666666666665        6.6666666666666661       0.11197393163776970     
   1.6666666666666665        7.0000000000000000       0.10573176642143964     
   1.6666666666666665        7.3333333333333330        9.0323226963477873E-002
   1.6666666666666665        7.6666666666666661        1.9144671181934629E-002
   1.6666666666666665        8.0000000000000000        2.1060647557456891E-002
   1.6666666666666665        8.3333333333333321        2.4511626078504437E-002
   1.6666666666666665        8.6666666666666661        2.1190967230236144E-002
   1.6666666666666665        9.0000000000000000        1.6637461010790101E-002
   1.6666666666666665        9.3333333333333321        1.0752990144401247E-002
   1.6666666666666665        9.6666666666666661        4.6247909302617176E-003
   1.6666666666666665        10.000000000000000        0.0000000000000000     
 
   2.0000000000000000        0.0000000000000000        0.0000000000000000     
   2.0000000000000000       0.33333333333333331        4.3688552738864626E-003
   2.0000000000000000       0.66666666666666663        8.6045047972599254E-003
   2.0000000000000000        1.0000000000000000        1.2650819368507656E-002
   2.0000000000000000        1.3333333333333333        1.7181695306755132E-002
   2.0000000000000000        1.6666666666666665        2.6970473235025275E-002
   2.0000000000000000        2.0000000000000000        2.5553629465786702E-002
   2.0000000000000000        2.3333333333333330        4.6136988950847113E-002
   2.0000000000000000        2.6666666666666665        4.7162241316280044E-002
   2.0000000000000000        3.0000000000000000        6.4145185412900069E-002
   2.0000000000000000        3.3333333333333330        7.1497873184666813E-002
   2.0000000000000000        3.6666666666666665        7.7521054341395820E-002
   2.0000000000000000        4.0000000000000000       0.11770744778183533     
   2.0000000000000000        4.3333333333333330       0.11165618431461184     
   2.0000000000000000        4.6666666666666661        8.5185725127855896E-002
   2.0000000000000000        5.0000000000000000        7.6336438384934868E-002
   2.0000000000000000        5.3333333333333330        0.0000000000000000     
   2.0000000000000000        5.6666666666666661       0.18422725591247802     
   2.0000000000000000        6.0000000000000000       0.14546574510770580     
   2.0000000000000000        6.3333333333333330       0.14262443721572712     
   2.0000000000000000        6.6666666666666661       0.14096845253330476     
   2.0000000000000000        7.0000000000000000       0.13733941358756360     
   2.0000000000000000        7.3333333333333330        1.7154529608005981E-002
   2.0000000000000000        7.6666666666666661        1.7825947734969070E-002
   2.0000000000000000        8.0000000000000000        5.3565673067757072E-002
   2.0000000000000000        8.3333333333333321        3.7046083461967506E-002
   2.0000000000000000        8.6666666666666661        2.7131016247131195E-002
   2.0000000000000000        9.0000000000000000        2.0182604094574865E-002
   2.0000000000000000        9.3333333333333321        1.5085319033902327E-002
   2.0000000000000000        9.6666666666666661        3.0841625072292786E-003
   2.0000000000000000        10.000000000000000        0.0000000000000000     
 
   2.3333333333333330        0.0000000000000000        0.0000000000000000     
   2.3333333333333330       0.33333333333333331        5.8337386889463667E-003
   2.3333333333333330       0.66666666666666663        1.1427832540930620E-002
   2.3333333333333330        1.0000000000000000        1.6024592153188588E-002
   2.3333333333333330        1.3333333333333333        3.9464979939943121E-002
   2.3333333333333330        1.6666666666666665        4.0213123003627158E-002
   2.3333333333333330        2.0000000000000000        7.2491912440761794E-002
   2.3333333333333330        2.3333333333333330        8.5272930298450372E-002
   2.3333333333333330        2.6666666666666665        8.5270318216379912E-002
   2.3333333333333330        3.0000000000000000        7.9067339467821005E-002
   2.3333333333333330        3.3333333333333330        8.8725535171622585E-002
   2.3333333333333330        3.6666666666666665        9.9993458705062793E-002
   2.3333333333333330        4.0000000000000000       0.11863040597764601     
   2.3333333333333330        4.3333333333333330       0.13897407694974556     
   2.3333333333333330        4.6666666666666661       0.21688445130849873     
   2.3333333333333330        5.0000000000000000       0.23972617855042727     
   2.3333333333333330        5.3333333333333330       0.23643037907758352     
   2.3333333333333330        5.6666666666666661       0.22186503409073710     
   2.3333333333333330        6.0000000000000000       0.19608473530857443     
   2.3333333333333330        6.3333333333333330       0.17037568345417511     
   2.3333333333333330        6.6666666666666661       0.17160287990822579     
   2.3333333333333330        7.0000000000000000       0.16504575462842602     
   2.3333333333333330        7.3333333333333330       0.18188158277358302     
   2.3333333333333330        7.6666666666666661       0.11467470887077096     
   2.3333333333333330        8.0000000000000000        7.0468251348627553E-002
   2.3333333333333330        8.3333333333333321        4.3419745003929852E-002
   2.3333333333333330        8.6666666666666661        3.0543413146287411E-002
   2.3333333333333330        9.0000000000000000        2.2265542737516106E-002
   2.3333333333333330        9.3333333333333321        1.4638686040465466E-002
   2.3333333333333330        9.6666666666666661        6.2363245787673592E-003
   2.3333333333333330        10.000000000000000        0.0000000000000000     
 
   2.6666666666666665        0.0000000000000000        0.0000000000000000     
   2.6666666666666665       0.33333333333333331        7.6556247978206626E-003
   2.6666666666666665       0.66666666666666663        1.5475463777748779E-002
   2.6666666666666665        1.0000000000000000        2.4308191870108069E-002
   2.6666666666666665        1.3333333333333333        3.9352190208451043E-002
   2.6666666666666665        1.6666666666666665        5.4853416800032098E-002
   2.6666666666666665        2.0000000000000000        7.3266386063350633E-002
   2.6666666666666665        2.3333333333333330        8.6052683499854579E-002
   2.6666666666666665        2.6666666666666665        9.2328389209982736E-002
   2.6666666666666665        3.0000000000000000       0.11167465476708466     
   2.6666666666666665        3.3333333333333330       0.10521628541064632     
   2.6666666666666665        3.6666666666666665       0.11590963252109161     
   2.6666666666666665        4.0000000000000000       0.18727790041116193     
   2.6666666666666665        4.3333333333333330       0.18712002064546293     
   2.6666666666666665        4.6666666666666661       0.21598082688600440     
   2.6666666666666665        5.0000000000000000       0.23794268536805430     
   2.6666666666666665        5.3333333333333330       0.24876953252678116     
   2.6666666666666665        5.6666666666666661       0.24299026413720884     
   2.6666666666666665        6.0000000000000000       0.22048588455032764     
   2.6666666666666665        6.3333333333333330       0.23337744302429636     
   2.6666666666666665        6.6666666666666661       0.20911341793791929     
   2.6666666666666665        7.0000000000000000       0.18545804541878183     
   2.6666666666666665        7.3333333333333330       0.18107228276259546     
   2.6666666666666665        7.6666666666666661       0.15874904980407867     
   2.6666666666666665        8.0000000000000000        3.5469750807701782E-002
   2.6666666666666665        8.3333333333333321        3.6058661120286467E-002
   2.6666666666666665        8.6666666666666661        2.9817768042958034E-002
   2.6666666666666665        9.0000000000000000        2.4103932572006444E-002
   2.6666666666666665        9.3333333333333321        1.5263750291732140E-002
   2.6666666666666665        9.6666666666666661        7.3528841130912600E-003
   2.6666666666666665        10.000000000000000        0.0000000000000000     
 
   3.0000000000000000        0.0000000000000000        0.0000000000000000     
   3.0000000000000000       0.33333333333333331        9.4442451991552673E-003
   3.0000000000000000       0.66666666666666663        1.8767089904904090E-002
   3.0000000000000000        1.0000000000000000        2.6763491650908577E-002
   3.0000000000000000        1.3333333333333333        6.2205191250656787E-002
   3.0000000000000000        1.6666666666666665        6.7223859773479347E-002
   3.0000000000000000        2.0000000000000000        8.0356873368533185E-002
   3.0000000000000000        2.3333333333333330        9.4028163953840116E-002
   3.0000000000000000        2.6666666666666665       0.10633875526521500     
   3.0000000000000000        3.0000000000000000       0.11864378840531802     
   3.0000000000000000        3.3333333333333330       0.15003121823109336     
   3.0000000000000000        3.6666666666666665       0.14301715392500985     
   3.0000000000000000        4.0000000000000000       0.20646814509496722     
   3.0000000000000000        4.3333333333333330       0.20593035704043389     
   3.0000000000000000        4.6666666666666661       0.22093205567773483     
   3.0000000000000000        5.0000000000000000       0.24541403501875425     
   3.0000000000000000        5.3333333333333330       0.27515307491626162     
   3.0000000000000000        5.6666666666666661       0.27828432295524830     
   3.0000000000000000        6.0000000000000000       0.28456976405226753     
   3.0000000000000000        6.3333333333333330       0.25511549501521452     
   3.0000000000000000        6.6666666666666661       0.24416376891280275     
   3.0000000000000000        7.0000000000000000       0.21527537263273067     
   3.0000000000000000        7.3333333333333330       0.19725782876574718     
   3.0000000000000000        7.6666666666666661       0.17987848413370916     
   3.0000000000000000        8.0000000000000000       0.15593866616913238     
   3.0000000000000000        8.3333333333333321        2.8462475751335741E-002
   3.0000000000000000        8.6666666666666661        2.9076673986497100E-002
   3.0000000000000000        9.0000000000000000        2.9511988319496345E-002
   3.0000000000000000        9.3333333333333321        1.4692566397577010E-002
   3.0000000000000000        9.6666666666666661        8.0579636851194781E-003
   3.0000000000000000        10.000000000000000        0.0000000000000000     
 
   3.3333333333333330        0.0000000000000000        0.0000000000000000     
   3.3333333333333330       0.33333333333333331        1.1493272845727726E-002
   3.3333333333333330       0.66666666666666663        2.3650820073812182E-002
   3.3333333333333330        1.0000000000000000        3.7575030048033989E-002
   3.3333333333333330        1.3333333333333333        5.7769039918075075E-002
   3.3333333333333330        1.6666666666666665        7.2074047310360490E-002
   3.3333333333333330        2.0000000000000000        8.7483687872896565E-002
   3.3333333333333330        2.3333333333333330       0.10386919377554212     
   3.3333333333333330        2.6666666666666665       0.12075147914455030     
   3.3333333333333330        3.0000000000000000       0.13817988048889648     
   3.3333333333333330        3.3333333333333330       0.15679172546588602     
   3.3333333333333330        3.6666666666666665       0.16302907024767430     
   3.3333333333333330        4.0000000000000000       0.20601653015474766     
   3.3333333333333330        4.3333333333333330       0.20850698856141286     
   3.3333333333333330        4.6666666666666661       0.21520260852553080     
   3.3333333333333330        5.0000000000000000       0.34931495611173408     
   3.3333333333333330        5.3333333333333330       0.32452203694933457     
   3.3333333333333330        5.6666666666666661       0.31285605810117384     
   3.3333333333333330        6.0000000000000000       0.30974433237496740     
   3.3333333333333330        6.3333333333333330       0.28993016047621922     
   3.3333333333333330        6.6666666666666661       0.26536682695428276     
   3.3333333333333330        7.0000000000000000       0.23149717580210774     
   3.3333333333333330        7.3333333333333330       0.21149081642293729     
   3.3333333333333330        7.6666666666666661       0.18272168255649482     
   3.3333333333333330        8.0000000000000000       0.15589381695290563     
   3.3333333333333330        8.3333333333333321        9.4457132288793530E-002
   3.3333333333333330        8.6666666666666661        4.8896460850168869E-002
   3.3333333333333330        9.0000000000000000        3.5865075287762088E-002
   3.3333333333333330        9.3333333333333321        2.1562928372296796E-002
   3.3333333333333330        9.6666666666666661        1.0324605225330971E-002
   3.3333333333333330        10.000000000000000        0.0000000000000000     
 
   3.6666666666666665        0.0000000000000000        0.0000000000000000     
   3.6666666666666665       0.33333333333333331        1.3024705973591851E-002
   3.6666666666666665       0.66666666666666663        2.7049985088110982E-002
   3.6666666666666665        1.0000000000000000        4.2513089133039347E-002
   3.6666666666666665        1.3333333333333333        5.9721966805125204E-002
   3.6666666666666665        1.6666666666666665        7.6323300427006607E-002
   3.6666666666666665        2.0000000000000000        9.4063260779115462E-002
   3.6666666666666665        2.3333333333333330       0.11348942033982831     
   3.6666666666666665        2.6666666666666665       0.13467292338015860     
   3.6666666666666665        3.0000000000000000       0.15632038530642819     
   3.6666666666666665        3.3333333333333330       0.17541495199274362     
   3.6666666666666665        3.6666666666666665       0.18869871908044505     
   3.6666666666666665        4.0000000000000000       0.20256835871522713     
   3.6666666666666665        4.3333333333333330       0.20601653015474766     
   3.6666666666666665        4.6666666666666661       0.38947860935376827     
   3.6666666666666665        5.0000000000000000       0.36717262718119026     
   3.6666666666666665        5.3333333333333330       0.35493434410306823     
   3.6666666666666665        5.6666666666666661       0.33353683236913306     
   3.6666666666666665        6.0000000000000000       0.32655313580959044     
   3.6666666666666665        6.3333333333333330       0.30996975575592056     
   3.6666666666666665        6.6666666666666661       0.29226398485445998     
   3.6666666666666665        7.0000000000000000       0.25168493998864255     
   3.6666666666666665        7.3333333333333330       0.23277152385154243     
   3.6666666666666665        7.6666666666666661       0.12847077578754987     
   3.6666666666666665        8.0000000000000000       0.12881870281982374     
   3.6666666666666665        8.3333333333333321        9.5083899969288482E-002
   3.6666666666666665        8.6666666666666661        6.2469528750696071E-002
   3.6666666666666665        9.0000000000000000        4.3961570477757457E-002
   3.6666666666666665        9.3333333333333321        2.5676760824231894E-002
   3.6666666666666665        9.6666666666666661        1.1833696510934568E-002
   3.6666666666666665        10.000000000000000        0.0000000000000000     
 
   4.0000000000000000        0.0000000000000000        0.0000000000000000     
   4.0000000000000000       0.33333333333333331        1.3706108872790090E-002
   4.0000000000000000       0.66666666666666663        2.9300922095068828E-002
   4.0000000000000000        1.0000000000000000        4.6103238932120927E-002
   4.0000000000000000        1.3333333333333333        6.2735575628195553E-002
   4.0000000000000000        1.6666666666666665        7.9851906987516763E-002
   4.0000000000000000        2.0000000000000000        9.9236853381825196E-002
   4.0000000000000000        2.3333333333333330       0.12138572263690736     
   4.0000000000000000        2.6666666666666665       0.14780833476783206     
   4.0000000000000000        3.0000000000000000       0.17628251375303802     
   4.0000000000000000        3.3333333333333330       0.19877215284197564     
   4.0000000000000000        3.6666666666666665       0.21256001724270132     
   4.0000000000000000        4.0000000000000000       0.20837406812867595     
   4.0000000000000000        4.3333333333333330       0.40675897217752366     
   4.0000000000000000        4.6666666666666661       0.40290789209822453     
   4.0000000000000000        5.0000000000000000       0.40180214603664260     
   4.0000000000000000        5.3333333333333330       0.38725847376784722     
   4.0000000000000000        5.6666666666666661       0.36770302939384386     
   4.0000000000000000        6.0000000000000000       0.34695160915919698     
   4.0000000000000000        6.3333333333333330       0.32578489199976612     
   4.0000000000000000        6.6666666666666661       0.29681499391955812     
   4.0000000000000000        7.0000000000000000       0.26753227633343263     
   4.0000000000000000        7.3333333333333330       0.19763928546078902     
   4.0000000000000000        7.6666666666666661       0.14710206204100945     
   4.0000000000000000        8.0000000000000000       0.13602292895065646     
   4.0000000000000000        8.3333333333333321       0.10182932676641510     
   4.0000000000000000        8.6666666666666661        6.2066767272916282E-002
   4.0000000000000000        9.0000000000000000        5.2307827340912848E-002
   4.0000000000000000        9.3333333333333321        2.0304004806348232E-002
   4.0000000000000000        9.6666666666666661        1.1494664324303438E-002
   4.0000000000000000        10.000000000000000        0.0000000000000000     
 
   4.3333333333333330        0.0000000000000000        0.0000000000000000     
   4.3333333333333330       0.33333333333333331        1.2647865002810094E-002
   4.3333333333333330       0.66666666666666663        3.0638430884203635E-002
   4.3333333333333330        1.0000000000000000        5.0265522204242262E-002
   4.3333333333333330        1.3333333333333333        6.5696931457501523E-002
   4.3333333333333330        1.6666666666666665        8.1472863302736939E-002
   4.3333333333333330        2.0000000000000000       0.10180975800921625     
   4.3333333333333330        2.3333333333333330       0.12483188382677621     
   4.3333333333333330        2.6666666666666665       0.15817822994362060     
   4.3333333333333330        3.0000000000000000       0.20085631706470936     
   4.3333333333333330        3.3333333333333330       0.22893674299321201     
   4.3333333333333330        3.6666666666666665       0.25227077244630225     
   4.3333333333333330        4.0000000000000000       0.39038460310515594     
   4.3333333333333330        4.3333333333333330       0.40076557164775362     
   4.3333333333333330        4.6666666666666661       0.41195264737863169     
   4.3333333333333330        5.0000000000000000       0.40680165997287859     
   4.3333333333333330        5.3333333333333330       0.39621261084035425     
   4.3333333333333330        5.6666666666666661       0.38051837126121751     
   4.3333333333333330        6.0000000000000000       0.36078331512764744     
   4.3333333333333330        6.3333333333333330       0.34333533191745724     
   4.3333333333333330        6.6666666666666661       0.28402313043726068     
   4.3333333333333330        7.0000000000000000       0.25033053814385742     
   4.3333333333333330        7.3333333333333330       0.19611678889184789     
   4.3333333333333330        7.6666666666666661       0.15795621974903939     
   4.3333333333333330        8.0000000000000000       0.13215599765374317     
   4.3333333333333330        8.3333333333333321       0.10221115731964690     
   4.3333333333333330        8.6666666666666661        7.2323991584283917E-002
   4.3333333333333330        9.0000000000000000        5.1384557955656378E-002
   4.3333333333333330        9.3333333333333321        2.9344083116046641E-002
   4.3333333333333330        9.6666666666666661        1.3981964377958823E-002
   4.3333333333333330        10.000000000000000        0.0000000000000000     
 
   4.6666666666666661        0.0000000000000000        0.0000000000000000     
   4.6666666666666661       0.33333333333333331        6.3809168923103718E-003
   4.6666666666666661       0.66666666666666663        5.8459100531657142E-002
   4.6666666666666661        1.0000000000000000        5.9054165013040755E-002
   4.6666666666666661        1.3333333333333333        6.8757106949980856E-002
   4.6666666666666661        1.6666666666666665        7.8889039814710168E-002
   4.6666666666666661        2.0000000000000000       0.11189717288322214     
   4.6666666666666661        2.3333333333333330       0.11769555293955984     
   4.6666666666666661        2.6666666666666665       0.24119215321093862     
   4.6666666666666661        3.0000000000000000       0.23784524137920826     
   4.6666666666666661        3.3333333333333330       0.26083178833950499     
   4.6666666666666661        3.6666666666666665       0.31154472043168668     
   4.6666666666666661        4.0000000000000000       0.37075147761780503     
   4.6666666666666661        4.3333333333333330       0.39549874959736842     
   4.6666666666666661        4.6666666666666661       0.40701513545714874     
   4.6666666666666661        5.0000000000000000       0.40742590331456935     
   4.6666666666666661        5.3333333333333330       0.40097959815222389     
   4.6666666666666661        5.6666666666666661       0.38881710869290192     
   4.6666666666666661        6.0000000000000000       0.36467674161866431     
   4.6666666666666661        6.3333333333333330       0.33655793789408089     
   4.6666666666666661        6.6666666666666661       0.31314502182294274     
   4.6666666666666661        7.0000000000000000       0.17783961082030075     
   4.6666666666666661        7.3333333333333330       0.17695534514424177     
   4.6666666666666661        7.6666666666666661       0.15587379462488316     
   4.6666666666666661        8.0000000000000000       0.13235881995049820     
   4.6666666666666661        8.3333333333333321       0.10280030990966918     
   4.6666666666666661        8.6666666666666661        7.4054545251645482E-002
   4.6666666666666661        9.0000000000000000        5.1982735772691996E-002
   4.6666666666666661        9.3333333333333321        3.1994577540668624E-002
   4.6666666666666661        9.6666666666666661        1.5242666360779641E-002
   4.6666666666666661        10.000000000000000        0.0000000000000000     
 
   5.0000000000000000        0.0000000000000000        0.0000000000000000     
   5.0000000000000000       0.33333333333333331        6.5664637724394109E-003
   5.0000000000000000       0.66666666666666663        4.9330266322688422E-002
   5.0000000000000000        1.0000000000000000        5.9252994221105894E-002
   5.0000000000000000        1.3333333333333333        7.1871358942071861E-002
   5.0000000000000000        1.6666666666666665        8.6867913211254588E-002
   5.0000000000000000        2.0000000000000000       0.10623770104757278     
   5.0000000000000000        2.3333333333333330       0.11635764003949893     
   5.0000000000000000        2.6666666666666665       0.24868184619996264     
   5.0000000000000000        3.0000000000000000       0.24520403696320248     
   5.0000000000000000        3.3333333333333330       0.36432079150728292     
   5.0000000000000000        3.6666666666666665       0.35623968269034234     
   5.0000000000000000        4.0000000000000000       0.37714850835973768     
   5.0000000000000000        4.3333333333333330       0.39404267074422955     
   5.0000000000000000        4.6666666666666661       0.40330567527038963     
   5.0000000000000000        5.0000000000000000       0.40504645980733534     
   5.0000000000000000        5.3333333333333330       0.40192100676744064     
   5.0000000000000000        5.6666666666666661       0.40012216889169899     
   5.0000000000000000        6.0000000000000000       0.32031796306383131     
   5.0000000000000000        6.3333333333333330       0.31841349915844741     
   5.0000000000000000        6.6666666666666661       0.25866216314010226     
   5.0000000000000000        7.0000000000000000       0.19450756662114646     
   5.0000000000000000        7.3333333333333330       0.17701150571250246     
   5.0000000000000000        7.6666666666666661       0.15570653082894517     
   5.0000000000000000        8.0000000000000000       0.13849583546877473     
   5.0000000000000000        8.3333333333333321        8.0646429419915691E-002
   5.0000000000000000        8.6666666666666661        6.9521269736077154E-002
   5.0000000000000000        9.0000000000000000        5.0908395928855356E-002
   5.0000000000000000        9.3333333333333321        3.1715941696678636E-002
   5.0000000000000000        9.6666666666666661        1.5157108641183430E-002
   5.0000000000000000        10.000000000000000        0.0000000000000000     
 
   5.3333333333333330        0.0000000000000000        0.0000000000000000     
   5.3333333333333330       0.33333333333333331        1.3390641020533313E-002
   5.3333333333333330       0.66666666666666663        3.9867374557592428E-002
   5.3333333333333330        1.0000000000000000        5.7246754719498950E-002
   5.3333333333333330        1.3333333333333333        7.3069600795996184E-002
   5.3333333333333330        1.6666666666666665        9.0844440567630830E-002
   5.3333333333333330        2.0000000000000000       0.11001513790661462     
   5.3333333333333330        2.3333333333333330       0.12517444959135385     
   5.3333333333333330        2.6666666666666665       0.22579125808074105     
   5.3333333333333330        3.0000000000000000       0.24564910346729366     
   5.3333333333333330        3.3333333333333330       0.35307431571448605     
   5.3333333333333330        3.6666666666666665       0.36419398807495268     
   5.3333333333333330        4.0000000000000000       0.37896622658139317     
   5.3333333333333330        4.3333333333333330       0.39092965077753528     
   5.3333333333333330        4.6666666666666661       0.39744438002176341     
   5.3333333333333330        5.0000000000000000       0.39779144946933070     
   5.3333333333333330        5.3333333333333330       0.39194140698217350     
   5.3333333333333330        5.6666666666666661       0.33006751234838488     
   5.3333333333333330        6.0000000000000000       0.31622405520076308     
   5.3333333333333330        6.3333333333333330       0.29242928276861391     
   5.3333333333333330        6.6666666666666661       0.25504794816835602     
   5.3333333333333330        7.0000000000000000       0.21049307199110914     
   5.3333333333333330        7.3333333333333330       0.17986137467246080     
   5.3333333333333330        7.6666666666666661       0.15093723616599083     
   5.3333333333333330        8.0000000000000000       0.12724577906038889     
   5.3333333333333330        8.3333333333333321        9.2285488088060905E-002
   5.3333333333333330        8.6666666666666661        7.2970264040754976E-002
   5.3333333333333330        9.0000000000000000        5.0850114054686112E-002
   5.3333333333333330        9.3333333333333321        2.9122941272203169E-002
   5.3333333333333330        9.6666666666666661        1.3838135403452740E-002
   5.3333333333333330        10.000000000000000        0.0000000000000000     
 
   5.6666666666666661        0.0000000000000000        0.0000000000000000     
   5.6666666666666661       0.33333333333333331        7.2646953763828379E-003
   5.6666666666666661       0.66666666666666663        1.8274368641720194E-002
   5.6666666666666661        1.0000000000000000        5.1794436348648672E-002
   5.6666666666666661        1.3333333333333333        7.2739819044281770E-002
   5.6666666666666661        1.6666666666666665        9.3742514652869355E-002
   5.6666666666666661        2.0000000000000000       0.11791774491246644     
   5.6666666666666661        2.3333333333333330       0.14898016582288606     
   5.6666666666666661        2.6666666666666665       0.20310702223616417     
   5.6666666666666661        3.0000000000000000       0.26246578657397290     
   5.6666666666666661        3.3333333333333330       0.33449522606678156     
   5.6666666666666661        3.6666666666666665       0.36056382213253668     
   5.6666666666666661        4.0000000000000000       0.37505134095774401     
   5.6666666666666661        4.3333333333333330       0.38421631368779929     
   5.6666666666666661        4.6666666666666661       0.38840828234500363     
   5.6666666666666661        5.0000000000000000       0.38735139042496614     
   5.6666666666666661        5.3333333333333330       0.36697335696477962     
   5.6666666666666661        5.6666666666666661       0.33747761446685043     
   5.6666666666666661        6.0000000000000000       0.27712684565957418     
   5.6666666666666661        6.3333333333333330       0.27508672248008659     
   5.6666666666666661        6.6666666666666661       0.21478840654150311     
   5.6666666666666661        7.0000000000000000       0.17652658601197854     
   5.6666666666666661        7.3333333333333330       0.14352391187271535     
   5.6666666666666661        7.6666666666666661       0.14051620473396870     
   5.6666666666666661        8.0000000000000000        9.5237854595578000E-002
   5.6666666666666661        8.3333333333333321        8.8714208019870400E-002
   5.6666666666666661        8.6666666666666661        7.9752996958679143E-002
   5.6666666666666661        9.0000000000000000        2.0078141451813365E-002
   5.6666666666666661        9.3333333333333321        2.0406652418937635E-002
   5.6666666666666661        9.6666666666666661        1.1240644676590642E-002
   5.6666666666666661        10.000000000000000        0.0000000000000000     
 
   6.0000000000000000        0.0000000000000000        0.0000000000000000     
   6.0000000000000000       0.33333333333333331        8.4917943943959694E-003
   6.0000000000000000       0.66666666666666663        1.8547610146378703E-002
   6.0000000000000000        1.0000000000000000        3.1234766142931844E-002
   6.0000000000000000        1.3333333333333333        0.0000000000000000     
   6.0000000000000000        1.6666666666666665       0.11845040235652318     
   6.0000000000000000        2.0000000000000000       0.11896589431565527     
   6.0000000000000000        2.3333333333333330       0.15790656093941727     
   6.0000000000000000        2.6666666666666665       0.17304311677128306     
   6.0000000000000000        3.0000000000000000       0.36278007855721134     
   6.0000000000000000        3.3333333333333330       0.35516150471862906     
   6.0000000000000000        3.6666666666666665       0.36084558618994200     
   6.0000000000000000        4.0000000000000000       0.36821834764639783     
   6.0000000000000000        4.3333333333333330       0.37384051085496134     
   6.0000000000000000        4.6666666666666661       0.37577128867294518     
   6.0000000000000000        5.0000000000000000       0.34673149061217323     
   6.0000000000000000        5.3333333333333330       0.34309717734761391     
   6.0000000000000000        5.6666666666666661       0.30861447618436527     
   6.0000000000000000        6.0000000000000000       0.27481915896234221     
   6.0000000000000000        6.3333333333333330       0.25141723388470072     
   6.0000000000000000        6.6666666666666661       0.21264855765863153     
   6.0000000000000000        7.0000000000000000       0.17557422799312222     
   6.0000000000000000        7.3333333333333330       0.14640160459781218     
   6.0000000000000000        7.6666666666666661       0.12698421096981621     
   6.0000000000000000        8.0000000000000000       0.10238160306520083     
   6.0000000000000000        8.3333333333333321        8.8193581226737205E-002
   6.0000000000000000        8.6666666666666661        7.8217485316532331E-002
   6.0000000000000000        9.0000000000000000        3.0763363583416855E-002
   6.0000000000000000        9.3333333333333321        2.1479716488364161E-002
   6.0000000000000000        9.6666666666666661        1.0881856637094272E-002
   6.0000000000000000        10.000000000000000        0.0000000000000000     
 
   6.3333333333333330        0.0000000000000000        0.0000000000000000     
   6.3333333333333330       0.33333333333333331        8.2736738034942733E-003
   6.3333333333333330       0.66666666666666663        1.6434971950660977E-002
   6.3333333333333330        1.0000000000000000        2.3685736518975882E-002
   6.3333333333333330        1.3333333333333333        7.3075584645761471E-002
   6.3333333333333330        1.6666666666666665       0.10818380269534555     
   6.3333333333333330        2.0000000000000000       0.12092478870977359     
   6.3333333333333330        2.3333333333333330       0.14243238899848365     
   6.3333333333333330        2.6666666666666665       0.15723046978963751     
   6.3333333333333330        3.0000000000000000       0.17716822560796630     
   6.3333333333333330        3.3333333333333330       0.35909270589080999     
   6.3333333333333330        3.6666666666666665       0.35192931645244041     
   6.3333333333333330        4.0000000000000000       0.35533740650840723     
   6.3333333333333330        4.3333333333333330       0.35910286443382944     
   6.3333333333333330        4.6666666666666661       0.35689631946210387     
   6.3333333333333330        5.0000000000000000       0.34335475357488482     
   6.3333333333333330        5.3333333333333330       0.27261643890094822     
   6.3333333333333330        5.6666666666666661       0.27344552357180113     
   6.3333333333333330        6.0000000000000000       0.25781567270090316     
   6.3333333333333330        6.3333333333333330       0.23965039505640326     
   6.3333333333333330        6.6666666666666661       0.20666310647394107     
   6.3333333333333330        7.0000000000000000       0.16570148137941260     
   6.3333333333333330        7.3333333333333330       0.13926660988816891     
   6.3333333333333330        7.6666666666666661       0.11877416507521854     
   6.3333333333333330        8.0000000000000000        9.9627827115294998E-002
   6.3333333333333330        8.3333333333333321        8.4109465341876924E-002
   6.3333333333333330        8.6666666666666661        6.7391684605839067E-002
   6.3333333333333330        9.0000000000000000        4.0514299612283887E-002
   6.3333333333333330        9.3333333333333321        2.4202245473964042E-002
   6.3333333333333330        9.6666666666666661        1.0982382704060906E-002
   6.3333333333333330        10.000000000000000        0.0000000000000000     
 
   6.6666666666666661        0.0000000000000000        0.0000000000000000     
   6.6666666666666661       0.33333333333333331        8.2968021900747656E-003
   6.6666666666666661       0.66666666666666663        1.5472472338744575E-002
   6.6666666666666661        1.0000000000000000        5.9243847611120198E-002
   6.6666666666666661        1.3333333333333333        7.4158305961872090E-002
   6.6666666666666661        1.6666666666666665        9.6217786335194719E-002
   6.6666666666666661        2.0000000000000000       0.11464276139947439     
   6.6666666666666661        2.3333333333333330       0.13378088395391055     
   6.6666666666666661        2.6666666666666665       0.15597308189923467     
   6.6666666666666661        3.0000000000000000       0.17684782242172561     
   6.6666666666666661        3.3333333333333330       0.28375307735927058     
   6.6666666666666661        3.6666666666666665       0.32549110990514896     
   6.6666666666666661        4.0000000000000000       0.33498530604756999     
   6.6666666666666661        4.3333333333333330       0.34302596755363990     
   6.6666666666666661        4.6666666666666661       0.34206527089785504     
   6.6666666666666661        5.0000000000000000       0.31963783953142166     
   6.6666666666666661        5.3333333333333330       0.26762836617965002     
   6.6666666666666661        5.6666666666666661       0.25049726632369951     
   6.6666666666666661        6.0000000000000000       0.23967465441556537     
   6.6666666666666661        6.3333333333333330       0.16407719092585407     
   6.6666666666666661        6.6666666666666661       0.14097261835360619     
   6.6666666666666661        7.0000000000000000       0.14052943092767736     
   6.6666666666666661        7.3333333333333330       0.12608098262466372     
   6.6666666666666661        7.6666666666666661       0.10950604373256249     
   6.6666666666666661        8.0000000000000000        9.3801799020663740E-002
   6.6666666666666661        8.3333333333333321        8.1897663552283256E-002
   6.6666666666666661        8.6666666666666661        4.4247264053844257E-002
   6.6666666666666661        9.0000000000000000        4.0251997158010533E-002
   6.6666666666666661        9.3333333333333321        1.6282626052424223E-002
   6.6666666666666661        9.6666666666666661        9.0298842041254771E-003
   6.6666666666666661        10.000000000000000        0.0000000000000000     
 
   7.0000000000000000        0.0000000000000000        0.0000000000000000     
   7.0000000000000000       0.33333333333333331        9.5855644724292342E-003
   7.0000000000000000       0.66666666666666663        2.1947076387750616E-002
   7.0000000000000000        1.0000000000000000        4.5211325817819489E-002
   7.0000000000000000        1.3333333333333333        6.9073280804020032E-002
   7.0000000000000000        1.6666666666666665        8.8789786665570788E-002
   7.0000000000000000        2.0000000000000000       0.10834837202992660     
   7.0000000000000000        2.3333333333333330       0.12247020878279147     
   7.0000000000000000        2.6666666666666665       0.17701552635161746     
   7.0000000000000000        3.0000000000000000       0.19695296361062428     
   7.0000000000000000        3.3333333333333330       0.23786027155329226     
   7.0000000000000000        3.6666666666666665       0.28510896997377544     
   7.0000000000000000        4.0000000000000000       0.30991633772623539     
   7.0000000000000000        4.3333333333333330       0.32940628976142033     
   7.0000000000000000        4.6666666666666661       0.15649125708438383     
   7.0000000000000000        5.0000000000000000       0.20692532944474723     
   7.0000000000000000        5.3333333333333330       0.22377555400837695     
   7.0000000000000000        5.6666666666666661       0.21783981774221600     
   7.0000000000000000        6.0000000000000000       0.20768661918663847     
   7.0000000000000000        6.3333333333333330       0.16358389851382513     
   7.0000000000000000        6.6666666666666661       0.14145821480671905     
   7.0000000000000000        7.0000000000000000       0.12932230093422259     
   7.0000000000000000        7.3333333333333330       0.11523941319123593     
   7.0000000000000000        7.6666666666666661        9.9832706679853292E-002
   7.0000000000000000        8.0000000000000000        8.4815866851852606E-002
   7.0000000000000000        8.3333333333333321        6.8502666617228980E-002
   7.0000000000000000        8.6666666666666661        4.8956013268349745E-002
   7.0000000000000000        9.0000000000000000        3.6640876785771381E-002
   7.0000000000000000        9.3333333333333321        2.3862301133085507E-002
   7.0000000000000000        9.6666666666666661        3.5084056523873785E-003
   7.0000000000000000        10.000000000000000        0.0000000000000000     
 
   7.3333333333333330        0.0000000000000000        0.0000000000000000     
   7.3333333333333330       0.33333333333333331        8.2731172739501837E-003
   7.3333333333333330       0.66666666666666663        1.7895274807664056E-002
   7.3333333333333330        1.0000000000000000        3.1282454059861492E-002
   7.3333333333333330        1.3333333333333333        7.7823515885605474E-002
   7.3333333333333330        1.6666666666666665        8.2565031207356337E-002
   7.3333333333333330        2.0000000000000000       0.11184749221365027     
   7.3333333333333330        2.3333333333333330       0.12598581311025731     
   7.3333333333333330        2.6666666666666665       0.15660258487180562     
   7.3333333333333330        3.0000000000000000       0.19500611788561503     
   7.3333333333333330        3.3333333333333330       0.23042346047433435     
   7.3333333333333330        3.6666666666666665       0.25625697706174749     
   7.3333333333333330        4.0000000000000000       0.28510896997377544     
   7.3333333333333330        4.3333333333333330       0.15649125708438383     
   7.3333333333333330        4.6666666666666661       0.15645688945550015     
   7.3333333333333330        5.0000000000000000       0.18827769914817757     
   7.3333333333333330        5.3333333333333330       0.20027154452139867     
   7.3333333333333330        5.6666666666666661       0.18710257998656429     
   7.3333333333333330        6.0000000000000000       0.13482994901726994     
   7.3333333333333330        6.3333333333333330       0.14053836953678664     
   7.3333333333333330        6.6666666666666661       0.13197917008083518     
   7.3333333333333330        7.0000000000000000       0.12031897270516290     
   7.3333333333333330        7.3333333333333330       0.10617448094073985     
   7.3333333333333330        7.6666666666666661        9.0381839407470202E-002
   7.3333333333333330        8.0000000000000000        7.7842467997757805E-002
   7.3333333333333330        8.3333333333333321        5.9092700923496402E-002
   7.3333333333333330        8.6666666666666661        4.7147941825693547E-002
   7.3333333333333330        9.0000000000000000        3.4106507947977205E-002
   7.3333333333333330        9.3333333333333321        1.9115738541687563E-002
   7.3333333333333330        9.6666666666666661        7.0974350306574991E-003
   7.3333333333333330        10.000000000000000        0.0000000000000000     
 
   7.6666666666666661        0.0000000000000000        0.0000000000000000     
   7.6666666666666661       0.33333333333333331        5.7747423951702041E-003
   7.6666666666666661       0.66666666666666663        1.0412808566816013E-002
   7.6666666666666661        1.0000000000000000        7.2937087880289311E-002
   7.6666666666666661        1.3333333333333333        7.4596473374728245E-002
   7.6666666666666661        1.6666666666666665        8.2449121536487396E-002
   7.6666666666666661        2.0000000000000000        9.8763962897936070E-002
   7.6666666666666661        2.3333333333333330       0.11375819634454050     
   7.6666666666666661        2.6666666666666665       0.12842842686760622     
   7.6666666666666661        3.0000000000000000       0.12506816036029886     
   7.6666666666666661        3.3333333333333330       0.18476652461056919     
   7.6666666666666661        3.6666666666666665       0.22139057780184335     
   7.6666666666666661        4.0000000000000000        6.8511665706639358E-002
   7.6666666666666661        4.3333333333333330       0.10946183717993310     
   7.6666666666666661        4.6666666666666661       0.12443882795742441     
   7.6666666666666661        5.0000000000000000       0.10392282606309956     
   7.6666666666666661        5.3333333333333330       0.14196274625953834     
   7.6666666666666661        5.6666666666666661       0.14181013316522847     
   7.6666666666666661        6.0000000000000000       0.12928194810917618     
   7.6666666666666661        6.3333333333333330       0.13181484450683303     
   7.6666666666666661        6.6666666666666661       0.12587947107393677     
   7.6666666666666661        7.0000000000000000       0.11428574646660544     
   7.6666666666666661        7.3333333333333330        9.9376873891220824E-002
   7.6666666666666661        7.6666666666666661        7.8389476898615071E-002
   7.6666666666666661        8.0000000000000000        4.0176114416403036E-002
   7.6666666666666661        8.3333333333333321        4.3645692515675211E-002
   7.6666666666666661        8.6666666666666661        2.1981473765912574E-002
   7.6666666666666661        9.0000000000000000        1.2680073118721462E-002
   7.6666666666666661        9.3333333333333321        1.1776375658679485E-002
   7.6666666666666661        9.6666666666666661        5.9212537120680231E-003
   7.6666666666666661        10.000000000000000        0.0000000000000000     
 
   8.0000000000000000        0.0000000000000000        0.0000000000000000     
   8.0000000000000000       0.33333333333333331        4.5432243339384518E-003
   8.0000000000000000       0.66666666666666663        7.7967350747458058E-003
   8.0000000000000000        1.0000000000000000        6.5144138738961188E-002
   8.0000000000000000        1.3333333333333333        6.6723759919628728E-002
   8.0000000000000000        1.6666666666666665        7.5298126237267241E-002
   8.0000000000000000        2.0000000000000000        8.8248474840858321E-002
   8.0000000000000000        2.3333333333333330       0.10288572253000332     
   8.0000000000000000        2.6666666666666665       0.11569319269677812     
   8.0000000000000000        3.0000000000000000       0.12624755401310095     
   8.0000000000000000        3.3333333333333330       0.14756281726278700     
   8.0000000000000000        3.6666666666666665        6.8511665706639358E-002
   8.0000000000000000        4.0000000000000000        6.9818215809051593E-002
   8.0000000000000000        4.3333333333333330        9.5409144694443712E-002
   8.0000000000000000        4.6666666666666661       0.10804601071994129     
   8.0000000000000000        5.0000000000000000       0.10533865252309141     
   8.0000000000000000        5.3333333333333330        9.5591431943041399E-002
   8.0000000000000000        5.6666666666666661       0.10865490502602279     
   8.0000000000000000        6.0000000000000000       0.10883798591091833     
   8.0000000000000000        6.3333333333333330        0.0000000000000000     
   8.0000000000000000        6.6666666666666661       0.11115636490854133     
   8.0000000000000000        7.0000000000000000       0.11224602968851496     
   8.0000000000000000        7.3333333333333330        3.7232607876346177E-002
   8.0000000000000000        7.6666666666666661        4.6162551712697730E-002
   8.0000000000000000        8.0000000000000000        3.7489947535168523E-002
   8.0000000000000000        8.3333333333333321        3.2436668359533224E-002
   8.0000000000000000        8.6666666666666661        2.2593336272498484E-002
   8.0000000000000000        9.0000000000000000        1.3940647250552753E-002
   8.0000000000000000        9.3333333333333321        9.6846155249393478E-003
   8.0000000000000000        9.6666666666666661        4.9624204712226463E-003
   8.0000000000000000        10.000000000000000        0.0000000000000000     
 
   8.3333333333333321        0.0000000000000000        0.0000000000000000     
   8.3333333333333321       0.33333333333333331        4.7213007778820534E-003
   8.3333333333333321       0.66666666666666663        8.6377963476287848E-003
   8.3333333333333321        1.0000000000000000        4.0628550504410360E-002
   8.3333333333333321        1.3333333333333333        5.3335044873339239E-002
   8.3333333333333321        1.6666666666666665        6.5202526130407015E-002
   8.3333333333333321        2.0000000000000000        7.7400221060695024E-002
   8.3333333333333321        2.3333333333333330        9.5089452958959361E-002
   8.3333333333333321        2.6666666666666665       0.10633373618360983     
   8.3333333333333321        3.0000000000000000       0.11769960172403486     
   8.3333333333333321        3.3333333333333330       0.13217343142125376     
   8.3333333333333321        3.6666666666666665        4.6900297046358327E-002
   8.3333333333333321        4.0000000000000000        4.8065873026559791E-002
   8.3333333333333321        4.3333333333333330        2.2691372751729326E-002
   8.3333333333333321        4.6666666666666661        2.0794691118007861E-002
   8.3333333333333321        5.0000000000000000        8.2317170357313313E-002
   8.3333333333333321        5.3333333333333330        8.3077884991078876E-002
   8.3333333333333321        5.6666666666666661        8.8721665414206466E-002
   8.3333333333333321        6.0000000000000000        8.8963741108528491E-002
   8.3333333333333321        6.3333333333333330        4.5925241475424927E-002
   8.3333333333333321        6.6666666666666661        0.0000000000000000     
   8.3333333333333321        7.0000000000000000        2.5351811760663135E-002
   8.3333333333333321        7.3333333333333330        2.9024809531557172E-002
   8.3333333333333321        7.6666666666666661        3.2275496568596122E-002
   8.3333333333333321        8.0000000000000000        3.1925739590682962E-002
   8.3333333333333321        8.3333333333333321        2.6710717102166184E-002
   8.3333333333333321        8.6666666666666661        1.1685745777320461E-002
   8.3333333333333321        9.0000000000000000        1.1202531524564116E-002
   8.3333333333333321        9.3333333333333321        8.3376546554820158E-003
   8.3333333333333321        9.6666666666666661        4.3875546547814384E-003
   8.3333333333333321        10.000000000000000        0.0000000000000000     
 
   8.6666666666666661        0.0000000000000000        0.0000000000000000     
   8.6666666666666661       0.33333333333333331        5.8424124231296710E-003
   8.6666666666666661       0.66666666666666663        1.3645218554792721E-002
   8.6666666666666661        1.0000000000000000        2.8972769938344668E-002
   8.6666666666666661        1.3333333333333333        4.2041337724436481E-002
   8.6666666666666661        1.6666666666666665        5.6134682886898393E-002
   8.6666666666666661        2.0000000000000000        6.2434635552979324E-002
   8.6666666666666661        2.3333333333333330        8.2348882477111196E-002
   8.6666666666666661        2.6666666666666665        9.8162036301289418E-002
   8.6666666666666661        3.0000000000000000       0.10723881399710218     
   8.6666666666666661        3.3333333333333330        0.0000000000000000     
   8.6666666666666661        3.6666666666666665        2.1686007348494005E-002
   8.6666666666666661        4.0000000000000000        2.8590307675712492E-002
   8.6666666666666661        4.3333333333333330        2.3610803132300819E-002
   8.6666666666666661        4.6666666666666661        2.1737770499111703E-002
   8.6666666666666661        5.0000000000000000        6.5582783264183639E-002
   8.6666666666666661        5.3333333333333330        6.6346016463753155E-002
   8.6666666666666661        5.6666666666666661        7.4767751831545617E-002
   8.6666666666666661        6.0000000000000000        6.9890637314299550E-002
   8.6666666666666661        6.3333333333333330        4.6564112568855225E-002
   8.6666666666666661        6.6666666666666661        2.0267734376694449E-002
   8.6666666666666661        7.0000000000000000        2.2313071663398049E-002
   8.6666666666666661        7.3333333333333330        2.1895288691809036E-002
   8.6666666666666661        7.6666666666666661        2.2661858546157806E-002
   8.6666666666666661        8.0000000000000000        1.4094085971530786E-002
   8.6666666666666661        8.3333333333333321        1.6406914620812955E-002
   8.6666666666666661        8.6666666666666661        1.2561793724300508E-002
   8.6666666666666661        9.0000000000000000        4.8509928666380176E-003
   8.6666666666666661        9.3333333333333321        3.0938932859866566E-003
   8.6666666666666661        9.6666666666666661        0.0000000000000000     
   8.6666666666666661        10.000000000000000        0.0000000000000000     
 
   9.0000000000000000        0.0000000000000000        0.0000000000000000     
   9.0000000000000000       0.33333333333333331        5.1785669268311222E-003
   9.0000000000000000       0.66666666666666663        1.1521541862871128E-002
   9.0000000000000000        1.0000000000000000        2.0357902150330037E-002
   9.0000000000000000        1.3333333333333333        3.0778037473120332E-002
   9.0000000000000000        1.6666666666666665        3.6065217817717869E-002
   9.0000000000000000        2.0000000000000000        5.5094258962177727E-002
   9.0000000000000000        2.3333333333333330        6.8017090955266230E-002
   9.0000000000000000        2.6666666666666665        1.9195980344408807E-003
   9.0000000000000000        3.0000000000000000        3.1330662565970009E-003
   9.0000000000000000        3.3333333333333330        1.0681093783509208E-002
   9.0000000000000000        3.6666666666666665        1.5519702872513011E-002
   9.0000000000000000        4.0000000000000000        2.1886927150827330E-002
   9.0000000000000000        4.3333333333333330        2.2325091487913951E-002
   9.0000000000000000        4.6666666666666661        1.6279075902140814E-003
   9.0000000000000000        5.0000000000000000        4.2020801579610648E-002
   9.0000000000000000        5.3333333333333330        4.2635345652578330E-002
   9.0000000000000000        5.6666666666666661        1.6233798139413922E-002
   9.0000000000000000        6.0000000000000000        1.8914927275046147E-002
   9.0000000000000000        6.3333333333333330        2.4454903858494560E-002
   9.0000000000000000        6.6666666666666661        1.8728935845566529E-002
   9.0000000000000000        7.0000000000000000        1.1541319659130252E-002
   9.0000000000000000        7.3333333333333330        1.4134716394475487E-002
   9.0000000000000000        7.6666666666666661        1.4369563455844843E-002
   9.0000000000000000        8.0000000000000000        1.2223548297774681E-002
   9.0000000000000000        8.3333333333333321        1.2742111745624457E-002
   9.0000000000000000        8.6666666666666661        1.0004834773370422E-002
   9.0000000000000000        9.0000000000000000        5.0550037483594618E-003
   9.0000000000000000        9.3333333333333321        3.2371192311952601E-003
   9.0000000000000000        9.6666666666666661        2.7872645963674211E-004
   9.0000000000000000        10.000000000000000        0.0000000000000000     
 
   9.3333333333333321        0.0000000000000000        0.0000000000000000     
   9.3333333333333321       0.33333333333333331        3.5107165975052086E-003
   9.3333333333333321       0.66666666666666663        7.2499361765123926E-003
   9.3333333333333321        1.0000000000000000        1.0741725191465970E-002
   9.3333333333333321        1.3333333333333333        1.1661705327147645E-002
   9.3333333333333321        1.6666666666666665        1.7920075934800987E-002
   9.3333333333333321        2.0000000000000000        2.4832947991153885E-003
   9.3333333333333321        2.3333333333333330        1.6525458879313914E-003
   9.3333333333333321        2.6666666666666665        2.0131849254517841E-003
   9.3333333333333321        3.0000000000000000        3.2786726577962609E-003
   9.3333333333333321        3.3333333333333330        6.2567686761578877E-003
   9.3333333333333321        3.6666666666666665        8.3913986994195271E-003
   9.3333333333333321        4.0000000000000000        0.0000000000000000     
   9.3333333333333321        4.3333333333333330        1.3042982019325429E-003
   9.3333333333333321        4.6666666666666661        1.6702397642193256E-003
   9.3333333333333321        5.0000000000000000        1.2874714839246321E-002
   9.3333333333333321        5.3333333333333330        2.0095269995131025E-002
   9.3333333333333321        5.6666666666666661        1.6580355971324030E-002
   9.3333333333333321        6.0000000000000000        1.3733433204896133E-002
   9.3333333333333321        6.3333333333333330        1.4026251030679801E-002
   9.3333333333333321        6.6666666666666661        1.1871848278585397E-002
   9.3333333333333321        7.0000000000000000        9.2819399679485506E-003
   9.3333333333333321        7.3333333333333330        9.1277889728846300E-003
   9.3333333333333321        7.6666666666666661        8.8637057082546107E-003
   9.3333333333333321        8.0000000000000000        8.0716086633712218E-003
   9.3333333333333321        8.3333333333333321        1.3744940467738389E-003
   9.3333333333333321        8.6666666666666661        1.6306630008987798E-003
   9.3333333333333321        9.0000000000000000        2.3251436099813861E-003
   9.3333333333333321        9.3333333333333321        1.7023787774758700E-003
   9.3333333333333321        9.6666666666666661        5.7050926289450409E-004
   9.3333333333333321        10.000000000000000        0.0000000000000000     
 
   9.6666666666666661        0.0000000000000000        0.0000000000000000     
   9.6666666666666661       0.33333333333333331        1.7266957373792355E-003
   9.6666666666666661       0.66666666666666663        3.4525263695881925E-003
   9.6666666666666661        1.0000000000000000        4.9441769329869835E-003
   9.6666666666666661        1.3333333333333333        5.7364341272159213E-003
   9.6666666666666661        1.6666666666666665        6.5101985430231846E-003
   9.6666666666666661        2.0000000000000000        2.5692455187014615E-003
   9.6666666666666661        2.3333333333333330        1.3656066790921015E-003
   9.6666666666666661        2.6666666666666665        1.2942364230810418E-003
   9.6666666666666661        3.0000000000000000        1.8551230849345221E-003
   9.6666666666666661        3.3333333333333330        2.9284219511837915E-003
   9.6666666666666661        3.6666666666666665        3.7232551369059050E-003
   9.6666666666666661        4.0000000000000000        4.7942185590861097E-004
   9.6666666666666661        4.3333333333333330        9.7005240096201598E-004
   9.6666666666666661        4.6666666666666661        2.1181254861886659E-003
   9.6666666666666661        5.0000000000000000        5.8743124906319400E-003
   9.6666666666666661        5.3333333333333330        8.6083061617813622E-003
   9.6666666666666661        5.6666666666666661        2.8125021781888939E-003
   9.6666666666666661        6.0000000000000000        5.6876055967172660E-003
   9.6666666666666661        6.3333333333333330        6.3254453972159909E-003
   9.6666666666666661        6.6666666666666661        5.7253168848940030E-003
   9.6666666666666661        7.0000000000000000        4.8427016100566446E-003
   9.6666666666666661        7.3333333333333330        4.4975914256055044E-003
   9.6666666666666661        7.6666666666666661        4.1542578889822712E-003
   9.6666666666666661        8.0000000000000000        3.3857926823090963E-003
   9.6666666666666661        8.3333333333333321        1.4286892561232102E-003
   9.6666666666666661        8.6666666666666661        1.0068425765520409E-003
   9.6666666666666661        9.0000000000000000        1.0099671647458681E-003
   9.6666666666666661        9.3333333333333321        7.5140167534715229E-004
   9.6666666666666661        9.6666666666666661        3.2674859516662814E-004
   9.6666666666666661        10.000000000000000        0.0000000000000000     
 
   10.000000000000000        0.0000000000000000        0.0000000000000000     
   10.000000000000000       0.33333333333333331        0.0000000000000000     
   10.000000000000000       0.66666666666666663        0.0000000000000000     
   10.000000000000000        1.0000000000000000        0.0000000000000000     
   10.000000000000000        1.3333333333333333        0.0000000000000000     
   10.000000000000000        1.6666666666666665        0.0000000000000000     
   10.000000000000000        2.0000000000000000        0.0000000000000000     
   10.000000000000000        2.3333333333333330        0.0000000000000000     
   10.000000000000000        2.6666666666666665        0.0000000000000000     
   10.000000000000000        3.0000000000000000        0.0000000000000000     
   10.000000000000000        3.3333333333333330        0.0000000000000000     
   10.000000000000000        3.6666666666666665        0.0000000000000000     
   10.000000000000000        4.0000000000000000        0.0000000000000000     
   10.000000000000000        4.3333333333333330        0.0000000000000000     
   10.000000000000000        4.6666666666666661        0.0000000000000000     
   10.000000000000000        5.0000000000000000        0.0000000000000000     
   10.000000000000000        5.3333333333333330        0.0000000000000000     
   10.000000000000000        5.6666666666666661        0.0000000000000000     
   10.000000000000000        6.0000000000000000        0.0000000000000000     
   10.000000000000000        6.3333333333333330        0.0000000000000000     
   10.000000000000000        6.6666666666666661        0.0000000000000000     
   10.000000000000000        7.0000000000000000        0.0000000000000000     
   10.000000000000000        7.3333333333333330        0.0000000000000000     
   10.000000000000000        7.6666666666666661        0.0000000000000000     
   10.000000000000000        8.0000000000000000        0.0000000000000000     
   10.000000000000000        8.3333333333333321        0.0000000000000000     
   10.000000000000000        8.6666666666666661        0.0000000000000000     
   10.000000000000000        9.0000000000000000        0.0000000000000000     
   10.000000000000000        9.3333333333333321        0.0000000000000000     
   10.000000000000000        9.6666666666666661        0.0000000000000000     
   10.000000000000000        10.000000000000000        0.0000000000000000     
 
