   0.0000000000000000        0.0000000000000000        0.0000000000000000     
   0.0000000000000000       0.33333333333333331        0.0000000000000000     
   0.0000000000000000       0.66666666666666663        0.0000000000000000     
   0.0000000000000000        1.0000000000000000        0.0000000000000000     
   0.0000000000000000        1.3333333333333333        0.0000000000000000     
   0.0000000000000000        1.6666666666666665        0.0000000000000000     
   0.0000000000000000        2.0000000000000000        0.0000000000000000     
   0.0000000000000000        2.3333333333333330        0.0000000000000000     
   0.0000000000000000        2.6666666666666665        0.0000000000000000     
   0.0000000000000000        3.0000000000000000        0.0000000000000000     
   0.0000000000000000        3.3333333333333330        0.0000000000000000     
   0.0000000000000000        3.6666666666666665        0.0000000000000000     
   0.0000000000000000        4.0000000000000000        0.0000000000000000     
   0.0000000000000000        4.3333333333333330        0.0000000000000000     
   0.0000000000000000        4.6666666666666661        0.0000000000000000     
   0.0000000000000000        5.0000000000000000        0.0000000000000000     
   0.0000000000000000        5.3333333333333330        0.0000000000000000     
   0.0000000000000000        5.6666666666666661        0.0000000000000000     
   0.0000000000000000        6.0000000000000000        0.0000000000000000     
   0.0000000000000000        6.3333333333333330        0.0000000000000000     
   0.0000000000000000        6.6666666666666661        0.0000000000000000     
   0.0000000000000000        7.0000000000000000        0.0000000000000000     
   0.0000000000000000        7.3333333333333330        0.0000000000000000     
   0.0000000000000000        7.6666666666666661        0.0000000000000000     
   0.0000000000000000        8.0000000000000000        0.0000000000000000     
   0.0000000000000000        8.3333333333333321        0.0000000000000000     
   0.0000000000000000        8.6666666666666661        0.0000000000000000     
   0.0000000000000000        9.0000000000000000        0.0000000000000000     
   0.0000000000000000        9.3333333333333321        0.0000000000000000     
   0.0000000000000000        9.6666666666666661        0.0000000000000000     
   0.0000000000000000        10.000000000000000        0.0000000000000000     
 
  0.33333333333333331        0.0000000000000000        0.0000000000000000     
  0.33333333333333331       0.33333333333333331        1.0979137112650271E-006
  0.33333333333333331       0.66666666666666663        1.7873637486299149E-006
  0.33333333333333331        1.0000000000000000        1.4715416512523955E-006
  0.33333333333333331        1.3333333333333333        3.3883448024262811E-006
  0.33333333333333331        1.6666666666666665        5.8633361200221745E-006
  0.33333333333333331        2.0000000000000000        1.1195373785338964E-005
  0.33333333333333331        2.3333333333333330        1.6923623790950352E-005
  0.33333333333333331        2.6666666666666665        1.7884618350082225E-005
  0.33333333333333331        3.0000000000000000        4.5010140984987788E-005
  0.33333333333333331        3.3333333333333330        5.2714630236233464E-005
  0.33333333333333331        3.6666666666666665        4.5247870105086271E-005
  0.33333333333333331        4.0000000000000000        4.2815934394931196E-005
  0.33333333333333331        4.3333333333333330        4.5873852787938118E-005
  0.33333333333333331        4.6666666666666661        3.3593568128227888E-005
  0.33333333333333331        5.0000000000000000        7.0171926802551929E-005
  0.33333333333333331        5.3333333333333330        2.0758119911648543E-004
  0.33333333333333331        5.6666666666666661        3.0297202834545585E-004
  0.33333333333333331        6.0000000000000000        3.9509896623059459E-004
  0.33333333333333331        6.3333333333333330        4.7631738247497164E-004
  0.33333333333333331        6.6666666666666661        2.9134446885579389E-004
  0.33333333333333331        7.0000000000000000        5.1786177919065101E-004
  0.33333333333333331        7.3333333333333330        1.8854954431633811E-004
  0.33333333333333331        7.6666666666666661        1.2755883854519452E-004
  0.33333333333333331        8.0000000000000000        7.9076262025431070E-005
  0.33333333333333331        8.3333333333333321        4.1442337895756304E-005
  0.33333333333333331        8.6666666666666661        2.5206637556687585E-005
  0.33333333333333331        9.0000000000000000        1.5586988358998691E-005
  0.33333333333333331        9.3333333333333321        7.2665908187075338E-006
  0.33333333333333331        9.6666666666666661        2.8041575010449750E-006
  0.33333333333333331        10.000000000000000        0.0000000000000000     
 
  0.66666666666666663        0.0000000000000000        0.0000000000000000     
  0.66666666666666663       0.33333333333333331        3.1573397867338108E-006
  0.66666666666666663       0.66666666666666663        5.4815800900830632E-006
  0.66666666666666663        1.0000000000000000        1.0313121079733177E-005
  0.66666666666666663        1.3333333333333333        7.9501111761817032E-006
  0.66666666666666663        1.6666666666666665        1.1802426607053697E-005
  0.66666666666666663        2.0000000000000000        2.7439115761959608E-005
  0.66666666666666663        2.3333333333333330        4.6639547120802756E-005
  0.66666666666666663        2.6666666666666665        1.3094310144126550E-004
  0.66666666666666663        3.0000000000000000        1.2952204049096445E-004
  0.66666666666666663        3.3333333333333330        1.4384361323130384E-004
  0.66666666666666663        3.6666666666666665        1.0591974924823651E-004
  0.66666666666666663        4.0000000000000000        9.9841436967084365E-005
  0.66666666666666663        4.3333333333333330        1.2806053523999470E-004
  0.66666666666666663        4.6666666666666661        0.0000000000000000     
  0.66666666666666663        5.0000000000000000        4.4437855623386858E-004
  0.66666666666666663        5.3333333333333330        5.4492708516340786E-004
  0.66666666666666663        5.6666666666666661        7.3454743839149661E-004
  0.66666666666666663        6.0000000000000000        9.6172758252644505E-004
  0.66666666666666663        6.3333333333333330        1.4081763011611753E-003
  0.66666666666666663        6.6666666666666661        2.2723899660895483E-003
  0.66666666666666663        7.0000000000000000        1.8017551455470440E-003
  0.66666666666666663        7.3333333333333330        2.0520615385685324E-004
  0.66666666666666663        7.6666666666666661        2.9880436619577206E-004
  0.66666666666666663        8.0000000000000000        1.8324533342813716E-004
  0.66666666666666663        8.3333333333333321        8.0998460184930539E-005
  0.66666666666666663        8.6666666666666661        5.6023005664853537E-005
  0.66666666666666663        9.0000000000000000        3.7594982863101710E-005
  0.66666666666666663        9.3333333333333321        1.4353797235202257E-005
  0.66666666666666663        9.6666666666666661        5.3913590185991512E-006
  0.66666666666666663        10.000000000000000        0.0000000000000000     
 
   1.0000000000000000        0.0000000000000000        0.0000000000000000     
   1.0000000000000000       0.33333333333333331        7.6053805583701585E-006
   1.0000000000000000       0.66666666666666663        1.4192526291963186E-005
   1.0000000000000000        1.0000000000000000        1.7816041997037250E-005
   1.0000000000000000        1.3333333333333333        1.0313121079733177E-005
   1.0000000000000000        1.6666666666666665        4.0064096220981135E-005
   1.0000000000000000        2.0000000000000000        5.3243151744107072E-005
   1.0000000000000000        2.3333333333333330        1.1720716987776948E-004
   1.0000000000000000        2.6666666666666665        1.9080412179097697E-004
   1.0000000000000000        3.0000000000000000        2.5459159055057879E-004
   1.0000000000000000        3.3333333333333330        3.4819248292556086E-004
   1.0000000000000000        3.6666666666666665        1.8143738429294575E-004
   1.0000000000000000        4.0000000000000000        1.6762787670957145E-004
   1.0000000000000000        4.3333333333333330        2.9551657476347971E-004
   1.0000000000000000        4.6666666666666661        3.7058261493691866E-004
   1.0000000000000000        5.0000000000000000        5.3557601256010786E-004
   1.0000000000000000        5.3333333333333330        1.0181797588026708E-003
   1.0000000000000000        5.6666666666666661        1.4228451285791678E-003
   1.0000000000000000        6.0000000000000000        1.6881439706150430E-003
   1.0000000000000000        6.3333333333333330        3.3213022760690300E-003
   1.0000000000000000        6.6666666666666661        3.6287584349493952E-003
   1.0000000000000000        7.0000000000000000        3.3224823602266145E-003
   1.0000000000000000        7.3333333333333330        2.1033360847348779E-003
   1.0000000000000000        7.6666666666666661        8.0865161638292579E-004
   1.0000000000000000        8.0000000000000000        3.5584318775995884E-004
   1.0000000000000000        8.3333333333333321        1.4446502049176663E-004
   1.0000000000000000        8.6666666666666661        1.0709046259502399E-004
   1.0000000000000000        9.0000000000000000        8.2729077450047149E-005
   1.0000000000000000        9.3333333333333321        4.7084383167197139E-006
   1.0000000000000000        9.6666666666666661        7.1497779996378108E-006
   1.0000000000000000        10.000000000000000        0.0000000000000000     
 
   1.3333333333333333        0.0000000000000000        0.0000000000000000     
   1.3333333333333333       0.33333333333333331        1.6715956430902510E-005
   1.3333333333333333       0.66666666666666663        3.2639012469682781E-005
   1.3333333333333333        1.0000000000000000        4.4957104212427245E-005
   1.3333333333333333        1.3333333333333333        7.4958116440292192E-005
   1.3333333333333333        1.6666666666666665        4.6379195334939492E-005
   1.3333333333333333        2.0000000000000000        2.1934914300699839E-004
   1.3333333333333333        2.3333333333333330        2.3051961521045421E-004
   1.3333333333333333        2.6666666666666665        3.4286663795875694E-004
   1.3333333333333333        3.0000000000000000        4.5577878189421794E-004
   1.3333333333333333        3.3333333333333330        9.5167832862491685E-004
   1.3333333333333333        3.6666666666666665        1.8682942052523010E-003
   1.3333333333333333        4.0000000000000000        8.7920193528228936E-004
   1.3333333333333333        4.3333333333333330        7.1725153498202918E-004
   1.3333333333333333        4.6666666666666661        1.5718777925823857E-003
   1.3333333333333333        5.0000000000000000        1.7674324101913084E-003
   1.3333333333333333        5.3333333333333330        1.9697798112645040E-003
   1.3333333333333333        5.6666666666666661        2.7904644071070654E-003
   1.3333333333333333        6.0000000000000000        9.3491678167536060E-003
   1.3333333333333333        6.3333333333333330        7.7480736051122956E-003
   1.3333333333333333        6.6666666666666661        6.9249623190154874E-003
   1.3333333333333333        7.0000000000000000        5.7751781255524900E-003
   1.3333333333333333        7.3333333333333330        4.2179589212224524E-003
   1.3333333333333333        7.6666666666666661        1.5622775762979434E-004
   1.3333333333333333        8.0000000000000000        2.2975116347357996E-004
   1.3333333333333333        8.3333333333333321        2.4831229001047629E-004
   1.3333333333333333        8.6666666666666661        1.9510887232736715E-004
   1.3333333333333333        9.0000000000000000        1.4277547815776727E-004
   1.3333333333333333        9.3333333333333321        5.3563337705891174E-005
   1.3333333333333333        9.6666666666666661        2.2065642275381998E-005
   1.3333333333333333        10.000000000000000        0.0000000000000000     
 
   1.6666666666666665        0.0000000000000000        0.0000000000000000     
   1.6666666666666665       0.33333333333333331        3.4372510025355000E-005
   1.6666666666666665       0.66666666666666663        6.9709100234242963E-005
   1.6666666666666665        1.0000000000000000        1.0491772942532691E-004
   1.6666666666666665        1.3333333333333333        1.3782401868869912E-004
   1.6666666666666665        1.6666666666666665        3.9541284240587063E-004
   1.6666666666666665        2.0000000000000000        3.0556295794667272E-004
   1.6666666666666665        2.3333333333333330        3.4274338494291566E-004
   1.6666666666666665        2.6666666666666665        6.3646039668396317E-004
   1.6666666666666665        3.0000000000000000        2.4078761606742931E-003
   1.6666666666666665        3.3333333333333330        2.4053573353636838E-003
   1.6666666666666665        3.6666666666666665        2.5627009381111675E-003
   1.6666666666666665        4.0000000000000000        1.3947559163323404E-003
   1.6666666666666665        4.3333333333333330        1.2695707084187827E-003
   1.6666666666666665        4.6666666666666661        2.1894948547573896E-003
   1.6666666666666665        5.0000000000000000        2.2496513211925900E-003
   1.6666666666666665        5.3333333333333330        3.0356007307755380E-003
   1.6666666666666665        5.6666666666666661        5.9571773199341730E-003
   1.6666666666666665        6.0000000000000000        1.3951379047746879E-002
   1.6666666666666665        6.3333333333333330        1.3948067780941082E-002
   1.6666666666666665        6.6666666666666661        1.2890155155598963E-002
   1.6666666666666665        7.0000000000000000        1.0654327509929276E-002
   1.6666666666666665        7.3333333333333330        6.3253192157912523E-003
   1.6666666666666665        7.6666666666666661        1.3690217224243852E-004
   1.6666666666666665        8.0000000000000000        2.6169052530046521E-004
   1.6666666666666665        8.3333333333333321        5.3276869312306446E-004
   1.6666666666666665        8.6666666666666661        3.6940455037139347E-004
   1.6666666666666665        9.0000000000000000        2.1601494239675123E-004
   1.6666666666666665        9.3333333333333321        1.1048844642892118E-004
   1.6666666666666665        9.6666666666666661        3.8188725705383740E-005
   1.6666666666666665        10.000000000000000        0.0000000000000000     
 
   2.0000000000000000        0.0000000000000000        0.0000000000000000     
   2.0000000000000000       0.33333333333333331        6.6461723347164989E-005
   2.0000000000000000       0.66666666666666663        1.3779489533975920E-004
   2.0000000000000000        1.0000000000000000        2.1303165625596084E-004
   2.0000000000000000        1.3333333333333333        2.9319297305975317E-004
   2.0000000000000000        1.6666666666666665        6.4854824603739563E-004
   2.0000000000000000        2.0000000000000000        3.9541284240587063E-004
   2.0000000000000000        2.3333333333333330        1.0576169036536705E-003
   2.0000000000000000        2.6666666666666665        1.4751979596621262E-003
   2.0000000000000000        3.0000000000000000        3.2767190921962242E-003
   2.0000000000000000        3.3333333333333330        4.5398013144251079E-003
   2.0000000000000000        3.6666666666666665        5.4691807541839320E-003
   2.0000000000000000        4.0000000000000000        8.6590484960638540E-003
   2.0000000000000000        4.3333333333333330        9.8834705582655329E-003
   2.0000000000000000        4.6666666666666661        4.4734884962587497E-003
   2.0000000000000000        5.0000000000000000        2.8456785127510885E-003
   2.0000000000000000        5.3333333333333330        0.0000000000000000     
   2.0000000000000000        5.6666666666666661        6.0230363273337653E-002
   2.0000000000000000        6.0000000000000000        3.0611142522425916E-002
   2.0000000000000000        6.3333333333333330        2.5421365822471710E-002
   2.0000000000000000        6.6666666666666661        2.4035037916467182E-002
   2.0000000000000000        7.0000000000000000        2.1059143753569921E-002
   2.0000000000000000        7.3333333333333330        4.9970499598037003E-005
   2.0000000000000000        7.6666666666666661        7.5200014204265651E-005
   2.0000000000000000        8.0000000000000000        3.1070509552418271E-003
   2.0000000000000000        8.3333333333333321        1.4697007177410792E-003
   2.0000000000000000        8.6666666666666661        6.9038114625288285E-004
   2.0000000000000000        9.0000000000000000        3.3691719582349007E-004
   2.0000000000000000        9.3333333333333321        1.8474310934721682E-004
   2.0000000000000000        9.6666666666666661        2.7249267754409708E-005
   2.0000000000000000        10.000000000000000        0.0000000000000000     
 
   2.3333333333333330        0.0000000000000000        0.0000000000000000     
   2.3333333333333330       0.33333333333333331        1.2236238911177036E-004
   2.3333333333333330       0.66666666666666663        2.6059635461003609E-004
   2.3333333333333330        1.0000000000000000        4.0514500227997432E-004
   2.3333333333333330        1.3333333333333333        1.5162225508329706E-003
   2.3333333333333330        1.6666666666666665        1.7600044405470343E-003
   2.3333333333333330        2.0000000000000000        4.7534983683834168E-003
   2.3333333333333330        2.3333333333333330        6.9821229786365393E-003
   2.3333333333333330        2.6666666666666665        7.4989021703109546E-003
   2.3333333333333330        3.0000000000000000        5.7994662142508034E-003
   2.3333333333333330        3.3333333333333330        8.4700115310840773E-003
   2.3333333333333330        3.6666666666666665        1.1006445481143570E-002
   2.3333333333333330        4.0000000000000000        1.1501248591846563E-002
   2.3333333333333330        4.3333333333333330        1.8293489232097369E-002
   2.3333333333333330        4.6666666666666661        5.2207073582095892E-002
   2.3333333333333330        5.0000000000000000        8.8643253742538716E-002
   2.3333333333333330        5.3333333333333330       0.11734031877044736     
   2.3333333333333330        5.6666666666666661       0.10290192267190404     
   2.3333333333333330        6.0000000000000000        6.1508389341820957E-002
   2.3333333333333330        6.3333333333333330        4.0090225844918899E-002
   2.3333333333333330        6.6666666666666661        4.3524852426304876E-002
   2.3333333333333330        7.0000000000000000        3.4667893713539226E-002
   2.3333333333333330        7.3333333333333330        2.8837334729175372E-002
   2.3333333333333330        7.6666666666666661        1.4432937440394530E-002
   2.3333333333333330        8.0000000000000000        5.8811536676692993E-003
   2.3333333333333330        8.3333333333333321        2.1112367936400116E-003
   2.3333333333333330        8.6666666666666661        8.6500902717691905E-004
   2.3333333333333330        9.0000000000000000        4.0083180358025083E-004
   2.3333333333333330        9.3333333333333321        1.8958254449876583E-004
   2.3333333333333330        9.6666666666666661        6.7323934409223396E-005
   2.3333333333333330        10.000000000000000        0.0000000000000000     
 
   2.6666666666666665        0.0000000000000000        0.0000000000000000     
   2.6666666666666665       0.33333333333333331        2.1318141743475991E-004
   2.6666666666666665       0.66666666666666663        4.8321912295086667E-004
   2.6666666666666665        1.0000000000000000        9.0293633408086672E-004
   2.6666666666666665        1.3333333333333333        1.8357477433431242E-003
   2.6666666666666665        1.6666666666666665        3.7415676182651564E-003
   2.6666666666666665        2.0000000000000000        6.3613347058740326E-003
   2.6666666666666665        2.3333333333333330        9.2214469987851062E-003
   2.6666666666666665        2.6666666666666665        1.1499499414068430E-002
   2.6666666666666665        3.0000000000000000        1.8947952480932194E-002
   2.6666666666666665        3.3333333333333330        1.5029221387297318E-002
   2.6666666666666665        3.6666666666666665        2.1671862802489714E-002
   2.6666666666666665        4.0000000000000000        3.0252280236860437E-002
   2.6666666666666665        4.3333333333333330        3.8550178302463350E-002
   2.6666666666666665        4.6666666666666661        6.4817005550565021E-002
   2.6666666666666665        5.0000000000000000       0.10692336033326728     
   2.6666666666666665        5.3333333333333330       0.15269015016197313     
   2.6666666666666665        5.6666666666666661       0.15000578274682055     
   2.6666666666666665        6.0000000000000000        9.6700940537102584E-002
   2.6666666666666665        6.3333333333333330       0.11723625359998217     
   2.6666666666666665        6.6666666666666661        8.6098074093699656E-002
   2.6666666666666665        7.0000000000000000        4.8744956232102538E-002
   2.6666666666666665        7.3333333333333330        3.7588409087684613E-002
   2.6666666666666665        7.6666666666666661        2.7550165308909288E-002
   2.6666666666666665        8.0000000000000000        7.0694857280341830E-004
   2.6666666666666665        8.3333333333333321        1.0059415735950334E-003
   2.6666666666666665        8.6666666666666661        6.0040618308012403E-004
   2.6666666666666665        9.0000000000000000        3.8141453154156543E-004
   2.6666666666666665        9.3333333333333321        1.8971936968471457E-004
   2.6666666666666665        9.6666666666666661        8.3264515867778773E-005
   2.6666666666666665        10.000000000000000        0.0000000000000000     
 
   3.0000000000000000        0.0000000000000000        0.0000000000000000     
   3.0000000000000000       0.33333333333333331        3.3221504126630598E-004
   3.0000000000000000       0.66666666666666663        7.4410241880139164E-004
   3.0000000000000000        1.0000000000000000        1.2255453791497858E-003
   3.0000000000000000        1.3333333333333333        4.8722277133015470E-003
   3.0000000000000000        1.6666666666666665        6.2329416657914138E-003
   3.0000000000000000        2.0000000000000000        9.6994833294960937E-003
   3.0000000000000000        2.3333333333333330        1.4732325558804750E-002
   3.0000000000000000        2.6666666666666665        2.0954428022364427E-002
   3.0000000000000000        3.0000000000000000        2.7712702165878799E-002
   3.0000000000000000        3.3333333333333330        4.9726119708433519E-002
   3.0000000000000000        3.6666666666666665        4.4138994992293644E-002
   3.0000000000000000        4.0000000000000000        3.9869551287224379E-002
   3.0000000000000000        4.3333333333333330        5.0280075243579560E-002
   3.0000000000000000        4.6666666666666661        7.5296475280592454E-002
   3.0000000000000000        5.0000000000000000       0.14028579625499721     
   3.0000000000000000        5.3333333333333330       0.25886716855701541     
   3.0000000000000000        5.6666666666666661       0.27004844287251789     
   3.0000000000000000        6.0000000000000000       0.27233468281779682     
   3.0000000000000000        6.3333333333333330       0.17143142513547879     
   3.0000000000000000        6.6666666666666661       0.15274116081895311     
   3.0000000000000000        7.0000000000000000        7.9801514150307909E-002
   3.0000000000000000        7.3333333333333330        5.5468065377283250E-002
   3.0000000000000000        7.6666666666666661        3.8619900748274164E-002
   3.0000000000000000        8.0000000000000000        1.7173092894728174E-002
   3.0000000000000000        8.3333333333333321        2.7334367274796460E-004
   3.0000000000000000        8.6666666666666661        3.9937057952225101E-004
   3.0000000000000000        9.0000000000000000        4.9959734202862749E-004
   3.0000000000000000        9.3333333333333321        2.3465828840447023E-004
   3.0000000000000000        9.6666666666666661        1.1396788894185882E-004
   3.0000000000000000        10.000000000000000        0.0000000000000000     
 
   3.3333333333333330        0.0000000000000000        0.0000000000000000     
   3.3333333333333330       0.33333333333333331        4.9933984191464717E-004
   3.3333333333333330       0.66666666666666663        1.2135564591277529E-003
   3.3333333333333330        1.0000000000000000        2.4720075692357900E-003
   3.3333333333333330        1.3333333333333333        5.0924865953496500E-003
   3.3333333333333330        1.6666666666666665        8.5218960164007481E-003
   3.3333333333333330        2.0000000000000000        1.4201653497040933E-002
   3.3333333333333330        2.3333333333333330        2.2859727977434990E-002
   3.3333333333333330        2.6666666666666665        3.4854209333414966E-002
   3.3333333333333330        3.0000000000000000        4.9434404144567373E-002
   3.3333333333333330        3.3333333333333330        6.5237771063011277E-002
   3.3333333333333330        3.6666666666666665        6.9836602783106591E-002
   3.3333333333333330        4.0000000000000000        6.9139298682272740E-002
   3.3333333333333330        4.3333333333333330        5.9034303511228535E-002
   3.3333333333333330        4.6666666666666661        6.0466056891686167E-002
   3.3333333333333330        5.0000000000000000       0.56820179419108074     
   3.3333333333333330        5.3333333333333330       0.49819430424864358     
   3.3333333333333330        5.6666666666666661       0.42937392915080003     
   3.3333333333333330        6.0000000000000000       0.40644412712041456     
   3.3333333333333330        6.3333333333333330       0.31880670371897679     
   3.3333333333333330        6.6666666666666661       0.22641018482016584     
   3.3333333333333330        7.0000000000000000       0.12132797207070845     
   3.3333333333333330        7.3333333333333330        7.9282461315982822E-002
   3.3333333333333330        7.6666666666666661        4.3210644053551822E-002
   3.3333333333333330        8.0000000000000000        2.2659271158633008E-002
   3.3333333333333330        8.3333333333333321        4.8027669759406070E-003
   3.3333333333333330        8.6666666666666661        1.5972533843682034E-003
   3.3333333333333330        9.0000000000000000        9.3107702786447352E-004
   3.3333333333333330        9.3333333333333321        4.5733918864229695E-004
   3.3333333333333330        9.6666666666666661        1.8839658322941099E-004
   3.3333333333333330        10.000000000000000        0.0000000000000000     
 
   3.6666666666666665        0.0000000000000000        0.0000000000000000     
   3.6666666666666665       0.33333333333333331        6.3633683725526657E-004
   3.6666666666666665       0.66666666666666663        1.5696214649442788E-003
   3.6666666666666665        1.0000000000000000        3.1818618288669402E-003
   3.6666666666666665        1.3333333333333333        6.0869132952743677E-003
   3.6666666666666665        1.6666666666666665        1.0981409920853988E-002
   3.6666666666666665        2.0000000000000000        1.9363995513266733E-002
   3.6666666666666665        2.3333333333333330        3.2893636910529586E-002
   3.6666666666666665        2.6666666666666665        5.3302448390374194E-002
   3.6666666666666665        3.0000000000000000        7.9050122738126408E-002
   3.6666666666666665        3.3333333333333330       0.10308709217774974     
   3.6666666666666665        3.6666666666666665       0.11164435708086080     
   3.6666666666666665        4.0000000000000000        9.2828762037571483E-002
   3.6666666666666665        4.3333333333333330        6.9139298682272740E-002
   3.6666666666666665        4.6666666666666661       0.73623266385998198     
   3.6666666666666665        5.0000000000000000       0.67731403165283965     
   3.6666666666666665        5.3333333333333330       0.76353805045186651     
   3.6666666666666665        5.6666666666666661       0.57327564852227197     
   3.6666666666666665        6.0000000000000000       0.55028518537938909     
   3.6666666666666665        6.3333333333333330       0.44497344730466110     
   3.6666666666666665        6.6666666666666661       0.34237159391568339     
   3.6666666666666665        7.0000000000000000       0.17102663758294667     
   3.6666666666666665        7.3333333333333330       0.11403204800809066     
   3.6666666666666665        7.6666666666666661        1.0621153505840090E-002
   3.6666666666666665        8.0000000000000000        1.4164460598328661E-002
   3.6666666666666665        8.3333333333333321        6.5480685395024737E-003
   3.6666666666666665        8.6666666666666661        2.8811725961240013E-003
   3.6666666666666665        9.0000000000000000        1.5431579379037916E-003
   3.6666666666666665        9.3333333333333321        6.6517836207814903E-004
   3.6666666666666665        9.6666666666666661        2.6264243721431125E-004
   3.6666666666666665        10.000000000000000        0.0000000000000000     
 
   4.0000000000000000        0.0000000000000000        0.0000000000000000     
   4.0000000000000000       0.33333333333333331        7.0652457100538017E-004
   4.0000000000000000       0.66666666666666663        1.7893756930468766E-003
   4.0000000000000000        1.0000000000000000        3.6264958927364325E-003
   4.0000000000000000        1.3333333333333333        6.8942669416346544E-003
   4.0000000000000000        1.6666666666666665        1.2872481933752192E-002
   4.0000000000000000        2.0000000000000000        2.3926505793464309E-002
   4.0000000000000000        2.3333333333333330        4.2773651056766518E-002
   4.0000000000000000        2.6666666666666665        7.5765406830899065E-002
   4.0000000000000000        3.0000000000000000       0.12226782031030457     
   4.0000000000000000        3.3333333333333330       0.16999698973243069     
   4.0000000000000000        3.6666666666666665       0.19492292198036007     
   4.0000000000000000        4.0000000000000000       0.13588993089318122     
   4.0000000000000000        4.3333333333333330       0.99642686944968217     
   4.0000000000000000        4.6666666666666661       0.84493132474659349     
   4.0000000000000000        5.0000000000000000        1.5598126678110835     
   4.0000000000000000        5.3333333333333330        1.3076109082178073     
   4.0000000000000000        5.6666666666666661        1.0570835297449630     
   4.0000000000000000        6.0000000000000000       0.80045862341444141     
   4.0000000000000000        6.3333333333333330       0.59848810461107615     
   4.0000000000000000        6.6666666666666661       0.38863319033133414     
   4.0000000000000000        7.0000000000000000       0.25534183283810064     
   4.0000000000000000        7.3333333333333330        8.6176805440500409E-002
   4.0000000000000000        7.6666666666666661        3.0388157861241240E-002
   4.0000000000000000        8.0000000000000000        2.1153293821376869E-002
   4.0000000000000000        8.3333333333333321        9.2984936128211928E-003
   4.0000000000000000        8.6666666666666661        3.3771456679025655E-003
   4.0000000000000000        9.0000000000000000        2.2836731958450446E-003
   4.0000000000000000        9.3333333333333321        6.2446847410996904E-004
   4.0000000000000000        9.6666666666666661        3.0590541800675273E-004
   4.0000000000000000        10.000000000000000        0.0000000000000000     
 
   4.3333333333333330        0.0000000000000000        0.0000000000000000     
   4.3333333333333330       0.33333333333333331        6.5298361187629680E-004
   4.3333333333333330       0.66666666666666663        1.8656513882307300E-003
   4.3333333333333330        1.0000000000000000        3.7923660104822367E-003
   4.3333333333333330        1.3333333333333333        6.9730697508844398E-003
   4.3333333333333330        1.6666666666666665        1.2953842445337663E-002
   4.3333333333333330        2.0000000000000000        2.5933475603553583E-002
   4.3333333333333330        2.3333333333333330        4.6411306152781426E-002
   4.3333333333333330        2.6666666666666665        9.6090885871298659E-002
   4.3333333333333330        3.0000000000000000       0.17883908933303583     
   4.3333333333333330        3.3333333333333330       0.27538027155833289     
   4.3333333333333330        3.6666666666666665       0.37735405125942806     
   4.3333333333333330        4.0000000000000000        1.1292576166584949     
   4.3333333333333330        4.3333333333333330        1.1614222946654218     
   4.3333333333333330        4.6666666666666661        1.7533004945434598     
   4.3333333333333330        5.0000000000000000        1.6773833318885596     
   4.3333333333333330        5.3333333333333330        1.5096744873024617     
   4.3333333333333330        5.6666666666666661        1.2750897900852711     
   4.3333333333333330        6.0000000000000000       0.99222484786332854     
   4.3333333333333330        6.3333333333333330       0.77775549781624564     
   4.3333333333333330        6.6666666666666661       0.37832819705052928     
   4.3333333333333330        7.0000000000000000       0.23652095470650417     
   4.3333333333333330        7.3333333333333330       0.10316244464638601     
   4.3333333333333330        7.6666666666666661        4.7116264005310250E-002
   4.3333333333333330        8.0000000000000000        2.4671660361266241E-002
   4.3333333333333330        8.3333333333333321        1.2259481155655498E-002
   4.3333333333333330        8.6666666666666661        5.6521173987858185E-003
   4.3333333333333330        9.0000000000000000        2.7687309381629510E-003
   4.3333333333333330        9.3333333333333321        1.1891115265391930E-003
   4.3333333333333330        9.6666666666666661        4.6027119478132074E-004
   4.3333333333333330        10.000000000000000        0.0000000000000000     
 
   4.6666666666666661        0.0000000000000000        0.0000000000000000     
   4.6666666666666661       0.33333333333333331        2.7316532931059964E-004
   4.6666666666666661       0.66666666666666663        2.8795408897880131E-003
   4.6666666666666661        1.0000000000000000        3.9220563861447075E-003
   4.6666666666666661        1.3333333333333333        6.2706646725314234E-003
   4.6666666666666661        1.6666666666666665        9.3079470616653972E-003
   4.6666666666666661        2.0000000000000000        2.1362680348627032E-002
   4.6666666666666661        2.3333333333333330        2.9032216884646370E-002
   4.6666666666666661        2.6666666666666665       0.21279157688735822     
   4.6666666666666661        3.0000000000000000       0.23882587147460935     
   4.6666666666666661        3.3333333333333330       0.39120543851130468     
   4.6666666666666661        3.6666666666666665       0.67293450905582941     
   4.6666666666666661        4.0000000000000000        1.0631073442763039     
   4.6666666666666661        4.3333333333333330        1.3229704094098824     
   4.6666666666666661        4.6666666666666661        1.6358725955481868     
   4.6666666666666661        5.0000000000000000        1.7131988848594346     
   4.6666666666666661        5.3333333333333330        1.6407066657652478     
   4.6666666666666661        5.6666666666666661        1.4538585023340704     
   4.6666666666666661        6.0000000000000000        1.0816402029580621     
   4.6666666666666661        6.3333333333333330       0.74280360632814224     
   4.6666666666666661        6.6666666666666661       0.54961046283427428     
   4.6666666666666661        7.0000000000000000        4.8074864914140411E-002
   4.6666666666666661        7.3333333333333330        5.9784928325597550E-002
   4.6666666666666661        7.6666666666666661        4.0181733714510053E-002
   4.6666666666666661        8.0000000000000000        2.4412364206085745E-002
   4.6666666666666661        8.3333333333333321        1.2972343878996151E-002
   4.6666666666666661        8.6666666666666661        6.0196623500600021E-003
   4.6666666666666661        9.0000000000000000        2.9197331906204251E-003
   4.6666666666666661        9.3333333333333321        1.3463633249178289E-003
   4.6666666666666661        9.6666666666666661        5.2548088512404973E-004
   4.6666666666666661        10.000000000000000        0.0000000000000000     
 
   5.0000000000000000        0.0000000000000000        0.0000000000000000     
   5.0000000000000000       0.33333333333333331        2.6892533463715305E-004
   5.0000000000000000       0.66666666666666663        2.6715932058385076E-003
   5.0000000000000000        1.0000000000000000        4.0592159848265325E-003
   5.0000000000000000        1.3333333333333333        6.8109584369626013E-003
   5.0000000000000000        1.6666666666666665        1.1361140642275364E-002
   5.0000000000000000        2.0000000000000000        1.9088348226382227E-002
   5.0000000000000000        2.3333333333333330        2.5761452741949013E-002
   5.0000000000000000        2.6666666666666665       0.16621238299865626     
   5.0000000000000000        3.0000000000000000       0.19451398837700531     
   5.0000000000000000        3.3333333333333330       0.84275413397023413     
   5.0000000000000000        3.6666666666666665       0.85506893953501117     
   5.0000000000000000        4.0000000000000000        1.0815251183155230     
   5.0000000000000000        4.3333333333333330        1.3353654913115509     
   5.0000000000000000        4.6666666666666661        1.5761035267226520     
   5.0000000000000000        5.0000000000000000        1.6978805161336112     
   5.0000000000000000        5.3333333333333330        1.7018026458818964     
   5.0000000000000000        5.6666666666666661        1.6794828287830557     
   5.0000000000000000        6.0000000000000000       0.54792073186726198     
   5.0000000000000000        6.3333333333333330       0.56307651053633967     
   5.0000000000000000        6.6666666666666661       0.21345643294631586     
   5.0000000000000000        7.0000000000000000        8.5442032624180764E-002
   5.0000000000000000        7.3333333333333330        6.0391468238297837E-002
   5.0000000000000000        7.6666666666666661        3.8861806271076917E-002
   5.0000000000000000        8.0000000000000000        2.6260099825188191E-002
   5.0000000000000000        8.3333333333333321        5.9203989405066243E-003
   5.0000000000000000        8.6666666666666661        4.4707664364530058E-003
   5.0000000000000000        9.0000000000000000        2.5650332411576420E-003
   5.0000000000000000        9.3333333333333321        1.2524216665626736E-003
   5.0000000000000000        9.6666666666666661        4.9942085094848430E-004
   5.0000000000000000        10.000000000000000        0.0000000000000000     
 
   5.3333333333333330        0.0000000000000000        0.0000000000000000     
   5.3333333333333330       0.33333333333333331        6.3573531847695814E-004
   5.3333333333333330       0.66666666666666663        2.2362392816585078E-003
   5.3333333333333330        1.0000000000000000        4.1889709699086796E-003
   5.3333333333333330        1.3333333333333333        7.6434970096551395E-003
   5.3333333333333330        1.6666666666666665        1.3430701405623803E-002
   5.3333333333333330        2.0000000000000000        2.2766213989871251E-002
   5.3333333333333330        2.3333333333333330        3.5269290543685800E-002
   5.3333333333333330        2.6666666666666665       0.16112212341981738     
   5.3333333333333330        3.0000000000000000       0.20532550902432362     
   5.3333333333333330        3.3333333333333330       0.66837121681137579     
   5.3333333333333330        3.6666666666666665       0.81444436251261332     
   5.3333333333333330        4.0000000000000000        1.0200615792195284     
   5.3333333333333330        4.3333333333333330        1.2482762632176077     
   5.3333333333333330        4.6666666666666661        1.4558088766400019     
   5.3333333333333330        5.0000000000000000        1.5838281031427703     
   5.3333333333333330        5.3333333333333330        1.5718566529752003     
   5.3333333333333330        5.6666666666666661       0.73325751985648124     
   5.3333333333333330        6.0000000000000000       0.56164339457883783     
   5.3333333333333330        6.3333333333333330       0.42229917634406239     
   5.3333333333333330        6.6666666666666661       0.24495246237266047     
   5.3333333333333330        7.0000000000000000       0.12699149060275533     
   5.3333333333333330        7.3333333333333330        7.0496385321979299E-002
   5.3333333333333330        7.6666666666666661        3.8053532981842372E-002
   5.3333333333333330        8.0000000000000000        2.2533868870844589E-002
   5.3333333333333330        8.3333333333333321        9.3426037408669768E-003
   5.3333333333333330        8.6666666666666661        4.9110302441677132E-003
   5.3333333333333330        9.0000000000000000        2.5438539531300757E-003
   5.3333333333333330        9.3333333333333321        1.0738269624410858E-003
   5.3333333333333330        9.6666666666666661        4.1610373702474237E-004
   5.3333333333333330        10.000000000000000        0.0000000000000000     
 
   5.6666666666666661        0.0000000000000000        0.0000000000000000     
   5.6666666666666661       0.33333333333333331        2.7059161955889728E-004
   5.6666666666666661       0.66666666666666663        5.2533502127649840E-004
   5.6666666666666661        1.0000000000000000        4.4414342829015244E-003
   5.6666666666666661        1.3333333333333333        8.4088611370801945E-003
   5.6666666666666661        1.6666666666666665        1.5539351980699955E-002
   5.6666666666666661        2.0000000000000000        2.8700738627567120E-002
   5.6666666666666661        2.3333333333333330        6.4733132797539741E-002
   5.6666666666666661        2.6666666666666665       0.14134115317675688     
   5.6666666666666661        3.0000000000000000       0.28754306668948204     
   5.6666666666666661        3.3333333333333330       0.54275654248154193     
   5.6666666666666661        3.6666666666666665       0.71216285600136986     
   5.6666666666666661        4.0000000000000000       0.89239104899019206     
   5.6666666666666661        4.3333333333333330        1.0818955225809892     
   5.6666666666666661        4.6666666666666661        1.2556597805077196     
   5.6666666666666661        5.0000000000000000        1.4096607331688260     
   5.6666666666666661        5.3333333333333330        1.2287484608802994     
   5.6666666666666661        5.6666666666666661       0.89138533844123136     
   5.6666666666666661        6.0000000000000000       0.36224630821752379     
   5.6666666666666661        6.3333333333333330       0.34666077839198389     
   5.6666666666666661        6.6666666666666661       0.13832608025241733     
   5.6666666666666661        7.0000000000000000        6.9987750261044118E-002
   5.6666666666666661        7.3333333333333330        3.2308077570733187E-002
   5.6666666666666661        7.6666666666666661        2.9364407983476653E-002
   5.6666666666666661        8.0000000000000000        8.2561886602920704E-003
   5.6666666666666661        8.3333333333333321        6.8531785586210571E-003
   5.6666666666666661        8.6666666666666661        4.9433101910924494E-003
   5.6666666666666661        9.0000000000000000        3.4476899012317503E-004
   5.6666666666666661        9.3333333333333321        4.9325306270753559E-004
   5.6666666666666661        9.6666666666666661        2.5661052820473776E-004
   5.6666666666666661        10.000000000000000        0.0000000000000000     
 
   6.0000000000000000        0.0000000000000000        0.0000000000000000     
   6.0000000000000000       0.33333333333333331        2.7934942378536707E-004
   6.0000000000000000       0.66666666666666663        7.3010543396263448E-004
   6.0000000000000000        1.0000000000000000        1.8525909338022745E-003
   6.0000000000000000        1.3333333333333333        0.0000000000000000     
   6.0000000000000000        1.6666666666666665        1.3932965387779826E-002
   6.0000000000000000        2.0000000000000000        1.7969651433689841E-002
   6.0000000000000000        2.3333333333333330        4.5028719654130279E-002
   6.0000000000000000        2.6666666666666665        7.1263769450651118E-002
   6.0000000000000000        3.0000000000000000       0.47874469464757008     
   6.0000000000000000        3.3333333333333330       0.53054399727591095     
   6.0000000000000000        3.6666666666666665       0.60975767916361112     
   6.0000000000000000        4.0000000000000000       0.73358551149043627     
   6.0000000000000000        4.3333333333333330       0.86525477341310142     
   6.0000000000000000        4.6666666666666661       0.96148912459660074     
   6.0000000000000000        5.0000000000000000       0.80818798635800915     
   6.0000000000000000        5.3333333333333330       0.91688015966054681     
   6.0000000000000000        5.6666666666666661       0.65793129118357996     
   6.0000000000000000        6.0000000000000000       0.40230710568470346     
   6.0000000000000000        6.3333333333333330       0.28290189781122826     
   6.0000000000000000        6.6666666666666661       0.15981358403137319     
   6.0000000000000000        7.0000000000000000        8.3780692164010628E-002
   6.0000000000000000        7.3333333333333330        4.3084995708718633E-002
   6.0000000000000000        7.6666666666666661        2.5156828246781070E-002
   6.0000000000000000        8.0000000000000000        1.2241743980271924E-002
   6.0000000000000000        8.3333333333333321        7.0973332720020389E-003
   6.0000000000000000        8.6666666666666661        4.7690756964974624E-003
   6.0000000000000000        9.0000000000000000        8.2805465904607026E-004
   6.0000000000000000        9.3333333333333321        4.9852709876298349E-004
   6.0000000000000000        9.6666666666666661        2.2316253947537385E-004
   6.0000000000000000        10.000000000000000        0.0000000000000000     
 
   6.3333333333333330        0.0000000000000000        0.0000000000000000     
   6.3333333333333330       0.33333333333333331        2.2338464257980179E-004
   6.3333333333333330       0.66666666666666663        5.2921729646771541E-004
   6.3333333333333330        1.0000000000000000        1.0087440132788225E-003
   6.3333333333333330        1.3333333333333333        2.3365652553230150E-003
   6.3333333333333330        1.6666666666666665        9.9420955574992895E-003
   6.3333333333333330        2.0000000000000000        1.5961157076932356E-002
   6.3333333333333330        2.3333333333333330        2.8391515787258414E-002
   6.3333333333333330        2.6666666666666665        4.0106100924568837E-002
   6.3333333333333330        3.0000000000000000        2.8570508926969704E-002
   6.3333333333333330        3.3333333333333330       0.44147866766010257     
   6.3333333333333330        3.6666666666666665       0.48894984078083936     
   6.3333333333333330        4.0000000000000000       0.57147075242348566     
   6.3333333333333330        4.3333333333333330       0.66187320984022180     
   6.3333333333333330        4.6666666666666661       0.71884227716205273     
   6.3333333333333330        5.0000000000000000       0.68035919739920914     
   6.3333333333333330        5.3333333333333330       0.35421898105944172     
   6.3333333333333330        5.6666666666666661       0.40078279947067030     
   6.3333333333333330        6.0000000000000000       0.31904613698295375     
   6.3333333333333330        6.3333333333333330       0.24477374042660105     
   6.3333333333333330        6.6666666666666661       0.15395372247875239     
   6.3333333333333330        7.0000000000000000        7.6089841425030266E-002
   6.3333333333333330        7.3333333333333330        4.0014773144851974E-002
   6.3333333333333330        7.6666666666666661        2.2080362388166311E-002
   6.3333333333333330        8.0000000000000000        1.1898762979796074E-002
   6.3333333333333330        8.3333333333333321        6.7674197403117513E-003
   6.3333333333333330        8.6666666666666661        3.8970534867083938E-003
   6.3333333333333330        9.0000000000000000        1.4831312861497200E-003
   6.3333333333333330        9.3333333333333321        6.5214891607019352E-004
   6.3333333333333330        9.6666666666666661        2.3055270895684505E-004
   6.3333333333333330        10.000000000000000        0.0000000000000000     
 
   6.6666666666666661        0.0000000000000000        0.0000000000000000     
   6.6666666666666661       0.33333333333333331        1.7311087434931460E-004
   6.6666666666666661       0.66666666666666663        3.5589122305906931E-004
   6.6666666666666661        1.0000000000000000        1.9314561845418764E-003
   6.6666666666666661        1.3333333333333333        3.2303782067545925E-003
   6.6666666666666661        1.6666666666666665        6.9592713507593013E-003
   6.6666666666666661        2.0000000000000000        1.1928893784877251E-002
   6.6666666666666661        2.3333333333333330        1.9365397298364034E-002
   6.6666666666666661        2.6666666666666665        2.9565338436400128E-002
   6.6666666666666661        3.0000000000000000        3.6874427715550023E-002
   6.6666666666666661        3.3333333333333330       0.23115951121911943     
   6.6666666666666661        3.6666666666666665       0.36977526928434240     
   6.6666666666666661        4.0000000000000000       0.42608112981004492     
   6.6666666666666661        4.3333333333333330       0.50319574986534898     
   6.6666666666666661        4.6666666666666661       0.57344187869276908     
   6.6666666666666661        5.0000000000000000       0.52054955490522514     
   6.6666666666666661        5.3333333333333330       0.33000579579798212     
   6.6666666666666661        5.6666666666666661       0.28411237742277240     
   6.6666666666666661        6.0000000000000000       0.24697888408860613     
   6.6666666666666661        6.3333333333333330        5.8103022946421827E-002
   6.6666666666666661        6.6666666666666661        3.4249537187391599E-002
   6.6666666666666661        7.0000000000000000        3.8993078002346762E-002
   6.6666666666666661        7.3333333333333330        2.6964220751291158E-002
   6.6666666666666661        7.6666666666666661        1.6612864664559898E-002
   6.6666666666666661        8.0000000000000000        9.8272972349257633E-003
   6.6666666666666661        8.3333333333333321        6.2950711224157210E-003
   6.6666666666666661        8.6666666666666661        1.2564912993071242E-003
   6.6666666666666661        9.0000000000000000        1.1030953720257404E-003
   6.6666666666666661        9.3333333333333321        2.5504249432134951E-004
   6.6666666666666661        9.6666666666666661        1.4157242874944542E-004
   6.6666666666666661        10.000000000000000        0.0000000000000000     
 
   7.0000000000000000        0.0000000000000000        0.0000000000000000     
   7.0000000000000000       0.33333333333333331        1.8468887106838527E-004
   7.0000000000000000       0.66666666666666663        5.0960276288668888E-004
   7.0000000000000000        1.0000000000000000        1.3671902361208042E-003
   7.0000000000000000        1.3333333333333333        2.8470218464260095E-003
   7.0000000000000000        1.6666666666666665        4.9788272055198536E-003
   7.0000000000000000        2.0000000000000000        8.9798794670166888E-003
   7.0000000000000000        2.3333333333333330        1.2894227689436882E-002
   7.0000000000000000        2.6666666666666665        4.1071825254443237E-002
   7.0000000000000000        3.0000000000000000        6.2075040627502007E-002
   7.0000000000000000        3.3333333333333330       0.12415888925841753     
   7.0000000000000000        3.6666666666666665       0.20149145057396609     
   7.0000000000000000        4.0000000000000000       0.29364021310150212     
   7.0000000000000000        4.3333333333333330       0.38026103968350461     
   7.0000000000000000        4.6666666666666661        3.4059428126120041E-002
   7.0000000000000000        5.0000000000000000       0.12901018254998833     
   7.0000000000000000        5.3333333333333330       0.18512106791515234     
   7.0000000000000000        5.6666666666666661       0.17980743571753527     
   7.0000000000000000        6.0000000000000000       0.15918093576223608     
   7.0000000000000000        6.3333333333333330        6.9666404969029566E-002
   7.0000000000000000        6.6666666666666661        3.7279287134482884E-002
   7.0000000000000000        7.0000000000000000        2.6763666123817590E-002
   7.0000000000000000        7.3333333333333330        1.8454106172858021E-002
   7.0000000000000000        7.6666666666666661        1.1899765983815615E-002
   7.0000000000000000        8.0000000000000000        7.3609468759161427E-003
   7.0000000000000000        8.3333333333333321        4.2890319110833073E-003
   7.0000000000000000        8.6666666666666661        1.8976246117864241E-003
   7.0000000000000000        9.0000000000000000        1.0013206359893606E-003
   7.0000000000000000        9.3333333333333321        4.7786721694937815E-004
   7.0000000000000000        9.6666666666666661        4.4825736654602781E-005
   7.0000000000000000        10.000000000000000        0.0000000000000000     
 
   7.3333333333333330        0.0000000000000000        0.0000000000000000     
   7.3333333333333330       0.33333333333333331        1.3326301693219921E-004
   7.3333333333333330       0.66666666666666663        3.3669483680758347E-004
   7.3333333333333330        1.0000000000000000        7.0797335392051299E-004
   7.3333333333333330        1.3333333333333333        1.8243672734896052E-003
   7.3333333333333330        1.6666666666666665        2.8284100373563094E-003
   7.3333333333333330        2.0000000000000000        8.5139593654125299E-003
   7.3333333333333330        2.3333333333333330        1.4247637526622623E-002
   7.3333333333333330        2.6666666666666665        3.0501409812134492E-002
   7.3333333333333330        3.0000000000000000        6.0066204004129570E-002
   7.3333333333333330        3.3333333333333330       0.10151208026451777     
   7.3333333333333330        3.6666666666666665       0.14090183880604706     
   7.3333333333333330        4.0000000000000000       0.20149145057396609     
   7.3333333333333330        4.3333333333333330        3.4059428126120041E-002
   7.3333333333333330        4.6666666666666661        4.2855330231658502E-002
   7.3333333333333330        5.0000000000000000        9.2963583062477262E-002
   7.3333333333333330        5.3333333333333330       0.12350631741017165     
   7.3333333333333330        5.6666666666666661       0.11139372273989107     
   7.3333333333333330        6.0000000000000000        2.8688267782955534E-002
   7.3333333333333330        6.3333333333333330        3.5750176881270586E-002
   7.3333333333333330        6.6666666666666661        2.6360225625145606E-002
   7.3333333333333330        7.0000000000000000        1.8614780476211075E-002
   7.3333333333333330        7.3333333333333330        1.2934199860767871E-002
   7.3333333333333330        7.6666666666666661        8.5248929963142386E-003
   7.3333333333333330        8.0000000000000000        5.6901438129247743E-003
   7.3333333333333330        8.3333333333333321        3.0231196856051680E-003
   7.3333333333333330        8.6666666666666661        1.7324842302866468E-003
   7.3333333333333330        9.0000000000000000        9.1628806359603850E-004
   7.3333333333333330        9.3333333333333321        3.7330063225090335E-004
   7.3333333333333330        9.6666666666666661        1.0931705757009174E-004
   7.3333333333333330        10.000000000000000        0.0000000000000000     
 
   7.6666666666666661        0.0000000000000000        0.0000000000000000     
   7.6666666666666661       0.33333333333333331        6.8874801023973881E-005
   7.6666666666666661       0.66666666666666663        1.3689149263135280E-004
   7.6666666666666661        1.0000000000000000        1.0832277460670649E-003
   7.6666666666666661        1.3333333333333333        1.5465562134871324E-003
   7.6666666666666661        1.6666666666666665        2.7348328438021904E-003
   7.6666666666666661        2.0000000000000000        5.5661941948789090E-003
   7.6666666666666661        2.3333333333333330        9.3236019780383993E-003
   7.6666666666666661        2.6666666666666665        1.4625338422658883E-002
   7.6666666666666661        3.0000000000000000        7.7408173284065898E-003
   7.6666666666666661        3.3333333333333330        4.7243268188673665E-002
   7.6666666666666661        3.6666666666666665        8.4849379096753413E-002
   7.6666666666666661        4.0000000000000000        2.2849005359239726E-003
   7.6666666666666661        4.3333333333333330        1.2111982703594093E-002
   7.6666666666666661        4.6666666666666661        2.0035983022607950E-002
   7.6666666666666661        5.0000000000000000        4.7717137315871818E-003
   7.6666666666666661        5.3333333333333330        3.8824022089906769E-002
   7.6666666666666661        5.6666666666666661        4.7674633801597699E-002
   7.6666666666666661        6.0000000000000000        2.8566170981580104E-002
   7.6666666666666661        6.3333333333333330        2.6013988422430405E-002
   7.6666666666666661        6.6666666666666661        2.0117188156364752E-002
   7.6666666666666661        7.0000000000000000        1.3275659840988434E-002
   7.6666666666666661        7.3333333333333330        9.8008922406961751E-003
   7.6666666666666661        7.6666666666666661        6.1638940087504835E-003
   7.6666666666666661        8.0000000000000000        1.0392679891374540E-003
   7.6666666666666661        8.3333333333333321        1.4261111366043291E-003
   7.6666666666666661        8.6666666666666661        2.2435289081236776E-004
   7.6666666666666661        9.0000000000000000        1.1246547513819683E-004
   7.6666666666666661        9.3333333333333321        1.4292858707031980E-004
   7.6666666666666661        9.6666666666666661        6.5590155889514500E-005
   7.6666666666666661        10.000000000000000        0.0000000000000000     
 
   8.0000000000000000        0.0000000000000000        0.0000000000000000     
   8.0000000000000000       0.33333333333333331        3.5996990690720356E-005
   8.0000000000000000       0.66666666666666663        6.5092002246490869E-005
   8.0000000000000000        1.0000000000000000        8.1264759865483675E-004
   8.0000000000000000        1.3333333333333333        1.1684366427914565E-003
   8.0000000000000000        1.6666666666666665        2.0214051341456338E-003
   8.0000000000000000        2.0000000000000000        3.6064851553688194E-003
   8.0000000000000000        2.3333333333333330        5.8355705258365037E-003
   8.0000000000000000        2.6666666666666665        8.3942857334201645E-003
   8.0000000000000000        3.0000000000000000        1.0450169420288660E-002
   8.0000000000000000        3.3333333333333330        2.1389095355062254E-002
   8.0000000000000000        3.6666666666666665        2.2849005359239726E-003
   8.0000000000000000        4.0000000000000000        3.1415274492110623E-003
   8.0000000000000000        4.3333333333333330        7.7383259989215912E-003
   8.0000000000000000        4.6666666666666661        1.0388695171287288E-002
   8.0000000000000000        5.0000000000000000        6.4950012638939885E-003
   8.0000000000000000        5.3333333333333330        1.2890668960045615E-002
   8.0000000000000000        5.6666666666666661        2.1258708372244351E-002
   8.0000000000000000        6.0000000000000000        1.8624923141170025E-002
   8.0000000000000000        6.3333333333333330        0.0000000000000000     
   8.0000000000000000        6.6666666666666661        6.2066123078225888E-003
   8.0000000000000000        7.0000000000000000        8.3847126346936682E-003
   8.0000000000000000        7.3333333333333330        1.1660163924430156E-003
   8.0000000000000000        7.6666666666666661        2.1343510946360187E-003
   8.0000000000000000        8.0000000000000000        1.0588731559469137E-003
   8.0000000000000000        8.3333333333333321        7.4866362557149629E-004
   8.0000000000000000        8.6666666666666661        3.2344412717750701E-004
   8.0000000000000000        9.0000000000000000        1.3276424328956810E-004
   8.0000000000000000        9.3333333333333321        8.2357547261730776E-005
   8.0000000000000000        9.6666666666666661        3.9056059306243754E-005
   8.0000000000000000        10.000000000000000        0.0000000000000000     
 
   8.3333333333333321        0.0000000000000000        0.0000000000000000     
   8.3333333333333321       0.33333333333333331        2.6778367635504538E-005
   8.3333333333333321       0.66666666666666663        5.2436132302889663E-005
   8.3333333333333321        1.0000000000000000        4.2244138095305449E-004
   8.3333333333333321        1.3333333333333333        7.7736911031991540E-004
   8.3333333333333321        1.6666666666666665        1.3613379537849041E-003
   8.3333333333333321        2.0000000000000000        2.3183329836756845E-003
   8.3333333333333321        2.3333333333333330        4.0345168334370088E-003
   8.3333333333333321        2.6666666666666665        5.4318282638115712E-003
   8.3333333333333321        3.0000000000000000        7.6403400049239976E-003
   8.3333333333333321        3.3333333333333330        1.2538266045651326E-002
   8.3333333333333321        3.6666666666666665        9.6650614470418809E-004
   8.3333333333333321        4.0000000000000000        1.3531577510201155E-003
   8.3333333333333321        4.3333333333333330        1.3690042085680936E-004
   8.3333333333333321        4.6666666666666661        7.5733275467059524E-005
   8.3333333333333321        5.0000000000000000        6.0405475750444151E-003
   8.3333333333333321        5.3333333333333330        8.0138227844393176E-003
   8.3333333333333321        5.6666666666666661        1.0900048501229557E-002
   8.3333333333333321        6.0000000000000000        1.0832541987570728E-002
   8.3333333333333321        6.3333333333333330        1.9518468301866409E-003
   8.3333333333333321        6.6666666666666661        0.0000000000000000     
   8.3333333333333321        7.0000000000000000        3.8429038184521996E-004
   8.3333333333333321        7.3333333333333330        6.3236832800192370E-004
   8.3333333333333321        7.6666666666666661        8.8914149514852589E-004
   8.3333333333333321        8.0000000000000000        7.1535218095605444E-004
   8.3333333333333321        8.3333333333333321        4.8050671861206174E-004
   8.3333333333333321        8.6666666666666661        6.3306374225148692E-005
   8.3333333333333321        9.0000000000000000        7.1556337662724174E-005
   8.3333333333333321        9.3333333333333321        5.1906129687408193E-005
   8.3333333333333321        9.6666666666666661        2.6183773821956911E-005
   8.3333333333333321        10.000000000000000        0.0000000000000000     
 
   8.6666666666666661        0.0000000000000000        0.0000000000000000     
   8.6666666666666661       0.33333333333333331        3.1649027014033298E-005
   8.6666666666666661       0.66666666666666663        9.0608202807064610E-005
   8.6666666666666661        1.0000000000000000        2.5656622696181133E-004
   8.6666666666666661        1.3333333333333333        4.8869862777181758E-004
   8.6666666666666661        1.6666666666666665        8.8009814090903927E-004
   8.6666666666666661        2.0000000000000000        1.1638119631443254E-003
   8.6666666666666661        2.3333333333333330        1.9599652076331942E-003
   8.6666666666666661        2.6666666666666665        3.5899906946092156E-003
   8.6666666666666661        3.0000000000000000        4.7413353324980709E-003
   8.6666666666666661        3.3333333333333330        0.0000000000000000     
   8.6666666666666661        3.6666666666666665        2.4423855211286685E-004
   8.6666666666666661        4.0000000000000000        4.5900388731775653E-004
   8.6666666666666661        4.3333333333333330        1.9877164091105384E-004
   8.6666666666666661        4.6666666666666661        1.1179216398830819E-004
   8.6666666666666661        5.0000000000000000        3.4149246145727917E-003
   8.6666666666666661        5.3333333333333330        4.6161793560573622E-003
   8.6666666666666661        5.6666666666666661        6.5184338882188220E-003
   8.6666666666666661        6.0000000000000000        6.0466731437400761E-003
   8.6666666666666661        6.3333333333333330        2.6659670918148881E-003
   8.6666666666666661        6.6666666666666661        2.9533321688074231E-004
   8.6666666666666661        7.0000000000000000        2.9714294071896184E-004
   8.6666666666666661        7.3333333333333330        3.3898372266771121E-004
   8.6666666666666661        7.6666666666666661        4.0995821957319473E-004
   8.6666666666666661        8.0000000000000000        1.0987836121783771E-004
   8.6666666666666661        8.3333333333333321        1.7369579537742508E-004
   8.6666666666666661        8.6666666666666661        8.5071663656926193E-005
   8.6666666666666661        9.0000000000000000        1.2375578484955741E-005
   8.6666666666666661        9.3333333333333321        5.1342641213418065E-006
   8.6666666666666661        9.6666666666666661        0.0000000000000000     
   8.6666666666666661        10.000000000000000        0.0000000000000000     
 
   9.0000000000000000        0.0000000000000000        0.0000000000000000     
   9.0000000000000000       0.33333333333333331        2.4596089877349916E-005
   9.0000000000000000       0.66666666666666663        6.4699586864611268E-005
   9.0000000000000000        1.0000000000000000        1.4177259829692014E-004
   9.0000000000000000        1.3333333333333333        2.5619515750276162E-004
   9.0000000000000000        1.6666666666666665        3.7175048972521634E-004
   9.0000000000000000        2.0000000000000000        7.7466403821628983E-004
   9.0000000000000000        2.3333333333333330        1.1259590887590448E-003
   9.0000000000000000        2.6666666666666665        3.0626945808807056E-006
   9.0000000000000000        3.0000000000000000        7.4903081317980186E-006
   9.0000000000000000        3.3333333333333330        6.7092639770956861E-005
   9.0000000000000000        3.6666666666666665        1.3245077246981998E-004
   9.0000000000000000        4.0000000000000000        2.2316925109679047E-004
   9.0000000000000000        4.3333333333333330        1.7288030506241252E-004
   9.0000000000000000        4.6666666666666661        1.2965315449972760E-005
   9.0000000000000000        5.0000000000000000        1.4632535426585850E-003
   9.0000000000000000        5.3333333333333330        2.0158887362156353E-003
   9.0000000000000000        5.6666666666666661        2.5447452407475525E-004
   9.0000000000000000        6.0000000000000000        5.0443974568012125E-004
   9.0000000000000000        6.3333333333333330        9.0317629840079724E-004
   9.0000000000000000        6.6666666666666661        4.1785264187040223E-004
   9.0000000000000000        7.0000000000000000        1.0676479422621676E-004
   9.0000000000000000        7.3333333333333330        1.5711747115226506E-004
   9.0000000000000000        7.6666666666666661        1.6678991872102651E-004
   9.0000000000000000        8.0000000000000000        9.5846750130396347E-005
   9.0000000000000000        8.3333333333333321        9.4588894261527374E-005
   9.0000000000000000        8.6666666666666661        5.7180386147589678E-005
   9.0000000000000000        9.0000000000000000        1.8639671110002899E-005
   9.0000000000000000        9.3333333333333321        7.8262703891218025E-006
   9.0000000000000000        9.6666666666666661        4.0171856621436494E-007
   9.0000000000000000        10.000000000000000        0.0000000000000000     
 
   9.3333333333333321        0.0000000000000000        0.0000000000000000     
   9.3333333333333321       0.33333333333333331        1.4182612599323034E-005
   9.3333333333333321       0.66666666666666663        3.3118507497314697E-005
   9.3333333333333321        1.0000000000000000        5.6432540472947997E-005
   9.3333333333333321        1.3333333333333333        6.6877646380787874E-005
   9.3333333333333321        1.6666666666666665        1.3779750616796295E-004
   9.3333333333333321        2.0000000000000000        7.4980052716095336E-006
   9.3333333333333321        2.3333333333333330        3.4469257883614725E-006
   9.3333333333333321        2.6666666666666665        4.6740673950149487E-006
   9.3333333333333321        3.0000000000000000        1.1278239372071651E-005
   9.3333333333333321        3.3333333333333330        3.2330549603496256E-005
   9.3333333333333321        3.6666666666666665        5.3207217226801651E-005
   9.3333333333333321        4.0000000000000000        0.0000000000000000     
   9.3333333333333321        4.3333333333333330        1.3043533201922958E-005
   9.3333333333333321        4.6666666666666661        1.8979096679947643E-005
   9.3333333333333321        5.0000000000000000        3.4222621803577216E-004
   9.3333333333333321        5.3333333333333330        6.7731812280073485E-004
   9.3333333333333321        5.6666666666666661        3.6256187918275927E-004
   9.3333333333333321        6.0000000000000000        3.0131304146370529E-004
   9.3333333333333321        6.3333333333333330        3.5275656040282535E-004
   9.3333333333333321        6.6666666666666661        2.1890185615919039E-004
   9.3333333333333321        7.0000000000000000        1.0417805165120425E-004
   9.3333333333333321        7.3333333333333330        8.4161771649953742E-005
   9.3333333333333321        7.6666666666666661        7.5600533608136702E-005
   9.3333333333333321        8.0000000000000000        5.5434694087174432E-005
   9.3333333333333321        8.3333333333333321        4.0112858369161101E-006
   9.3333333333333321        8.6666666666666661        3.5288068922537131E-006
   9.3333333333333321        9.0000000000000000        6.2446214426451104E-006
   9.3333333333333321        9.3333333333333321        3.6613563170020071E-006
   9.3333333333333321        9.6666666666666661        1.0180835171407278E-006
   9.3333333333333321        10.000000000000000        0.0000000000000000     
 
   9.6666666666666661        0.0000000000000000        0.0000000000000000     
   9.6666666666666661       0.33333333333333331        6.1545941630848350E-006
   9.6666666666666661       0.66666666666666663        1.3580875080102309E-005
   9.6666666666666661        1.0000000000000000        2.1912583016802207E-005
   9.6666666666666661        1.3333333333333333        2.8571201113861968E-005
   9.6666666666666661        1.6666666666666665        3.9643830351802487E-005
   9.6666666666666661        2.0000000000000000        1.1374489181458939E-005
   9.6666666666666661        2.3333333333333330        4.0133789568552219E-006
   9.6666666666666661        2.6666666666666665        3.2802243902972460E-006
   9.6666666666666661        3.0000000000000000        6.1000761116054360E-006
   9.6666666666666661        3.3333333333333330        1.2837921770108180E-005
   9.6666666666666661        3.6666666666666665        1.9042881278862940E-005
   9.6666666666666661        4.0000000000000000        5.3134053590806522E-006
   9.6666666666666661        4.3333333333333330        1.3006220808096893E-005
   9.6666666666666661        4.6666666666666661        3.9316679801924470E-005
   9.6666666666666661        5.0000000000000000        1.4161694533517709E-004
   9.6666666666666661        5.3333333333333330        2.4166728077845982E-004
   9.6666666666666661        5.6666666666666661        4.3863729369678908E-005
   9.6666666666666661        6.0000000000000000        1.0645004927710763E-004
   9.6666666666666661        6.3333333333333330        1.2455786636406729E-004
   9.6666666666666661        6.6666666666666661        8.9536379770462736E-005
   9.6666666666666661        7.0000000000000000        5.2054428853080428E-005
   9.6666666666666661        7.3333333333333330        3.7300209969683810E-005
   9.6666666666666661        7.6666666666666661        2.9896490082589785E-005
   9.6666666666666661        8.0000000000000000        2.0441672558453990E-005
   9.6666666666666661        8.3333333333333321        6.0380740582518885E-006
   9.6666666666666661        8.6666666666666661        2.6302484343044016E-006
   9.6666666666666661        9.0000000000000000        2.2849303970426896E-006
   9.6666666666666661        9.3333333333333321        1.4352722854753564E-006
   9.6666666666666661        9.6666666666666661        5.4182918756420403E-007
   9.6666666666666661        10.000000000000000        0.0000000000000000     
 
   10.000000000000000        0.0000000000000000        0.0000000000000000     
   10.000000000000000       0.33333333333333331        0.0000000000000000     
   10.000000000000000       0.66666666666666663        0.0000000000000000     
   10.000000000000000        1.0000000000000000        0.0000000000000000     
   10.000000000000000        1.3333333333333333        0.0000000000000000     
   10.000000000000000        1.6666666666666665        0.0000000000000000     
   10.000000000000000        2.0000000000000000        0.0000000000000000     
   10.000000000000000        2.3333333333333330        0.0000000000000000     
   10.000000000000000        2.6666666666666665        0.0000000000000000     
   10.000000000000000        3.0000000000000000        0.0000000000000000     
   10.000000000000000        3.3333333333333330        0.0000000000000000     
   10.000000000000000        3.6666666666666665        0.0000000000000000     
   10.000000000000000        4.0000000000000000        0.0000000000000000     
   10.000000000000000        4.3333333333333330        0.0000000000000000     
   10.000000000000000        4.6666666666666661        0.0000000000000000     
   10.000000000000000        5.0000000000000000        0.0000000000000000     
   10.000000000000000        5.3333333333333330        0.0000000000000000     
   10.000000000000000        5.6666666666666661        0.0000000000000000     
   10.000000000000000        6.0000000000000000        0.0000000000000000     
   10.000000000000000        6.3333333333333330        0.0000000000000000     
   10.000000000000000        6.6666666666666661        0.0000000000000000     
   10.000000000000000        7.0000000000000000        0.0000000000000000     
   10.000000000000000        7.3333333333333330        0.0000000000000000     
   10.000000000000000        7.6666666666666661        0.0000000000000000     
   10.000000000000000        8.0000000000000000        0.0000000000000000     
   10.000000000000000        8.3333333333333321        0.0000000000000000     
   10.000000000000000        8.6666666666666661        0.0000000000000000     
   10.000000000000000        9.0000000000000000        0.0000000000000000     
   10.000000000000000        9.3333333333333321        0.0000000000000000     
   10.000000000000000        9.6666666666666661        0.0000000000000000     
   10.000000000000000        10.000000000000000        0.0000000000000000     
 
