   0.0000000000000000        0.0000000000000000        0.0000000000000000     
   0.0000000000000000       0.33333333333333331        0.0000000000000000     
   0.0000000000000000       0.66666666666666663        0.0000000000000000     
   0.0000000000000000        1.0000000000000000        0.0000000000000000     
   0.0000000000000000        1.3333333333333333        0.0000000000000000     
   0.0000000000000000        1.6666666666666665        0.0000000000000000     
   0.0000000000000000        2.0000000000000000        0.0000000000000000     
   0.0000000000000000        2.3333333333333330        0.0000000000000000     
   0.0000000000000000        2.6666666666666665        0.0000000000000000     
   0.0000000000000000        3.0000000000000000        0.0000000000000000     
   0.0000000000000000        3.3333333333333330        0.0000000000000000     
   0.0000000000000000        3.6666666666666665        0.0000000000000000     
   0.0000000000000000        4.0000000000000000        0.0000000000000000     
   0.0000000000000000        4.3333333333333330        0.0000000000000000     
   0.0000000000000000        4.6666666666666661        0.0000000000000000     
   0.0000000000000000        5.0000000000000000        0.0000000000000000     
   0.0000000000000000        5.3333333333333330        0.0000000000000000     
   0.0000000000000000        5.6666666666666661        0.0000000000000000     
   0.0000000000000000        6.0000000000000000        0.0000000000000000     
   0.0000000000000000        6.3333333333333330        0.0000000000000000     
   0.0000000000000000        6.6666666666666661        0.0000000000000000     
   0.0000000000000000        7.0000000000000000        0.0000000000000000     
   0.0000000000000000        7.3333333333333330        0.0000000000000000     
   0.0000000000000000        7.6666666666666661        0.0000000000000000     
   0.0000000000000000        8.0000000000000000        0.0000000000000000     
   0.0000000000000000        8.3333333333333321        0.0000000000000000     
   0.0000000000000000        8.6666666666666661        0.0000000000000000     
   0.0000000000000000        9.0000000000000000        0.0000000000000000     
   0.0000000000000000        9.3333333333333321        0.0000000000000000     
   0.0000000000000000        9.6666666666666661        0.0000000000000000     
   0.0000000000000000        10.000000000000000        0.0000000000000000     
 
  0.33333333333333331        0.0000000000000000        0.0000000000000000     
  0.33333333333333331       0.33333333333333331        3.1259892662068169E-004
  0.33333333333333331       0.66666666666666663        5.3782615999813652E-004
  0.33333333333333331        1.0000000000000000        6.0074556515342056E-004
  0.33333333333333331        1.3333333333333333        1.2871235559975998E-003
  0.33333333333333331        1.6666666666666665        1.8844278415448854E-003
  0.33333333333333331        2.0000000000000000        2.8101705227470365E-003
  0.33333333333333331        2.3333333333333330        3.3948666688351573E-003
  0.33333333333333331        2.6666666666666665        2.9492194841410969E-003
  0.33333333333333331        3.0000000000000000        5.5462965791799644E-003
  0.33333333333333331        3.3333333333333330        6.0636699435667333E-003
  0.33333333333333331        3.6666666666666665        5.9512013283070193E-003
  0.33333333333333331        4.0000000000000000        6.0183050236400941E-003
  0.33333333333333331        4.3333333333333330        5.9221322398404696E-003
  0.33333333333333331        4.6666666666666661        3.6501426577076478E-003
  0.33333333333333331        5.0000000000000000        5.1144533677623906E-003
  0.33333333333333331        5.3333333333333330        1.1787828131218082E-002
  0.33333333333333331        5.6666666666666661        1.3845845182362081E-002
  0.33333333333333331        6.0000000000000000        1.4795305103651053E-002
  0.33333333333333331        6.3333333333333330        1.4906448043127461E-002
  0.33333333333333331        6.6666666666666661        1.0257110064296422E-002
  0.33333333333333331        7.0000000000000000        1.5953020237124797E-002
  0.33333333333333331        7.3333333333333330        7.8709546595973501E-003
  0.33333333333333331        7.6666666666666661        7.7366993175622496E-003
  0.33333333333333331        8.0000000000000000        6.3580310254513998E-003
  0.33333333333333331        8.3333333333333321        4.6551084000019064E-003
  0.33333333333333331        8.6666666666666661        3.8470497049425852E-003
  0.33333333333333331        9.0000000000000000        2.9333908473095161E-003
  0.33333333333333331        9.3333333333333321        1.6755905198422402E-003
  0.33333333333333331        9.6666666666666661        7.4467427929675409E-004
  0.33333333333333331        10.000000000000000        0.0000000000000000     
 
  0.66666666666666663        0.0000000000000000        0.0000000000000000     
  0.66666666666666663       0.33333333333333331        7.2335197805809730E-004
  0.66666666666666663       0.66666666666666663        1.2569086989526765E-003
  0.66666666666666663        1.0000000000000000        3.0751759609734617E-003
  0.66666666666666663        1.3333333333333333        2.7117408414403087E-003
  0.66666666666666663        1.6666666666666665        3.5096095325958701E-003
  0.66666666666666663        2.0000000000000000        6.0599728277592659E-003
  0.66666666666666663        2.3333333333333330        7.9334578302538896E-003
  0.66666666666666663        2.6666666666666665        1.5696885710419030E-002
  0.66666666666666663        3.0000000000000000        1.3335345676451610E-002
  0.66666666666666663        3.3333333333333330        1.2930732479403189E-002
  0.66666666666666663        3.6666666666666665        1.1893109969547431E-002
  0.66666666666666663        4.0000000000000000        1.2368621644839853E-002
  0.66666666666666663        4.3333333333333330        1.4178090963250520E-002
  0.66666666666666663        4.6666666666666661        0.0000000000000000     
  0.66666666666666663        5.0000000000000000        3.1853059080600918E-002
  0.66666666666666663        5.3333333333333330        2.8380324875108214E-002
  0.66666666666666663        5.6666666666666661        2.8990243791714086E-002
  0.66666666666666663        6.0000000000000000        3.0595592878815570E-002
  0.66666666666666663        6.3333333333333330        3.4710297535618481E-002
  0.66666666666666663        6.6666666666666661        5.6287211485285371E-002
  0.66666666666666663        7.0000000000000000        4.5796533050253878E-002
  0.66666666666666663        7.3333333333333330        1.6566232767898533E-002
  0.66666666666666663        7.6666666666666661        1.6823968680699963E-002
  0.66666666666666663        8.0000000000000000        1.3145830830118273E-002
  0.66666666666666663        8.3333333333333321        8.5072386138395836E-003
  0.66666666666666663        8.6666666666666661        7.8872697248723988E-003
  0.66666666666666663        9.0000000000000000        6.2829330669314874E-003
  0.66666666666666663        9.3333333333333321        3.0676597727409792E-003
  0.66666666666666663        9.6666666666666661        1.3230189693970616E-003
  0.66666666666666663        10.000000000000000        0.0000000000000000     
 
   1.0000000000000000        0.0000000000000000        0.0000000000000000     
   1.0000000000000000       0.33333333333333331        1.3476625839187106E-003
   1.0000000000000000       0.66666666666666663        2.5511388631037691E-003
   1.0000000000000000        1.0000000000000000        3.5492386816058314E-003
   1.0000000000000000        1.3333333333333333        3.0751759609734617E-003
   1.0000000000000000        1.6666666666666665        1.0263126865562662E-002
   1.0000000000000000        2.0000000000000000        1.0194700988716842E-002
   1.0000000000000000        2.3333333333333330        1.4602390860902018E-002
   1.0000000000000000        2.6666666666666665        1.8517952077333043E-002
   1.0000000000000000        3.0000000000000000        1.9544798258815207E-002
   1.0000000000000000        3.3333333333333330        2.0782984471157891E-002
   1.0000000000000000        3.6666666666666665        1.6651937958147948E-002
   1.0000000000000000        4.0000000000000000        1.7722495988466654E-002
   1.0000000000000000        4.3333333333333330        2.4611499160146957E-002
   1.0000000000000000        4.6666666666666661        3.5188738839447127E-002
   1.0000000000000000        5.0000000000000000        3.5908834713793206E-002
   1.0000000000000000        5.3333333333333330        4.1343767679093861E-002
   1.0000000000000000        5.6666666666666661        4.3521604717439606E-002
   1.0000000000000000        6.0000000000000000        4.4204079384749809E-002
   1.0000000000000000        6.3333333333333330        5.8900224039574872E-002
   1.0000000000000000        6.6666666666666661        6.7098184244493791E-002
   1.0000000000000000        7.0000000000000000        6.5411902937509855E-002
   1.0000000000000000        7.3333333333333330        5.2614130927426672E-002
   1.0000000000000000        7.6666666666666661        3.0076900764839057E-002
   1.0000000000000000        8.0000000000000000        2.1107533093868935E-002
   1.0000000000000000        8.3333333333333321        1.6151381385767920E-002
   1.0000000000000000        8.6666666666666661        1.3091568289661331E-002
   1.0000000000000000        9.0000000000000000        1.1395382244542483E-002
   1.0000000000000000        9.3333333333333321        1.4730319260413303E-003
   1.0000000000000000        9.6666666666666661        1.5147020200004140E-003
   1.0000000000000000        10.000000000000000        0.0000000000000000     
 
   1.3333333333333333        0.0000000000000000        0.0000000000000000     
   1.3333333333333333       0.33333333333333331        2.1578649643210867E-003
   1.3333333333333333       0.66666666666666663        4.1311192263534489E-003
   1.3333333333333333        1.0000000000000000        5.6126014349568354E-003
   1.3333333333333333        1.3333333333333333        1.1501629878821919E-002
   1.3333333333333333        1.6666666666666665        1.0695656062310622E-002
   1.3333333333333333        2.0000000000000000        2.3480633438776963E-002
   1.3333333333333333        2.3333333333333330        2.2201892227211358E-002
   1.3333333333333333        2.6666666666666665        2.4747635260142006E-002
   1.3333333333333333        3.0000000000000000        2.6058814379673122E-002
   1.3333333333333333        3.3333333333333330        3.4513913341579536E-002
   1.3333333333333333        3.6666666666666665        6.1876258556148381E-002
   1.3333333333333333        4.0000000000000000        4.8389714794652226E-002
   1.3333333333333333        4.3333333333333330        4.2520573898285764E-002
   1.3333333333333333        4.6666666666666661        6.8434971095932856E-002
   1.3333333333333333        5.0000000000000000        6.3376890891411325E-002
   1.3333333333333333        5.3333333333333330        5.8178377134292220E-002
   1.3333333333333333        5.6666666666666661        6.0072374756862133E-002
   1.3333333333333333        6.0000000000000000        9.9467620079496499E-002
   1.3333333333333333        6.3333333333333330        8.9900337520409795E-002
   1.3333333333333333        6.6666666666666661        8.8095837005770561E-002
   1.3333333333333333        7.0000000000000000        8.3633992798765544E-002
   1.3333333333333333        7.3333333333333330        7.5491378624409994E-002
   1.3333333333333333        7.6666666666666661        1.9967387890684331E-002
   1.3333333333333333        8.0000000000000000        2.0430376764397417E-002
   1.3333333333333333        8.3333333333333321        1.9576708047779168E-002
   1.3333333333333333        8.6666666666666661        1.7231513431733684E-002
   1.3333333333333333        9.0000000000000000        1.5078369769251629E-002
   1.3333333333333333        9.3333333333333321        7.0506515400232915E-003
   1.3333333333333333        9.6666666666666661        3.3017683419288859E-003
   1.3333333333333333        10.000000000000000        0.0000000000000000     
 
   1.6666666666666665        0.0000000000000000        0.0000000000000000     
   1.6666666666666665       0.33333333333333331        3.2135333379749303E-003
   1.6666666666666665       0.66666666666666663        6.3204930853319836E-003
   1.6666666666666665        1.0000000000000000        9.3196588395295325E-003
   1.6666666666666665        1.3333333333333333        1.2676484415803203E-002
   1.6666666666666665        1.6666666666666665        2.6135680840497312E-002
   1.6666666666666665        2.0000000000000000        2.5418541294616723E-002
   1.6666666666666665        2.3333333333333330        2.6592626824141468E-002
   1.6666666666666665        2.6666666666666665        3.2852117375659240E-002
   1.6666666666666665        3.0000000000000000        6.0710296872622915E-002
   1.6666666666666665        3.3333333333333330        5.7398020010705854E-002
   1.6666666666666665        3.6666666666666665        6.2965754121943371E-002
   1.6666666666666665        4.0000000000000000        5.5257100321996967E-002
   1.6666666666666665        4.3333333333333330        5.5450451426285234E-002
   1.6666666666666665        4.6666666666666661        6.9594690609815282E-002
   1.6666666666666665        5.0000000000000000        6.9484876732788164E-002
   1.6666666666666665        5.3333333333333330        6.8675966150502255E-002
   1.6666666666666665        5.6666666666666661        7.9147757355550144E-002
   1.6666666666666665        6.0000000000000000       0.10922464578565209     
   1.6666666666666665        6.3333333333333330       0.11333267119427798     
   1.6666666666666665        6.6666666666666661       0.11195114393601864     
   1.6666666666666665        7.0000000000000000       0.10576797364352630     
   1.6666666666666665        7.3333333333333330        9.0520229837269706E-002
   1.6666666666666665        7.6666666666666661        1.9657968477916826E-002
   1.6666666666666665        8.0000000000000000        2.1499675893684532E-002
   1.6666666666666665        8.3333333333333321        2.4898490583599737E-002
   1.6666666666666665        8.6666666666666661        2.1542540187663918E-002
   1.6666666666666665        9.0000000000000000        1.6937764297798575E-002
   1.6666666666666665        9.3333333333333321        1.0957663102629000E-002
   1.6666666666666665        9.6666666666666661        4.7184539217027602E-003
   1.6666666666666665        10.000000000000000        0.0000000000000000     
 
   2.0000000000000000        0.0000000000000000        0.0000000000000000     
   2.0000000000000000       0.33333333333333331        4.4569069690490928E-003
   2.0000000000000000       0.66666666666666663        8.7790680514731149E-003
   2.0000000000000000        1.0000000000000000        1.2913325975988340E-002
   2.0000000000000000        1.3333333333333333        1.7557327942434406E-002
   2.0000000000000000        1.6666666666666665        2.7499541779218695E-002
   2.0000000000000000        2.0000000000000000        2.6135680840497312E-002
   2.0000000000000000        2.3333333333333330        4.7008938060063697E-002
   2.0000000000000000        2.6666666666666665        4.7977767547394606E-002
   2.0000000000000000        3.0000000000000000        6.4978384593751271E-002
   2.0000000000000000        3.3333333333333330        7.2311115504677365E-002
   2.0000000000000000        3.6666666666666665        7.8337190899355882E-002
   2.0000000000000000        4.0000000000000000       0.11843103537092142     
   2.0000000000000000        4.3333333333333330       0.11231745613678251     
   2.0000000000000000        4.6666666666666661        8.6065359418562554E-002
   2.0000000000000000        5.0000000000000000        7.7261303489778499E-002
   2.0000000000000000        5.3333333333333330        0.0000000000000000     
   2.0000000000000000        5.6666666666666661       0.18314826240651075     
   2.0000000000000000        6.0000000000000000       0.14503054706831153     
   2.0000000000000000        6.3333333333333330       0.14223517913345685     
   2.0000000000000000        6.6666666666666661       0.14058277443181771     
   2.0000000000000000        7.0000000000000000       0.13700675881499297     
   2.0000000000000000        7.3333333333333330        1.7738138602550319E-002
   2.0000000000000000        7.6666666666666661        1.8386588479500504E-002
   2.0000000000000000        8.0000000000000000        5.3858964323506640E-002
   2.0000000000000000        8.3333333333333321        3.7404886979129401E-002
   2.0000000000000000        8.6666666666666661        2.7493028446605530E-002
   2.0000000000000000        9.0000000000000000        2.0506154556570455E-002
   2.0000000000000000        9.3333333333333321        1.5351197325105584E-002
   2.0000000000000000        9.6666666666666661        3.1409345631963127E-003
   2.0000000000000000        10.000000000000000        0.0000000000000000     
 
   2.3333333333333330        0.0000000000000000        0.0000000000000000     
   2.3333333333333330       0.33333333333333331        5.9328607007116093E-003
   2.3333333333333330       0.66666666666666663        1.1619504772732712E-002
   2.3333333333333330        1.0000000000000000        1.6288922058361445E-002
   2.3333333333333330        1.3333333333333333        3.9996444006924044E-002
   2.3333333333333330        1.6666666666666665        4.0757329834292214E-002
   2.3333333333333330        2.0000000000000000        7.3122759605881826E-002
   2.3333333333333330        2.3333333333333330        8.5901354450099013E-002
   2.3333333333333330        2.6666666666666665        8.5966208084016379E-002
   2.3333333333333330        3.0000000000000000        7.9840133829392729E-002
   2.3333333333333330        3.3333333333333330        8.9434467102738627E-002
   2.3333333333333330        3.6666666666666665       0.10064151966985470     
   2.3333333333333330        4.0000000000000000       0.11923502053859636     
   2.3333333333333330        4.3333333333333330       0.13930429949416631     
   2.3333333333333330        4.6666666666666661       0.21596795283877254     
   2.3333333333333330        5.0000000000000000       0.23805180264500936     
   2.3333333333333330        5.3333333333333330       0.23438779273122723     
   2.3333333333333330        5.6666666666666661       0.22006709541737257     
   2.3333333333333330        6.0000000000000000       0.19483812709914952     
   2.3333333333333330        6.3333333333333330       0.16956221498659863     
   2.3333333333333330        6.6666666666666661       0.17070948404382197     
   2.3333333333333330        7.0000000000000000       0.16429991100264368     
   2.3333333333333330        7.3333333333333330       0.18105576206818111     
   2.3333333333333330        7.6666666666666661       0.11447969310684890     
   2.3333333333333330        8.0000000000000000        7.0638920329681179E-002
   2.3333333333333330        8.3333333333333321        4.3767733716932995E-002
   2.3333333333333330        8.6666666666666661        3.0920768588985528E-002
   2.3333333333333330        9.0000000000000000        2.2602128446117628E-002
   2.3333333333333330        9.3333333333333321        1.4885194864755180E-002
   2.3333333333333330        9.6666666666666661        6.3449493172401230E-003
   2.3333333333333330        10.000000000000000        0.0000000000000000     
 
   2.6666666666666665        0.0000000000000000        0.0000000000000000     
   2.6666666666666665       0.33333333333333331        7.7651673445048352E-003
   2.6666666666666665       0.66666666666666663        1.5690136654089814E-002
   2.6666666666666665        1.0000000000000000        2.4627634745187227E-002
   2.6666666666666665        1.3333333333333333        3.9826073282620195E-002
   2.6666666666666665        1.6666666666666665        5.5380675650724992E-002
   2.6666666666666665        2.0000000000000000        7.3823700470592071E-002
   2.6666666666666665        2.3333333333333330        8.6599601679082039E-002
   2.6666666666666665        2.6666666666666665        9.2865492017993961E-002
   2.6666666666666665        3.0000000000000000       0.11205836971511481     
   2.6666666666666665        3.3333333333333330       0.10573279989891179     
   2.6666666666666665        3.6666666666666665       0.11627946647394775     
   2.6666666666666665        4.0000000000000000       0.18701710689829865     
   2.6666666666666665        4.3333333333333330       0.18672733509891024     
   2.6666666666666665        4.6666666666666661       0.21494961979088420     
   2.6666666666666665        5.0000000000000000       0.23619138340785537     
   2.6666666666666665        5.3333333333333330       0.24643894857747708     
   2.6666666666666665        5.6666666666666661       0.24066752053582649     
   2.6666666666666665        6.0000000000000000       0.21872891727496474     
   2.6666666666666665        6.3333333333333330       0.23108156532105170     
   2.6666666666666665        6.6666666666666661       0.20740037292236321     
   2.6666666666666665        7.0000000000000000       0.18435477406371942     
   2.6666666666666665        7.3333333333333330       0.18013817986233888     
   2.6666666666666665        7.6666666666666661       0.15810378000797395     
   2.6666666666666665        8.0000000000000000        3.5954454110198569E-002
   2.6666666666666665        8.3333333333333321        3.6493013566083268E-002
   2.6666666666666665        8.6666666666666661        3.0239467264041277E-002
   2.6666666666666665        9.0000000000000000        2.4470379967781179E-002
   2.6666666666666665        9.3333333333333321        1.5516403648876404E-002
   2.6666666666666665        9.6666666666666661        7.4743624507481168E-003
   2.6666666666666665        10.000000000000000        0.0000000000000000     
 
   3.0000000000000000        0.0000000000000000        0.0000000000000000     
   3.0000000000000000       0.33333333333333331        9.5593850533297105E-003
   3.0000000000000000       0.66666666666666663        1.8986765111234691E-002
   3.0000000000000000        1.0000000000000000        2.7060343847484111E-002
   3.0000000000000000        1.3333333333333333        6.2674529124890827E-002
   3.0000000000000000        1.6666666666666665        6.7701444107414716E-002
   3.0000000000000000        2.0000000000000000        8.0810998086978295E-002
   3.0000000000000000        2.3333333333333330        9.4415549573346788E-002
   3.0000000000000000        2.6666666666666665       0.10662744423566205     
   3.0000000000000000        3.0000000000000000       0.11881028844019804     
   3.0000000000000000        3.3333333333333330       0.14973786521934968     
   3.0000000000000000        3.6666666666666665       0.14287500517665197     
   3.0000000000000000        4.0000000000000000       0.20586839077353800     
   3.0000000000000000        4.3333333333333330       0.20520199588124663     
   3.0000000000000000        4.6666666666666661       0.21976602053494446     
   3.0000000000000000        5.0000000000000000       0.24337927098158457     
   3.0000000000000000        5.3333333333333330       0.27191955919770738     
   3.0000000000000000        5.6666666666666661       0.27485429391499894     
   3.0000000000000000        6.0000000000000000       0.28077514941767540     
   3.0000000000000000        6.3333333333333330       0.25221178153767654     
   3.0000000000000000        6.6666666666666661       0.24155228253917713     
   3.0000000000000000        7.0000000000000000       0.21360145508972628     
   3.0000000000000000        7.3333333333333330       0.19600050957572673     
   3.0000000000000000        7.6666666666666661       0.17897649782918779     
   3.0000000000000000        8.0000000000000000       0.15578064393458799     
   3.0000000000000000        8.3333333333333321        2.8973952395469176E-002
   3.0000000000000000        8.6666666666666661        2.9542261589721969E-002
   3.0000000000000000        9.0000000000000000        2.9930686574624416E-002
   3.0000000000000000        9.3333333333333321        1.4884420632667096E-002
   3.0000000000000000        9.6666666666666661        8.1710722125356416E-003
   3.0000000000000000        10.000000000000000        0.0000000000000000     
 
   3.3333333333333330        0.0000000000000000        0.0000000000000000     
   3.3333333333333330       0.33333333333333331        1.1613541099024701E-002
   3.3333333333333330       0.66666666666666663        2.3881278270043726E-002
   3.3333333333333330        1.0000000000000000        3.7896466806584983E-002
   3.3333333333333330        1.3333333333333333        5.8169101648274033E-002
   3.3333333333333330        1.6666666666666665        7.2470217110717008E-002
   3.3333333333333330        2.0000000000000000        8.7807887957403394E-002
   3.3333333333333330        2.3333333333333330       0.10405457544696257     
   3.3333333333333330        2.6666666666666665       0.12073921506088375     
   3.3333333333333330        3.0000000000000000       0.13793004961576569     
   3.3333333333333330        3.3333333333333330       0.15627477643559082     
   3.3333333333333330        3.6666666666666665       0.16244974045526703     
   3.3333333333333330        4.0000000000000000       0.20507073634555270     
   3.3333333333333330        4.3333333333333330       0.20763694593901316     
   3.3333333333333330        4.6666666666666661       0.21423759965147413     
   3.3333333333333330        5.0000000000000000       0.34326667488894347     
   3.3333333333333330        5.3333333333333330       0.31941292855847830     
   3.3333333333333330        5.6666666666666661       0.30816465835626333     
   3.3333333333333330        6.0000000000000000       0.30512227948393955     
   3.3333333333333330        6.3333333333333330       0.28592963454277132     
   3.3333333333333330        6.6666666666666661       0.26214304044843956     
   3.3333333333333330        7.0000000000000000       0.22934249081049710     
   3.3333333333333330        7.3333333333333330       0.20988888074846324     
   3.3333333333333330        7.6666666666666661       0.18182299514850361     
   3.3333333333333330        8.0000000000000000       0.15560506356987577     
   3.3333333333333330        8.3333333333333321        9.4919681596437849E-002
   3.3333333333333330        8.6666666666666661        4.9324216244478726E-002
   3.3333333333333330        9.0000000000000000        3.6244638919721794E-002
   3.3333333333333330        9.3333333333333321        2.1810941153003124E-002
   3.3333333333333330        9.6666666666666661        1.0451183955820053E-002
   3.3333333333333330        10.000000000000000        0.0000000000000000     
 
   3.6666666666666665        0.0000000000000000        0.0000000000000000     
   3.6666666666666665       0.33333333333333331        1.3147132045850985E-002
   3.6666666666666665       0.66666666666666663        2.7284405007861570E-002
   3.6666666666666665        1.0000000000000000        4.2832295875602520E-002
   3.6666666666666665        1.3333333333333333        6.0079703769200909E-002
   3.6666666666666665        1.6666666666666665        7.6642629663068451E-002
   3.6666666666666665        2.0000000000000000        9.4255974574965651E-002
   3.6666666666666665        2.3333333333333330       0.11346163527683936     
   3.6666666666666665        2.6666666666666665       0.13433115972054052     
   3.6666666666666665        3.0000000000000000       0.15561832852289859     
   3.6666666666666665        3.3333333333333330       0.17440706330229205     
   3.6666666666666665        3.6666666666666665       0.18755573822627955     
   3.6666666666666665        4.0000000000000000       0.20145364456950199     
   3.6666666666666665        4.3333333333333330       0.20507073634555270     
   3.6666666666666665        4.6666666666666661       0.38178461503387789     
   3.6666666666666665        5.0000000000000000       0.36040011280819240     
   3.6666666666666665        5.3333333333333330       0.34862403508373124     
   3.6666666666666665        5.6666666666666661       0.32805646693647411     
   3.6666666666666665        6.0000000000000000       0.32129141512122078     
   3.6666666666666665        6.3333333333333330       0.30527120041959860     
   3.6666666666666665        6.6666666666666661       0.28816576950507727     
   3.6666666666666665        7.0000000000000000       0.24892817793815591     
   3.6666666666666665        7.3333333333333330       0.23060959916033388     
   3.6666666666666665        7.6666666666666661       0.12866969351661237     
   3.6666666666666665        8.0000000000000000       0.12889071485705711     
   3.6666666666666665        8.3333333333333321        9.5433628651813915E-002
   3.6666666666666665        8.6666666666666661        6.2879079336889535E-002
   3.6666666666666665        9.0000000000000000        4.4334452828145757E-002
   3.6666666666666665        9.3333333333333321        2.5939092613855113E-002
   3.6666666666666665        9.6666666666666661        1.1963364884878437E-002
   3.6666666666666665        10.000000000000000        0.0000000000000000     
 
   4.0000000000000000        0.0000000000000000        0.0000000000000000     
   4.0000000000000000       0.33333333333333331        1.3826611965057993E-002
   4.0000000000000000       0.66666666666666663        2.9537379780629598E-002
   4.0000000000000000        1.0000000000000000        4.6423282687079993E-002
   4.0000000000000000        1.3333333333333333        6.3072275171013922E-002
   4.0000000000000000        1.6666666666666665        8.0119428558528244E-002
   4.0000000000000000        2.0000000000000000        9.9325878334789494E-002
   4.0000000000000000        2.3333333333333330       0.12117395330436853     
   4.0000000000000000        2.6666666666666665       0.14712572453770054     
   4.0000000000000000        3.0000000000000000       0.17502497935900971     
   4.0000000000000000        3.3333333333333330       0.19705953058145376     
   4.0000000000000000        3.6666666666666665       0.21064252813704751     
   4.0000000000000000        4.0000000000000000       0.20687879397359016     
   4.0000000000000000        4.3333333333333330       0.39824737053541315     
   4.0000000000000000        4.6666666666666661       0.39462024059865330     
   4.0000000000000000        5.0000000000000000       0.39355270246428564     
   4.0000000000000000        5.3333333333333330       0.37961517828193808     
   4.0000000000000000        5.6666666666666661       0.36081408929587766     
   4.0000000000000000        6.0000000000000000       0.34086935996667450     
   4.0000000000000000        6.3333333333333330       0.32047736535932986     
   4.0000000000000000        6.6666666666666661       0.29252949560225311     
   4.0000000000000000        7.0000000000000000       0.26418368792016972     
   4.0000000000000000        7.3333333333333330       0.19622341479963137     
   4.0000000000000000        7.6666666666666661       0.14681094340907533     
   4.0000000000000000        8.0000000000000000       0.13593448824089113     
   4.0000000000000000        8.3333333333333321       0.10208423991815599     
   4.0000000000000000        8.6666666666666661        6.2449145101824283E-002
   4.0000000000000000        9.0000000000000000        5.2689315102303361E-002
   4.0000000000000000        9.3333333333333321        2.0487186923765492E-002
   4.0000000000000000        9.6666666666666661        1.1607261242499081E-002
   4.0000000000000000        10.000000000000000        0.0000000000000000     
 
   4.3333333333333330        0.0000000000000000        0.0000000000000000     
   4.3333333333333330       0.33333333333333331        1.2755827445917498E-002
   4.3333333333333330       0.66666666666666663        3.0877952001856564E-002
   4.3333333333333330        1.0000000000000000        5.0606782760871376E-002
   4.3333333333333330        1.3333333333333333        6.6040796710667427E-002
   4.3333333333333330        1.6666666666666665        8.1734179863068038E-002
   4.3333333333333330        2.0000000000000000       0.10185307021136529     
   4.3333333333333330        2.3333333333333330       0.12454727798368820     
   4.3333333333333330        2.6666666666666665       0.15721435032101275     
   4.3333333333333330        3.0000000000000000       0.19889907003551130     
   4.3333333333333330        3.3333333333333330       0.22626064095905213     
   4.3333333333333330        3.6666666666666665       0.24894550367055379     
   4.3333333333333330        4.0000000000000000       0.38237875812718380     
   4.3333333333333330        4.3333333333333330       0.39241716937084786     
   4.3333333333333330        4.6666666666666661       0.40324157675141470     
   4.3333333333333330        5.0000000000000000       0.39832417719393370     
   4.3333333333333330        5.3333333333333330       0.38817624430627001     
   4.3333333333333330        5.6666666666666661       0.37310444022137340     
   4.3333333333333330        6.0000000000000000       0.35413651427767967     
   4.3333333333333330        6.3333333333333330       0.33734215544399931     
   4.3333333333333330        6.6666666666666661       0.27999785410090766     
   4.3333333333333330        7.0000000000000000       0.24737273725634371     
   4.3333333333333330        7.3333333333333330       0.19465022500255064     
   4.3333333333333330        7.6666666666666661       0.15736393385638064     
   4.3333333333333330        8.0000000000000000       0.13200353932520364     
   4.3333333333333330        8.3333333333333321       0.10236747769125028     
   4.3333333333333330        8.6666666666666661        7.2633841187525666E-002
   4.3333333333333330        9.0000000000000000        5.1708225382865854E-002
   4.3333333333333330        9.3333333333333321        2.9570649503498806E-002
   4.3333333333333330        9.6666666666666661        1.4103600362521959E-002
   4.3333333333333330        10.000000000000000        0.0000000000000000     
 
   4.6666666666666661        0.0000000000000000        0.0000000000000000     
   4.6666666666666661       0.33333333333333331        6.4387050437961970E-003
   4.6666666666666661       0.66666666666666663        5.8935237775769922E-002
   4.6666666666666661        1.0000000000000000        5.9464280755865663E-002
   4.6666666666666661        1.3333333333333333        6.9132021023517856E-002
   4.6666666666666661        1.6666666666666665        7.9213776278391643E-002
   4.6666666666666661        2.0000000000000000       0.11195342608722128     
   4.6666666666666661        2.3333333333333330       0.11763150978712421     
   4.6666666666666661        2.6666666666666665       0.23822188792839333     
   4.6666666666666661        3.0000000000000000       0.23492159275278190     
   4.6666666666666661        3.3333333333333330       0.25716501024380334     
   4.6666666666666661        3.6666666666666665       0.30623860076407794     
   4.6666666666666661        4.0000000000000000       0.36344496469928678     
   4.6666666666666661        4.3333333333333330       0.38734938020654663     
   4.6666666666666661        4.6666666666666661       0.39848000670759343     
   4.6666666666666661        5.0000000000000000       0.39890675747460436     
   4.6666666666666661        5.3333333333333330       0.39273188625787936     
   4.6666666666666661        5.6666666666666661       0.38105321078937077     
   4.6666666666666661        6.0000000000000000       0.35784476973261320     
   4.6666666666666661        6.3333333333333330       0.33075350120331759     
   4.6666666666666661        6.6666666666666661       0.30815044306974559     
   4.6666666666666661        7.0000000000000000       0.17697356864880640     
   4.6666666666666661        7.3333333333333330       0.17601129820770164     
   4.6666666666666661        7.6666666666666661       0.15533293212186636     
   4.6666666666666661        8.0000000000000000       0.13217886012095467     
   4.6666666666666661        8.3333333333333321       0.10292198085136588     
   4.6666666666666661        8.6666666666666661        7.4354795171231253E-002
   4.6666666666666661        9.0000000000000000        5.2298727183996634E-002
   4.6666666666666661        9.3333333333333321        3.2235326927381527E-002
   4.6666666666666661        9.6666666666666661        1.5371642752851369E-002
   4.6666666666666661        10.000000000000000        0.0000000000000000     
 
   5.0000000000000000        0.0000000000000000        0.0000000000000000     
   5.0000000000000000       0.33333333333333331        6.6244963755287371E-003
   5.0000000000000000       0.66666666666666663        4.9695167550329017E-002
   5.0000000000000000        1.0000000000000000        5.9638764818773150E-002
   5.0000000000000000        1.3333333333333333        7.2225804706967156E-002
   5.0000000000000000        1.6666666666666665        8.7135945906951881E-002
   5.0000000000000000        2.0000000000000000       0.10633784711799155     
   5.0000000000000000        2.3333333333333330       0.11632266628248519     
   5.0000000000000000        2.6666666666666665       0.24558871559489534     
   5.0000000000000000        3.0000000000000000       0.24215190283493362     
   5.0000000000000000        3.3333333333333330       0.35730194797823617     
   5.0000000000000000        3.6666666666666665       0.34950323398866151     
   5.0000000000000000        4.0000000000000000       0.36969477457089345     
   5.0000000000000000        4.3333333333333330       0.38600052586225136     
   5.0000000000000000        4.6666666666666661       0.39493883361077464     
   5.0000000000000000        5.0000000000000000       0.39662523967489166     
   5.0000000000000000        5.3333333333333330       0.39362720416379510     
   5.0000000000000000        5.6666666666666661       0.39190519464227719     
   5.0000000000000000        6.0000000000000000       0.31507709965341951     
   5.0000000000000000        6.3333333333333330       0.31322726474407714     
   5.0000000000000000        6.6666666666666661       0.25545459858396402     
   5.0000000000000000        7.0000000000000000       0.19310770435584002     
   5.0000000000000000        7.3333333333333330       0.17603952481554372     
   5.0000000000000000        7.6666666666666661       0.15517667778559474     
   5.0000000000000000        8.0000000000000000       0.13825703266799935     
   5.0000000000000000        8.3333333333333321        8.1033542409092427E-002
   5.0000000000000000        8.6666666666666661        6.9898243825982684E-002
   5.0000000000000000        9.0000000000000000        5.1247664359780828E-002
   5.0000000000000000        9.3333333333333321        3.1967788217491258E-002
   5.0000000000000000        9.6666666666666661        1.5290951631165450E-002
   5.0000000000000000        10.000000000000000        0.0000000000000000     
 
   5.3333333333333330        0.0000000000000000        0.0000000000000000     
   5.3333333333333330       0.33333333333333331        1.3499265483393431E-002
   5.3333333333333330       0.66666666666666663        4.0157016707630076E-002
   5.3333333333333330        1.0000000000000000        5.7598443465026662E-002
   5.3333333333333330        1.3333333333333333        7.3390313792900022E-002
   5.3333333333333330        1.6666666666666665        9.1064173482736349E-002
   5.3333333333333330        2.0000000000000000       0.11005062283326635     
   5.3333333333333330        2.3333333333333330       0.12495978369598316     
   5.3333333333333330        2.6666666666666665       0.22326565080619848     
   5.3333333333333330        3.0000000000000000       0.24255413935020970     
   5.3333333333333330        3.3333333333333330       0.34657201055404946     
   5.3333333333333330        3.6666666666666665       0.35729267261499709     
   5.3333333333333330        4.0000000000000000       0.37154844493327066     
   5.3333333333333330        4.3333333333333330       0.38308339958638099     
   5.3333333333333330        4.6666666666666661       0.38935307047687762     
   5.3333333333333330        5.0000000000000000       0.38967124847235557     
   5.3333333333333330        5.3333333333333330       0.38403115793547504     
   5.3333333333333330        5.6666666666666661       0.32445622659015039     
   5.3333333333333330        6.0000000000000000       0.31110375392691947     
   5.3333333333333330        6.3333333333333330       0.28808871211565956     
   5.3333333333333330        6.6666666666666661       0.25189063788269739     
   5.3333333333333330        7.0000000000000000       0.20862048009170861     
   5.3333333333333330        7.3333333333333330       0.17878243933761886     
   5.3333333333333330        7.6666666666666661       0.15048849480963519     
   5.3333333333333330        8.0000000000000000       0.12715022287372471     
   5.3333333333333330        8.3333333333333321        9.2598967425378903E-002
   5.3333333333333330        8.6666666666666661        7.3375834016143268E-002
   5.3333333333333330        9.0000000000000000        5.1202864464148588E-002
   5.3333333333333330        9.3333333333333321        2.9377040579340825E-002
   5.3333333333333330        9.6666666666666661        1.3973090210706260E-002
   5.3333333333333330        10.000000000000000        0.0000000000000000     
 
   5.6666666666666661        0.0000000000000000        0.0000000000000000     
   5.6666666666666661       0.33333333333333331        7.3362423518728015E-003
   5.6666666666666661       0.66666666666666663        1.8498594046554559E-002
   5.6666666666666661        1.0000000000000000        5.2094803890875313E-002
   5.6666666666666661        1.3333333333333333        7.3029185471972555E-002
   5.6666666666666661        1.6666666666666665        9.3923957182020887E-002
   5.6666666666666661        2.0000000000000000       0.11788011788682967     
   5.6666666666666661        2.3333333333333330       0.14826754460715877     
   5.6666666666666661        2.6666666666666665       0.20117093102662767     
   5.6666666666666661        3.0000000000000000       0.25880601628715189     
   5.6666666666666661        3.3333333333333330       0.32862656655598566     
   5.6666666666666661        3.6666666666666665       0.35387887284008518     
   5.6666666666666661        4.0000000000000000       0.36788095474277349     
   5.6666666666666661        4.3333333333333330       0.37671349894698830     
   5.6666666666666661        4.6666666666666661       0.38072845541515521     
   5.6666666666666661        5.0000000000000000       0.37965307955293010     
   5.6666666666666661        5.3333333333333330       0.36000585358770765     
   5.6666666666666661        5.6666666666666661       0.33157393801364426     
   5.6666666666666661        6.0000000000000000       0.27329780228620210     
   5.6666666666666661        6.3333333333333330       0.27131033657260351     
   5.6666666666666661        6.6666666666666661       0.21285641238865674     
   5.6666666666666661        7.0000000000000000       0.17562065497689111     
   5.6666666666666661        7.3333333333333330       0.14333108741847064     
   5.6666666666666661        7.6666666666666661       0.14034603683616698     
   5.6666666666666661        8.0000000000000000        9.5711548367205843E-002
   5.6666666666666661        8.3333333333333321        8.9184580880004416E-002
   5.6666666666666661        8.6666666666666661        8.0253894837670980E-002
   5.6666666666666661        9.0000000000000000        2.0347483227256113E-002
   5.6666666666666661        9.3333333333333321        2.0646753027977999E-002
   5.6666666666666661        9.6666666666666661        1.1374318722538405E-002
   5.6666666666666661        10.000000000000000        0.0000000000000000     
 
   6.0000000000000000        0.0000000000000000        0.0000000000000000     
   6.0000000000000000       0.33333333333333331        8.5889586343904211E-003
   6.0000000000000000       0.66666666666666663        1.8747734291142668E-002
   6.0000000000000000        1.0000000000000000        3.1494165622373865E-002
   6.0000000000000000        1.3333333333333333        0.0000000000000000     
   6.0000000000000000        1.6666666666666665       0.11882278234871733     
   6.0000000000000000        2.0000000000000000       0.11923653886891399     
   6.0000000000000000        2.3333333333333330       0.15753034733257487     
   6.0000000000000000        2.6666666666666665       0.17219330304447797     
   6.0000000000000000        3.0000000000000000       0.35612413011440963     
   6.0000000000000000        3.3333333333333330       0.34872863565245416     
   6.0000000000000000        3.6666666666666665       0.35428757851492043     
   6.0000000000000000        4.0000000000000000       0.36141590784126804     
   6.0000000000000000        4.3333333333333330       0.36682472324574328     
   6.0000000000000000        4.6666666666666661       0.36866103105199410     
   6.0000000000000000        5.0000000000000000       0.34061629647375374     
   6.0000000000000000        5.3333333333333330       0.33702356666145061     
   6.0000000000000000        5.6666666666666661       0.30370009252037877     
   6.0000000000000000        6.0000000000000000       0.27103077548349885     
   6.0000000000000000        6.3333333333333330       0.24834851127970725     
   6.0000000000000000        6.6666666666666661       0.21070975170645473     
   6.0000000000000000        7.0000000000000000       0.17461406345301103     
   6.0000000000000000        7.3333333333333330       0.14610188762082577     
   6.0000000000000000        7.6666666666666661       0.12702945192520626     
   6.0000000000000000        8.0000000000000000       0.10276484232997958     
   6.0000000000000000        8.3333333333333321        8.8696549591350940E-002
   6.0000000000000000        8.6666666666666661        7.8757823467803106E-002
   6.0000000000000000        9.0000000000000000        3.1147019013889693E-002
   6.0000000000000000        9.3333333333333321        2.1754948722396476E-002
   6.0000000000000000        9.6666666666666661        1.1025958985493840E-002
   6.0000000000000000        10.000000000000000        0.0000000000000000     
 
   6.3333333333333330        0.0000000000000000        0.0000000000000000     
   6.3333333333333330       0.33333333333333331        8.3798183291138566E-003
   6.3333333333333330       0.66666666666666663        1.6631580570113387E-002
   6.3333333333333330        1.0000000000000000        2.3928181121645492E-002
   6.3333333333333330        1.3333333333333333        7.3967686034334554E-002
   6.3333333333333330        1.6666666666666665       0.10878853290396222     
   6.3333333333333330        2.0000000000000000       0.12130743389914918     
   6.3333333333333330        2.3333333333333330       0.14244937673801616     
   6.3333333333333330        2.6666666666666665       0.15693439231724068     
   6.3333333333333330        3.0000000000000000       0.17678475585716280     
   6.3333333333333330        3.3333333333333330       0.35281521386153397     
   6.3333333333333330        3.6666666666666665       0.34584022466409564     
   6.3333333333333330        4.0000000000000000       0.34911210874050280     
   6.3333333333333330        4.3333333333333330       0.35271313705885671     
   6.3333333333333330        4.6666666666666661       0.35052962849676195     
   6.3333333333333330        5.0000000000000000       0.33741436626925186     
   6.3333333333333330        5.3333333333333330       0.26894779422780385     
   6.3333333333333330        5.6666666666666661       0.26971166377541755     
   6.3333333333333330        6.0000000000000000       0.25456738169832410     
   6.3333333333333330        6.3333333333333330       0.23693348920350990     
   6.3333333333333330        6.6666666666666661       0.20486578999295421     
   6.3333333333333330        7.0000000000000000       0.16495711084912554     
   6.3333333333333330        7.3333333333333330       0.13909992728540529     
   6.3333333333333330        7.6666666666666661       0.11895530733727158     
   6.3333333333333330        8.0000000000000000       0.10004764121074655     
   6.3333333333333330        8.3333333333333321        8.4637806203355884E-002
   6.3333333333333330        8.6666666666666661        6.7923401838902192E-002
   6.3333333333333330        9.0000000000000000        4.0965374041594553E-002
   6.3333333333333330        9.3333333333333321        2.4505878316014130E-002
   6.3333333333333330        9.6666666666666661        1.1134682860690878E-002
   6.3333333333333330        10.000000000000000        0.0000000000000000     
 
   6.6666666666666661        0.0000000000000000        0.0000000000000000     
   6.6666666666666661       0.33333333333333331        8.4166728533893228E-003
   6.6666666666666661       0.66666666666666663        1.5689043562658499E-002
   6.6666666666666661        1.0000000000000000        5.9970983585720034E-002
   6.6666666666666661        1.3333333333333333        7.4958912133253008E-002
   6.6666666666666661        1.6666666666666665        9.6941555603998059E-002
   6.6666666666666661        2.0000000000000000       0.11518044879593664     
   6.6666666666666661        2.3333333333333330       0.13404420897128336     
   6.6666666666666661        2.6666666666666665       0.15583152230752118     
   6.6666666666666661        3.0000000000000000       0.17635867663849464     
   6.6666666666666661        3.3333333333333330       0.28005999652982089     
   6.6666666666666661        3.6666666666666665       0.32038034093386530     
   6.6666666666666661        4.0000000000000000       0.32956217025772561     
   6.6666666666666661        4.3333333333333330       0.33728638825051099     
   6.6666666666666661        4.6666666666666661       0.33625587952203601     
   6.6666666666666661        5.0000000000000000       0.31449674288952312     
   6.6666666666666661        5.3333333333333330       0.26410765370636241     
   6.6666666666666661        5.6666666666666661       0.24748265285893251     
   6.6666666666666661        6.0000000000000000       0.23698438719498835     
   6.6666666666666661        6.3333333333333330       0.16357189516290013     
   6.6666666666666661        6.6666666666666661       0.14093492899744930     
   6.6666666666666661        7.0000000000000000       0.14042158233975741     
   6.6666666666666661        7.3333333333333330       0.12620019995301407     
   6.6666666666666661        7.6666666666666661       0.10984547857970468     
   6.6666666666666661        8.0000000000000000        9.4299068535687910E-002
   6.6666666666666661        8.3333333333333321        8.2470676751561361E-002
   6.6666666666666661        8.6666666666666661        4.4837749157882328E-002
   6.6666666666666661        9.0000000000000000        4.0786391301889581E-002
   6.6666666666666661        9.3333333333333321        1.6556147906627103E-002
   6.6666666666666661        9.6666666666666661        9.1761166944542699E-003
   6.6666666666666661        10.000000000000000        0.0000000000000000     
 
   7.0000000000000000        0.0000000000000000        0.0000000000000000     
   7.0000000000000000       0.33333333333333331        9.7310196815109593E-003
   7.0000000000000000       0.66666666666666663        2.2259512493394903E-002
   7.0000000000000000        1.0000000000000000        4.5790985902710246E-002
   7.0000000000000000        1.3333333333333333        6.9844987324115107E-002
   7.0000000000000000        1.6666666666666665        8.9642517589217943E-002
   7.0000000000000000        2.0000000000000000       0.10902602859625671     
   7.0000000000000000        2.3333333333333330       0.12300807152052574     
   7.0000000000000000        2.6666666666666665       0.17650948568672117     
   7.0000000000000000        3.0000000000000000       0.19591625482142239     
   7.0000000000000000        3.3333333333333330       0.23563622854045926     
   7.0000000000000000        3.6666666666666665       0.28150410257773123     
   7.0000000000000000        4.0000000000000000       0.30544413618615157     
   7.0000000000000000        4.3333333333333330       0.32423705796343832     
   7.0000000000000000        4.6666666666666661       0.15638969551229689     
   7.0000000000000000        5.0000000000000000       0.20529360252624837     
   7.0000000000000000        5.3333333333333330       0.22159152186306766     
   7.0000000000000000        5.6666666666666661       0.21577733781376826     
   7.0000000000000000        6.0000000000000000       0.20591394080501563     
   7.0000000000000000        6.3333333333333330       0.16301045525889812     
   7.0000000000000000        6.6666666666666661       0.14140639793055657     
   7.0000000000000000        7.0000000000000000       0.12947425763522302     
   7.0000000000000000        7.3333333333333330       0.11556627529609752     
   7.0000000000000000        7.6666666666666661       0.10030448639782455     
   7.0000000000000000        8.0000000000000000        8.5384999682019194E-002
   7.0000000000000000        8.3333333333333321        6.9111837458334754E-002
   7.0000000000000000        8.6666666666666661        4.9545202495844813E-002
   7.0000000000000000        9.0000000000000000        3.7149822356988008E-002
   7.0000000000000000        9.3333333333333321        2.4240093185840490E-002
   7.0000000000000000        9.6666666666666661        3.5764991982780497E-003
   7.0000000000000000        10.000000000000000        0.0000000000000000     
 
   7.3333333333333330        0.0000000000000000        0.0000000000000000     
   7.3333333333333330       0.33333333333333331        8.4095103032164123E-003
   7.3333333333333330       0.66666666666666663        1.8174153527305129E-002
   7.3333333333333330        1.0000000000000000        3.1732528008943613E-002
   7.3333333333333330        1.3333333333333333        7.9096104174344539E-002
   7.3333333333333330        1.6666666666666665        8.3704978804861815E-002
   7.3333333333333330        2.0000000000000000       0.11269847818320802     
   7.3333333333333330        2.3333333333333330       0.12655160264923326     
   7.3333333333333330        2.6666666666666665       0.15654044765061409     
   7.3333333333333330        3.0000000000000000       0.19400872955280341     
   7.3333333333333330        3.3333333333333330       0.22846127496996257     
   7.3333333333333330        3.6666666666666665       0.25355865971820402     
   7.3333333333333330        4.0000000000000000       0.28150410257773123     
   7.3333333333333330        4.3333333333333330       0.15638969551229689     
   7.3333333333333330        4.6666666666666661       0.15627685113546078     
   7.3333333333333330        5.0000000000000000       0.18718265404380047     
   7.3333333333333330        5.3333333333333330       0.19876079304721003     
   7.3333333333333330        5.6666666666666661       0.18582959188441378     
   7.3333333333333330        6.0000000000000000       0.13489734917239138     
   7.3333333333333330        6.3333333333333330       0.14051242852115800     
   7.3333333333333330        6.6666666666666661       0.13214837517447373     
   7.3333333333333330        7.0000000000000000       0.12067161558988705     
   7.3333333333333330        7.3333333333333330       0.10664933606228154     
   7.3333333333333330        7.6666666666666661        9.0945391973121195E-002
   7.3333333333333330        8.0000000000000000        7.8456976958722141E-002
   7.3333333333333330        8.3333333333333321        5.9723326035231034E-002
   7.3333333333333330        8.6666666666666661        4.7736055849975638E-002
   7.3333333333333330        9.0000000000000000        3.4593099634610651E-002
   7.3333333333333330        9.3333333333333321        1.9434077536189250E-002
   7.3333333333333330        9.6666666666666661        7.2286579978217309E-003
   7.3333333333333330        10.000000000000000        0.0000000000000000     
 
   7.6666666666666661        0.0000000000000000        0.0000000000000000     
   7.6666666666666661       0.33333333333333331        5.8844158799954225E-003
   7.6666666666666661       0.66666666666666663        1.0604929648454858E-002
   7.6666666666666661        1.0000000000000000        7.4341148727640319E-002
   7.6666666666666661        1.3333333333333333        7.5901217523193301E-002
   7.6666666666666661        1.6666666666666665        8.3642924605913035E-002
   7.6666666666666661        2.0000000000000000        9.9790893754857418E-002
   7.6666666666666661        2.3333333333333330       0.11458806820207794     
   7.6666666666666661        2.6666666666666665       0.12902293101001253     
   7.6666666666666661        3.0000000000000000       0.12601705052083720     
   7.6666666666666661        3.3333333333333330       0.18417145101111038     
   7.6666666666666661        3.6666666666666665       0.21976702806476078     
   7.6666666666666661        4.0000000000000000        6.9623480730557519E-002
   7.6666666666666661        4.3333333333333330       0.11021518322359408     
   7.6666666666666661        4.6666666666666661       0.12494531794202141     
   7.6666666666666661        5.0000000000000000       0.10510046675315259     
   7.6666666666666661        5.3333333333333330       0.14176070420624506     
   7.6666666666666661        5.6666666666666661       0.14153621357905341     
   7.6666666666666661        6.0000000000000000       0.12935715898367120     
   7.6666666666666661        6.3333333333333330       0.13196471091516582     
   7.6666666666666661        6.6666666666666661       0.12619106369824423     
   7.6666666666666661        7.0000000000000000       0.11480631908701358     
   7.6666666666666661        7.3333333333333330        9.9941677600922790E-002
   7.6666666666666661        7.6666666666666661        7.8996937505514828E-002
   7.6666666666666661        8.0000000000000000        4.0835753704501855E-002
   7.6666666666666661        8.3333333333333321        4.4289129125855510E-002
   7.6666666666666661        8.6666666666666661        2.2505201730138091E-002
   7.6666666666666661        9.0000000000000000        1.2985300689985596E-002
   7.6666666666666661        9.3333333333333321        1.2028170689440204E-002
   7.6666666666666661        9.6666666666666661        6.0498583080493256E-003
   7.6666666666666661        10.000000000000000        0.0000000000000000     
 
   8.0000000000000000        0.0000000000000000        0.0000000000000000     
   8.0000000000000000       0.33333333333333331        4.6450843741804087E-003
   8.0000000000000000       0.66666666666666663        7.9696874376143333E-003
   8.0000000000000000        1.0000000000000000        6.6484792790596672E-002
   8.0000000000000000        1.3333333333333333        6.7974409409705228E-002
   8.0000000000000000        1.6666666666666665        7.6501056666214040E-002
   8.0000000000000000        2.0000000000000000        8.9375138908234911E-002
   8.0000000000000000        2.3333333333333330       0.10390892463993635     
   8.0000000000000000        2.6666666666666665       0.11660083760830489     
   8.0000000000000000        3.0000000000000000       0.12707137252629994     
   8.0000000000000000        3.3333333333333330       0.14791468035269870     
   8.0000000000000000        3.6666666666666665        6.9623480730557519E-002
   8.0000000000000000        4.0000000000000000        7.0858833489494802E-002
   8.0000000000000000        4.3333333333333330        9.6322101891243475E-002
   8.0000000000000000        4.6666666666666661       0.10890668939631236     
   8.0000000000000000        5.0000000000000000       0.10640896058043434     
   8.0000000000000000        5.3333333333333330        9.6014452182008866E-002
   8.0000000000000000        5.6666666666666661       0.10889304504554359     
   8.0000000000000000        6.0000000000000000       0.10911392999490002     
   8.0000000000000000        6.3333333333333330        0.0000000000000000     
   8.0000000000000000        6.6666666666666661       0.11202934940972246     
   8.0000000000000000        7.0000000000000000       0.11299933249868911     
   8.0000000000000000        7.3333333333333330        3.7841896417340690E-002
   8.0000000000000000        7.6666666666666661        4.6778698327699285E-002
   8.0000000000000000        8.0000000000000000        3.8115309604031970E-002
   8.0000000000000000        8.3333333333333321        3.3023236768852021E-002
   8.0000000000000000        8.6666666666666661        2.3087120642993078E-002
   8.0000000000000000        9.0000000000000000        1.4281571968300788E-002
   8.0000000000000000        9.3333333333333321        9.9232183973972602E-003
   8.0000000000000000        9.6666666666666661        5.0854980353665161E-003
   8.0000000000000000        10.000000000000000        0.0000000000000000     
 
   8.3333333333333321        0.0000000000000000        0.0000000000000000     
   8.3333333333333321       0.33333333333333331        4.8394115606946566E-003
   8.3333333333333321       0.66666666666666663        8.8512179803752929E-003
   8.3333333333333321        1.0000000000000000        4.1522954864793959E-002
   8.3333333333333321        1.3333333333333333        5.4400181917553400E-002
   8.3333333333333321        1.6666666666666665        6.6348343960538764E-002
   8.3333333333333321        2.0000000000000000        7.8551529654885599E-002
   8.3333333333333321        2.3333333333333330        9.6208544903566798E-002
   8.3333333333333321        2.6666666666666665       0.10740861627867795     
   8.3333333333333321        3.0000000000000000       0.11866827494227412     
   8.3333333333333321        3.3333333333333330       0.13289217552176749     
   8.3333333333333321        3.6666666666666665        4.7905556888763232E-002
   8.3333333333333321        4.0000000000000000        4.9022513355561320E-002
   8.3333333333333321        4.3333333333333330        2.3502952760255054E-002
   8.3333333333333321        4.6666666666666661        2.1631252088137095E-002
   8.3333333333333321        5.0000000000000000        8.2927612594832154E-002
   8.3333333333333321        5.3333333333333330        8.3605882329496270E-002
   8.3333333333333321        5.6666666666666661        8.9172184846042030E-002
   8.3333333333333321        6.0000000000000000        8.9398191446131342E-002
   8.3333333333333321        6.3333333333333330        4.6452962484333490E-002
   8.3333333333333321        6.6666666666666661        0.0000000000000000     
   8.3333333333333321        7.0000000000000000        2.5892794050047501E-002
   8.3333333333333321        7.3333333333333330        2.9582080587604143E-002
   8.3333333333333321        7.6666666666666661        3.2845255913134162E-002
   8.3333333333333321        8.0000000000000000        3.2518396134160674E-002
   8.3333333333333321        8.3333333333333321        2.7253128673032995E-002
   8.3333333333333321        8.6666666666666661        1.2025063569783154E-002
   8.3333333333333321        9.0000000000000000        1.1509452967313307E-002
   8.3333333333333321        9.3333333333333321        8.5627462149839486E-003
   8.3333333333333321        9.6666666666666661        4.5056689397051895E-003
   8.3333333333333321        10.000000000000000        0.0000000000000000     
 
   8.6666666666666661        0.0000000000000000        0.0000000000000000     
   8.6666666666666661       0.33333333333333331        5.9925784757017481E-003
   8.6666666666666661       0.66666666666666663        1.3981690501940137E-002
   8.6666666666666661        1.0000000000000000        2.9639510960013986E-002
   8.6666666666666661        1.3333333333333333        4.2938505377051808E-002
   8.6666666666666661        1.6666666666666665        5.7213739993545461E-002
   8.6666666666666661        2.0000000000000000        6.3553323089670669E-002
   8.6666666666666661        2.3333333333333330        8.3588705110754988E-002
   8.6666666666666661        2.6666666666666665        9.9351118996988355E-002
   8.6666666666666661        3.0000000000000000       0.10837723874404107     
   8.6666666666666661        3.3333333333333330        0.0000000000000000     
   8.6666666666666661        3.6666666666666665        2.2332569338397307E-002
   8.6666666666666661        4.0000000000000000        2.9366085098266922E-002
   8.6666666666666661        4.3333333333333330        2.4404707253234494E-002
   8.6666666666666661        4.6666666666666661        2.2560762561941332E-002
   8.6666666666666661        5.0000000000000000        6.6204806720939063E-002
   8.6666666666666661        5.3333333333333330        6.6895944716141867E-002
   8.6666666666666661        5.6666666666666661        7.5292197714873610E-002
   8.6666666666666661        6.0000000000000000        7.0391182348396475E-002
   8.6666666666666661        6.3333333333333330        4.7039319378765779E-002
   8.6666666666666661        6.6666666666666661        2.0699572814345184E-002
   8.6666666666666661        7.0000000000000000        2.2804597621870201E-002
   8.6666666666666661        7.3333333333333330        2.2367565149898936E-002
   8.6666666666666661        7.6666666666666661        2.3134913373380583E-002
   8.6666666666666661        8.0000000000000000        1.4475324768664444E-002
   8.6666666666666661        8.3333333333333321        1.6820431767206677E-002
   8.6666666666666661        8.6666666666666661        1.2917692945684246E-002
   8.6666666666666661        9.0000000000000000        5.0294163812939332E-003
   8.6666666666666661        9.3333333333333321        3.2198007470526928E-003
   8.6666666666666661        9.6666666666666661        0.0000000000000000     
   8.6666666666666661        10.000000000000000        0.0000000000000000     
 
   9.0000000000000000        0.0000000000000000        0.0000000000000000     
   9.0000000000000000       0.33333333333333331        5.3160632260728802E-003
   9.0000000000000000       0.66666666666666663        1.1817312305219112E-002
   9.0000000000000000        1.0000000000000000        2.0855717401219401E-002
   9.0000000000000000        1.3333333333333333        3.1497441934432220E-002
   9.0000000000000000        1.6666666666666665        3.6815229120714499E-002
   9.0000000000000000        2.0000000000000000        5.6137686677042803E-002
   9.0000000000000000        2.3333333333333330        6.9203872421723531E-002
   9.0000000000000000        2.6666666666666665        2.0026152168834744E-003
   9.0000000000000000        3.0000000000000000        3.2621131382208350E-003
   9.0000000000000000        3.3333333333333330        1.1045803161125960E-002
   9.0000000000000000        3.6666666666666665        1.6017455427005115E-002
   9.0000000000000000        4.0000000000000000        2.2566525174337174E-002
   9.0000000000000000        4.3333333333333330        2.3071143311237351E-002
   9.0000000000000000        4.6666666666666661        1.6638201526527673E-003
   9.0000000000000000        5.0000000000000000        4.2528174873740894E-002
   9.0000000000000000        5.3333333333333330        4.3091923784626625E-002
   9.0000000000000000        5.6666666666666661        1.6525729205543752E-002
   9.0000000000000000        6.0000000000000000        1.9216196247425165E-002
   9.0000000000000000        6.3333333333333330        2.4801821100784691E-002
   9.0000000000000000        6.6666666666666661        1.9074367705602471E-002
   9.0000000000000000        7.0000000000000000        1.1827997534516105E-002
   9.0000000000000000        7.3333333333333330        1.4473419236038877E-002
   9.0000000000000000        7.6666666666666661        1.4717534651312807E-002
   9.0000000000000000        8.0000000000000000        1.2553815092945028E-002
   9.0000000000000000        8.3333333333333321        1.3095042785914864E-002
   9.0000000000000000        8.6666666666666661        1.0303025718347873E-002
   9.0000000000000000        9.0000000000000000        5.2276634769510052E-003
   9.0000000000000000        9.3333333333333321        3.3596968970170727E-003
   9.0000000000000000        9.6666666666666661        2.9020835481845361E-004
   9.0000000000000000        10.000000000000000        0.0000000000000000     
 
   9.3333333333333321        0.0000000000000000        0.0000000000000000     
   9.3333333333333321       0.33333333333333331        3.6071356471163874E-003
   9.3333333333333321       0.66666666666666663        7.4444121844697338E-003
   9.3333333333333321        1.0000000000000000        1.1021732630248825E-002
   9.3333333333333321        1.3333333333333333        1.1946121455021892E-002
   9.3333333333333321        1.6666666666666665        1.8326117946409082E-002
   9.3333333333333321        2.0000000000000000        2.5574766730875531E-003
   9.3333333333333321        2.3333333333333330        1.7175504148888956E-003
   9.3333333333333321        2.6666666666666665        2.0948563612285479E-003
   9.3333333333333321        3.0000000000000000        3.4054983110141279E-003
   9.3333333333333321        3.3333333333333330        6.4793830947544673E-003
   9.3333333333333321        3.6666666666666665        8.6779823517517170E-003
   9.3333333333333321        4.0000000000000000        0.0000000000000000     
   9.3333333333333321        4.3333333333333330        1.3311117905605322E-003
   9.3333333333333321        4.6666666666666661        1.7037229415597180E-003
   9.3333333333333321        5.0000000000000000        1.3058095970957239E-002
   9.3333333333333321        5.3333333333333330        2.0358961286911142E-002
   9.3333333333333321        5.6666666666666661        1.6850097407530809E-002
   9.3333333333333321        6.0000000000000000        1.3965314619129240E-002
   9.3333333333333321        6.3333333333333330        1.4262864614678992E-002
   9.3333333333333321        6.6666666666666661        1.2105521936303165E-002
   9.3333333333333321        7.0000000000000000        9.5011061186297523E-003
   9.3333333333333321        7.3333333333333330        9.3569153591362073E-003
   9.3333333333333321        7.6666666666666661        9.0946241922990907E-003
   9.3333333333333321        8.0000000000000000        8.2943205213774109E-003
   9.3333333333333321        8.3333333333333321        1.4217077625166814E-003
   9.3333333333333321        8.6666666666666661        1.6925526292638875E-003
   9.3333333333333321        9.0000000000000000        2.4103582741204135E-003
   9.3333333333333321        9.3333333333333321        1.7678228724112097E-003
   9.3333333333333321        9.6666666666666661        5.9317420539310402E-004
   9.3333333333333321        10.000000000000000        0.0000000000000000     
 
   9.6666666666666661        0.0000000000000000        0.0000000000000000     
   9.6666666666666661       0.33333333333333331        1.7751989721572386E-003
   9.6666666666666661       0.66666666666666663        3.5475533671379109E-003
   9.6666666666666661        1.0000000000000000        5.0761875683231631E-003
   9.6666666666666661        1.3333333333333333        5.8821429745521446E-003
   9.6666666666666661        1.6666666666666665        6.6681618677354500E-003
   9.6666666666666661        2.0000000000000000        2.6399009405084430E-003
   9.6666666666666661        2.3333333333333330        1.4124716785693418E-003
   9.6666666666666661        2.6666666666666665        1.3445073469575764E-003
   9.6666666666666661        3.0000000000000000        1.9265578934174695E-003
   9.6666666666666661        3.3333333333333330        3.0355978354528594E-003
   9.6666666666666661        3.6666666666666665        3.8555344285886493E-003
   9.6666666666666661        4.0000000000000000        4.8888782149716621E-004
   9.6666666666666661        4.3333333333333330        9.8829300649215133E-004
   9.6666666666666661        4.6666666666666661        2.1534413467467818E-003
   9.6666666666666661        5.0000000000000000        5.9609873394287274E-003
   9.6666666666666661        5.3333333333333330        8.7287189692713835E-003
   9.6666666666666661        5.6666666666666661        2.8654549350053630E-003
   9.6666666666666661        6.0000000000000000        5.7897462020088074E-003
   9.6666666666666661        6.3333333333333330        6.4417050875297402E-003
   9.6666666666666661        6.6666666666666661        5.8433864360049655E-003
   9.6666666666666661        7.0000000000000000        4.9575068525759356E-003
   9.6666666666666661        7.3333333333333330        4.6130964257634103E-003
   9.6666666666666661        7.6666666666666661        4.2663016839182971E-003
   9.6666666666666661        8.0000000000000000        3.4819789903989783E-003
   9.6666666666666661        8.3333333333333321        1.4741672264554724E-003
   9.6666666666666661        8.6666666666666661        1.0435129273989778E-003
   9.6666666666666661        9.0000000000000000        1.0480762607543359E-003
   9.6666666666666661        9.3333333333333321        7.8077716566327961E-004
   9.6666666666666661        9.6666666666666661        3.3984895188150934E-004
   9.6666666666666661        10.000000000000000        0.0000000000000000     
 
   10.000000000000000        0.0000000000000000        0.0000000000000000     
   10.000000000000000       0.33333333333333331        0.0000000000000000     
   10.000000000000000       0.66666666666666663        0.0000000000000000     
   10.000000000000000        1.0000000000000000        0.0000000000000000     
   10.000000000000000        1.3333333333333333        0.0000000000000000     
   10.000000000000000        1.6666666666666665        0.0000000000000000     
   10.000000000000000        2.0000000000000000        0.0000000000000000     
   10.000000000000000        2.3333333333333330        0.0000000000000000     
   10.000000000000000        2.6666666666666665        0.0000000000000000     
   10.000000000000000        3.0000000000000000        0.0000000000000000     
   10.000000000000000        3.3333333333333330        0.0000000000000000     
   10.000000000000000        3.6666666666666665        0.0000000000000000     
   10.000000000000000        4.0000000000000000        0.0000000000000000     
   10.000000000000000        4.3333333333333330        0.0000000000000000     
   10.000000000000000        4.6666666666666661        0.0000000000000000     
   10.000000000000000        5.0000000000000000        0.0000000000000000     
   10.000000000000000        5.3333333333333330        0.0000000000000000     
   10.000000000000000        5.6666666666666661        0.0000000000000000     
   10.000000000000000        6.0000000000000000        0.0000000000000000     
   10.000000000000000        6.3333333333333330        0.0000000000000000     
   10.000000000000000        6.6666666666666661        0.0000000000000000     
   10.000000000000000        7.0000000000000000        0.0000000000000000     
   10.000000000000000        7.3333333333333330        0.0000000000000000     
   10.000000000000000        7.6666666666666661        0.0000000000000000     
   10.000000000000000        8.0000000000000000        0.0000000000000000     
   10.000000000000000        8.3333333333333321        0.0000000000000000     
   10.000000000000000        8.6666666666666661        0.0000000000000000     
   10.000000000000000        9.0000000000000000        0.0000000000000000     
   10.000000000000000        9.3333333333333321        0.0000000000000000     
   10.000000000000000        9.6666666666666661        0.0000000000000000     
   10.000000000000000        10.000000000000000        0.0000000000000000     
 
