   0.0000000000000000        0.0000000000000000        0.0000000000000000     
   0.0000000000000000       0.33333333333333331        0.0000000000000000     
   0.0000000000000000       0.66666666666666663        0.0000000000000000     
   0.0000000000000000        1.0000000000000000        0.0000000000000000     
   0.0000000000000000        1.3333333333333333        0.0000000000000000     
   0.0000000000000000        1.6666666666666665        0.0000000000000000     
   0.0000000000000000        2.0000000000000000        0.0000000000000000     
   0.0000000000000000        2.3333333333333330        0.0000000000000000     
   0.0000000000000000        2.6666666666666665        0.0000000000000000     
   0.0000000000000000        3.0000000000000000        0.0000000000000000     
   0.0000000000000000        3.3333333333333330        0.0000000000000000     
   0.0000000000000000        3.6666666666666665        0.0000000000000000     
   0.0000000000000000        4.0000000000000000        0.0000000000000000     
   0.0000000000000000        4.3333333333333330        0.0000000000000000     
   0.0000000000000000        4.6666666666666661        0.0000000000000000     
   0.0000000000000000        5.0000000000000000        0.0000000000000000     
   0.0000000000000000        5.3333333333333330        0.0000000000000000     
   0.0000000000000000        5.6666666666666661        0.0000000000000000     
   0.0000000000000000        6.0000000000000000        0.0000000000000000     
   0.0000000000000000        6.3333333333333330        0.0000000000000000     
   0.0000000000000000        6.6666666666666661        0.0000000000000000     
   0.0000000000000000        7.0000000000000000        0.0000000000000000     
   0.0000000000000000        7.3333333333333330        0.0000000000000000     
   0.0000000000000000        7.6666666666666661        0.0000000000000000     
   0.0000000000000000        8.0000000000000000        0.0000000000000000     
   0.0000000000000000        8.3333333333333321        0.0000000000000000     
   0.0000000000000000        8.6666666666666661        0.0000000000000000     
   0.0000000000000000        9.0000000000000000        0.0000000000000000     
   0.0000000000000000        9.3333333333333321        0.0000000000000000     
   0.0000000000000000        9.6666666666666661        0.0000000000000000     
   0.0000000000000000        10.000000000000000        0.0000000000000000     
 
  0.33333333333333331        0.0000000000000000        0.0000000000000000     
  0.33333333333333331       0.33333333333333331        7.5317736554329380E-005
  0.33333333333333331       0.66666666666666663        1.2636810202061217E-004
  0.33333333333333331        1.0000000000000000        1.2793098905989424E-004
  0.33333333333333331        1.3333333333333333        2.7695786227169050E-004
  0.33333333333333331        1.6666666666666665        4.2112008914144366E-004
  0.33333333333333331        2.0000000000000000        6.7044835652851876E-004
  0.33333333333333331        2.3333333333333330        8.6316851860194078E-004
  0.33333333333333331        2.6666666666666665        7.9415245716470573E-004
  0.33333333333333331        3.0000000000000000        1.6232770629725575E-003
  0.33333333333333331        3.3333333333333330        1.8119268546921716E-003
  0.33333333333333331        3.6666666666666665        1.7459272706126354E-003
  0.33333333333333331        4.0000000000000000        1.7707774243689966E-003
  0.33333333333333331        4.3333333333333330        1.8089535975491550E-003
  0.33333333333333331        4.6666666666666661        1.2129764374898715E-003
  0.33333333333333331        5.0000000000000000        1.9732998855111336E-003
  0.33333333333333331        5.3333333333333330        4.9182716717142208E-003
  0.33333333333333331        5.6666666666666661        6.2508823480650136E-003
  0.33333333333333331        6.0000000000000000        7.2249064112065130E-003
  0.33333333333333331        6.3333333333333330        7.7697754194551751E-003
  0.33333333333333331        6.6666666666666661        5.3449460870526808E-003
  0.33333333333333331        7.0000000000000000        8.7184638863535991E-003
  0.33333333333333331        7.3333333333333330        3.9172720125668151E-003
  0.33333333333333331        7.6666666666666661        3.3833314148992238E-003
  0.33333333333333331        8.0000000000000000        2.5313758466131366E-003
  0.33333333333333331        8.3333333333333321        1.6638413792586565E-003
  0.33333333333333331        8.6666666666666661        1.2415167811852996E-003
  0.33333333333333331        9.0000000000000000        8.8734698013858023E-004
  0.33333333333333331        9.3333333333333321        4.7986334379470177E-004
  0.33333333333333331        9.6666666666666661        2.0555397231366136E-004
  0.33333333333333331        10.000000000000000        0.0000000000000000     
 
  0.66666666666666663        0.0000000000000000        0.0000000000000000     
  0.66666666666666663       0.33333333333333331        1.8563550217035965E-004
  0.66666666666666663       0.66666666666666663        3.2046330337166221E-004
  0.66666666666666663        1.0000000000000000        7.0796967459927002E-004
  0.66666666666666663        1.3333333333333333        6.0070278544247511E-004
  0.66666666666666663        1.6666666666666665        7.9922870016303229E-004
  0.66666666666666663        2.0000000000000000        1.4923698931776648E-003
  0.66666666666666663        2.3333333333333330        2.1052919359413115E-003
  0.66666666666666663        2.6666666666666665        4.6426430632490329E-003
  0.66666666666666663        3.0000000000000000        4.0876344914016153E-003
  0.66666666666666663        3.3333333333333330        4.0997529319801163E-003
  0.66666666666666663        3.6666666666666665        3.6193401857962373E-003
  0.66666666666666663        4.0000000000000000        3.7515604321554622E-003
  0.66666666666666663        4.3333333333333330        4.4757372774866990E-003
  0.66666666666666663        4.6666666666666661        0.0000000000000000     
  0.66666666666666663        5.0000000000000000        1.2233126375568138E-002
  0.66666666666666663        5.3333333333333330        1.1943600136279960E-002
  0.66666666666666663        5.6666666666666661        1.3448726135995053E-002
  0.66666666666666663        6.0000000000000000        1.5514862103385943E-002
  0.66666666666666663        6.3333333333333330        1.9153313931644440E-002
  0.66666666666666663        6.6666666666666661        3.2462901984646617E-002
  0.66666666666666663        7.0000000000000000        2.6318330579205570E-002
  0.66666666666666663        7.3333333333333330        6.7011072470928908E-003
  0.66666666666666663        7.6666666666666661        7.4229376693898388E-003
  0.66666666666666663        8.0000000000000000        5.3509181476267143E-003
  0.66666666666666663        8.3333333333333321        3.0767672620087036E-003
  0.66666666666666663        8.6666666666666661        2.5702015991290743E-003
  0.66666666666666663        9.0000000000000000        1.9439538800542738E-003
  0.66666666666666663        9.3333333333333321        8.9173945253773375E-004
  0.66666666666666663        9.6666666666666661        3.7100431087008903E-004
  0.66666666666666663        10.000000000000000        0.0000000000000000     
 
   1.0000000000000000        0.0000000000000000        0.0000000000000000     
   1.0000000000000000       0.33333333333333331        3.7217113663483986E-004
   1.0000000000000000       0.66666666666666663        6.9335253317846389E-004
   1.0000000000000000        1.0000000000000000        9.1804605560704506E-004
   1.0000000000000000        1.3333333333333333        7.0796967459927002E-004
   1.0000000000000000        1.6666666666666665        2.4244668246503156E-003
   1.0000000000000000        2.0000000000000000        2.6010975721330624E-003
   1.0000000000000000        2.3333333333333330        4.2376253511221644E-003
   1.0000000000000000        2.6666666666666665        5.7662014975662767E-003
   1.0000000000000000        3.0000000000000000        6.4716377820030627E-003
   1.0000000000000000        3.3333333333333330        7.3563345083165694E-003
   1.0000000000000000        3.6666666666666665        5.3193877192544078E-003
   1.0000000000000000        4.0000000000000000        5.6024232913156570E-003
   1.0000000000000000        4.3333333333333330        8.4046366411443824E-003
   1.0000000000000000        4.6666666666666661        1.2406333705905640E-002
   1.0000000000000000        5.0000000000000000        1.3840008422470842E-002
   1.0000000000000000        5.3333333333333330        1.8358140773714914E-002
   1.0000000000000000        5.6666666666666661        2.1308172147960869E-002
   1.0000000000000000        6.0000000000000000        2.3536515358544993E-002
   1.0000000000000000        6.3333333333333330        3.5649169975956699E-002
   1.0000000000000000        6.6666666666666661        4.1062355899577935E-002
   1.0000000000000000        7.0000000000000000        3.9777401605533440E-002
   1.0000000000000000        7.3333333333333330        2.9912383446348778E-002
   1.0000000000000000        7.6666666666666661        1.4987946026930606E-002
   1.0000000000000000        8.0000000000000000        8.9344284838306157E-003
   1.0000000000000000        8.3333333333333321        5.4399795438889644E-003
   1.0000000000000000        8.6666666666666661        4.3357446840205519E-003
   1.0000000000000000        9.0000000000000000        3.6752194391919788E-003
   1.0000000000000000        9.3333333333333321        3.8252303770942251E-004
   1.0000000000000000        9.6666666666666661        4.3778249136586402E-004
   1.0000000000000000        10.000000000000000        0.0000000000000000     
 
   1.3333333333333333        0.0000000000000000        0.0000000000000000     
   1.3333333333333333       0.33333333333333331        6.5817472507261065E-004
   1.3333333333333333       0.66666666666666663        1.2536685048450780E-003
   1.3333333333333333        1.0000000000000000        1.6865973042693185E-003
   1.3333333333333333        1.3333333333333333        3.1221207267142707E-003
   1.3333333333333333        1.6666666666666665        2.5923787059704030E-003
   1.3333333333333333        2.0000000000000000        7.2810337279729589E-003
   1.3333333333333333        2.3333333333333330        7.0019233392940462E-003
   1.3333333333333333        2.6666666666666665        8.3895762693825243E-003
   1.3333333333333333        3.0000000000000000        9.3989663740059928E-003
   1.3333333333333333        3.3333333333333330        1.4311101477258791E-002
   1.3333333333333333        3.6666666666666665        2.7294494483081067E-002
   1.3333333333333333        4.0000000000000000        1.8602239731401713E-002
   1.3333333333333333        4.3333333333333330        1.6085749673739359E-002
   1.3333333333333333        4.6666666666666661        2.9095266517645362E-002
   1.3333333333333333        5.0000000000000000        2.9118340440552507E-002
   1.3333333333333333        5.3333333333333330        2.8052321892400815E-002
   1.3333333333333333        5.6666666666666661        3.1699027741749465E-002
   1.3333333333333333        6.0000000000000000        6.8960969494600274E-002
   1.3333333333333333        6.3333333333333330        6.1276379251219849E-002
   1.3333333333333333        6.6666666666666661        5.9178228003679244E-002
   1.3333333333333333        7.0000000000000000        5.4730614851273118E-002
   1.3333333333333333        7.3333333333333330        4.7108979126176224E-002
   1.3333333333333333        7.6666666666666661        6.5644931993602083E-003
   1.3333333333333333        8.0000000000000000        7.3597277049227642E-003
   1.3333333333333333        8.3333333333333321        7.1878795876385241E-003
   1.3333333333333333        8.6666666666666661        6.1797152180713593E-003
   1.3333333333333333        9.0000000000000000        5.1989588825872525E-003
   1.3333333333333333        9.3333333333333321        2.3332173827956756E-003
   1.3333333333333333        9.6666666666666661        1.0564089012296792E-003
   1.3333333333333333        10.000000000000000        0.0000000000000000     
 
   1.6666666666666665        0.0000000000000000        0.0000000000000000     
   1.6666666666666665       0.33333333333333331        1.0869788354781595E-003
   1.6666666666666665       0.66666666666666663        2.1291023906159505E-003
   1.6666666666666665        1.0000000000000000        3.0937402459307113E-003
   1.6666666666666665        1.3333333333333333        4.0551177231381011E-003
   1.6666666666666665        1.6666666666666665        9.2230739618686629E-003
   1.6666666666666665        2.0000000000000000        8.4240094631404683E-003
   1.6666666666666665        2.3333333333333330        8.9156237953119215E-003
   1.6666666666666665        2.6666666666666665        1.2310465247559891E-002
   1.6666666666666665        3.0000000000000000        2.9108716780989363E-002
   1.6666666666666665        3.3333333333333330        2.7487138284437902E-002
   1.6666666666666665        3.6666666666666665        2.9705229562762225E-002
   1.6666666666666665        4.0000000000000000        2.3021563770713779E-002
   1.6666666666666665        4.3333333333333330        2.2924736325982173E-002
   1.6666666666666665        4.6666666666666661        3.1872075184619521E-002
   1.6666666666666665        5.0000000000000000        3.2788787055746844E-002
   1.6666666666666665        5.3333333333333330        3.5413487127899032E-002
   1.6666666666666665        5.6666666666666661        4.8160154866732953E-002
   1.6666666666666665        6.0000000000000000        8.0402071752903759E-002
   1.6666666666666665        6.3333333333333330        8.4787204910922120E-002
   1.6666666666666665        6.6666666666666661        8.3125261561813921E-002
   1.6666666666666665        7.0000000000000000        7.6251260634633139E-002
   1.6666666666666665        7.3333333333333330        5.9846049095093515E-002
   1.6666666666666665        7.6666666666666661        5.6511681258442645E-003
   1.6666666666666665        8.0000000000000000        7.5764023152883435E-003
   1.6666666666666665        8.3333333333333321        1.0559213247949752E-002
   1.6666666666666665        8.6666666666666661        8.6898330301673991E-003
   1.6666666666666665        9.0000000000000000        6.3478496040599280E-003
   1.6666666666666665        9.3333333333333321        3.8939041566241396E-003
   1.6666666666666665        9.6666666666666661        1.5866036290606684E-003
   1.6666666666666665        10.000000000000000        0.0000000000000000     
 
   2.0000000000000000        0.0000000000000000        0.0000000000000000     
   2.0000000000000000       0.33333333333333331        1.6834386415876743E-003
   2.0000000000000000       0.66666666666666663        3.3220075448336431E-003
   2.0000000000000000        1.0000000000000000        4.8538689127658905E-003
   2.0000000000000000        1.3333333333333333        6.4163202510718852E-003
   2.0000000000000000        1.6666666666666665        1.1004911948078150E-002
   2.0000000000000000        2.0000000000000000        9.2230739618686629E-003
   2.0000000000000000        2.3333333333333330        1.9053217370266697E-002
   2.0000000000000000        2.6666666666666665        2.0864121770952641E-002
   2.0000000000000000        3.0000000000000000        3.3059264109464158E-002
   2.0000000000000000        3.3333333333333330        3.9011854556111836E-002
   2.0000000000000000        3.6666666666666665        4.3433916037197699E-002
   2.0000000000000000        4.0000000000000000        7.2958262637240354E-002
   2.0000000000000000        4.3333333333333330        7.0364986428777615E-002
   2.0000000000000000        4.6666666666666661        4.5476955844536926E-002
   2.0000000000000000        5.0000000000000000        3.7574720968053969E-002
   2.0000000000000000        5.3333333333333330        0.0000000000000000     
   2.0000000000000000        5.6666666666666661       0.17586189166395241     
   2.0000000000000000        6.0000000000000000       0.12349617501635751     
   2.0000000000000000        6.3333333333333330       0.11833797858151170     
   2.0000000000000000        6.6666666666666661       0.11631982363734145     
   2.0000000000000000        7.0000000000000000       0.11126434297986335     
   2.0000000000000000        7.3333333333333330        3.8605930207073545E-003
   2.0000000000000000        7.6666666666666661        4.4421499273957421E-003
   2.0000000000000000        8.0000000000000000        3.3011023039827635E-002
   2.0000000000000000        8.3333333333333321        1.9788597710479798E-002
   2.0000000000000000        8.6666666666666661        1.2550228593598774E-002
   2.0000000000000000        9.0000000000000000        8.2989169031751145E-003
   2.0000000000000000        9.3333333333333321        5.7540584085461451E-003
   2.0000000000000000        9.6666666666666661        1.1058794252252063E-003
   2.0000000000000000        10.000000000000000        0.0000000000000000     
 
   2.3333333333333330        0.0000000000000000        0.0000000000000000     
   2.3333333333333330       0.33333333333333331        2.4996090889809835E-003
   2.3333333333333330       0.66666666666666663        4.9639397536275619E-003
   2.3333333333333330        1.0000000000000000        7.0813613420999191E-003
   2.3333333333333330        1.3333333333333333        1.9601683331745504E-002
   2.3333333333333330        1.6666666666666665        2.0202372404089723E-002
   2.3333333333333330        2.0000000000000000        4.2520131567779153E-002
   2.3333333333333330        2.3333333333333330        5.2850069362127230E-002
   2.3333333333333330        2.6666666666666665        5.2212851443034648E-002
   2.3333333333333330        3.0000000000000000        4.5701650917485688E-002
   2.3333333333333330        3.3333333333333330        5.4749583660249131E-002
   2.3333333333333330        3.6666666666666665        6.4470903666287369E-002
   2.3333333333333330        4.0000000000000000        7.7502363204165731E-002
   2.3333333333333330        4.3333333333333330        9.9416596371369209E-002
   2.3333333333333330        4.6666666666666661       0.19236952483495953     
   2.3333333333333330        5.0000000000000000       0.23823014632611630     
   2.3333333333333330        5.3333333333333330       0.25237665146664745     
   2.3333333333333330        5.6666666666666661       0.23196178550066784     
   2.3333333333333330        6.0000000000000000       0.18843843471098595     
   2.3333333333333330        6.3333333333333330       0.15309522386992766     
   2.3333333333333330        6.6666666666666661       0.15693600833398838     
   2.3333333333333330        7.0000000000000000       0.14567742399405911     
   2.3333333333333330        7.3333333333333330       0.15627933776061537     
   2.3333333333333330        7.6666666666666661        9.0287482182779016E-002
   2.3333333333333330        8.0000000000000000        4.8390115144304573E-002
   2.3333333333333330        8.3333333333333321        2.4558120671880724E-002
   2.3333333333333330        8.6666666666666661        1.4555798544436439E-002
   2.3333333333333330        9.0000000000000000        9.3896778864906039E-003
   2.3333333333333330        9.3333333333333321        5.7017332674818436E-003
   2.3333333333333330        9.6666666666666661        2.3420418320497533E-003
   2.3333333333333330        10.000000000000000        0.0000000000000000     
 
   2.6666666666666665        0.0000000000000000        0.0000000000000000     
   2.6666666666666665       0.33333333333333331        3.5884344686148272E-003
   2.6666666666666665       0.66666666666666663        7.4154116895319491E-003
   2.6666666666666665        1.0000000000000000        1.2070568880426010E-002
   2.6666666666666665        1.3333333333333333        2.0564586286044628E-002
   2.6666666666666665        1.6666666666666665        3.1564378376513762E-002
   2.6666666666666665        2.0000000000000000        4.5282668665360952E-002
   2.6666666666666665        2.3333333333333330        5.5981286928613906E-002
   2.6666666666666665        2.6666666666666665        6.1787153623196242E-002
   2.6666666666666665        3.0000000000000000        8.1815785229829810E-002
   2.6666666666666665        3.3333333333333330        7.2959456280965534E-002
   2.6666666666666665        3.6666666666666665        8.5683807928078309E-002
   2.6666666666666665        4.0000000000000000       0.14911324422008568     
   2.6666666666666665        4.3333333333333330       0.15514187311742419     
   2.6666666666666665        4.6666666666666661       0.19807509685479882     
   2.6666666666666665        5.0000000000000000       0.24244593377472728     
   2.6666666666666665        5.3333333333333330       0.27526363417173205     
   2.6666666666666665        5.6666666666666661       0.27039038723022818     
   2.6666666666666665        6.0000000000000000       0.22787867680514864     
   2.6666666666666665        6.3333333333333330       0.25853647466975527     
   2.6666666666666665        6.6666666666666661       0.21688427329538396     
   2.6666666666666665        7.0000000000000000       0.17339770638032803     
   2.6666666666666665        7.3333333333333330       0.16204584844577416     
   2.6666666666666665        7.6666666666666661       0.13614091002306467     
   2.6666666666666665        8.0000000000000000        1.5748655973347504E-002
   2.6666666666666665        8.3333333333333321        1.7263677614090769E-002
   2.6666666666666665        8.6666666666666661        1.3002816948891839E-002
   2.6666666666666665        9.0000000000000000        9.9426934309906657E-003
   2.6666666666666665        9.3333333333333321        5.9398801764932990E-003
   2.6666666666666665        9.6666666666666661        2.8250007023772291E-003
   2.6666666666666665        10.000000000000000        0.0000000000000000     
 
   3.0000000000000000        0.0000000000000000        0.0000000000000000     
   3.0000000000000000       0.33333333333333331        4.7519487582612348E-003
   3.0000000000000000       0.66666666666666663        9.6668847151033747E-003
   3.0000000000000000        1.0000000000000000        1.4194337677319783E-002
   3.0000000000000000        1.3333333333333333        3.8061384702101866E-002
   3.0000000000000000        1.6666666666666665        4.2269526104034678E-002
   3.0000000000000000        2.0000000000000000        5.3726028898425246E-002
   3.0000000000000000        2.3333333333333330        6.6996577713978281E-002
   3.0000000000000000        2.6666666666666665        8.0252800485189679E-002
   3.0000000000000000        3.0000000000000000        9.4030568657864994E-002
   3.0000000000000000        3.3333333333333330       0.13327389678618562     
   3.0000000000000000        3.6666666666666665       0.12303205993987311     
   3.0000000000000000        4.0000000000000000       0.17325599556653670     
   3.0000000000000000        4.3333333333333330       0.17941370781646598     
   3.0000000000000000        4.6666666666666661       0.20731309096863518     
   3.0000000000000000        5.0000000000000000       0.26161379011489572     
   3.0000000000000000        5.3333333333333330       0.33730098107605339     
   3.0000000000000000        5.6666666666666661       0.34777869739300871     
   3.0000000000000000        6.0000000000000000       0.36580010103755556     
   3.0000000000000000        6.3333333333333330       0.30201134640232502     
   3.0000000000000000        6.6666666666666661       0.28161392840460425     
   3.0000000000000000        7.0000000000000000       0.21782749911550603     
   3.0000000000000000        7.3333333333333330       0.18740901563434076     
   3.0000000000000000        7.6666666666666661       0.16092571321378737     
   3.0000000000000000        8.0000000000000000       0.11725408317556338     
   3.0000000000000000        8.3333333333333321        1.0309364850759700E-002
   3.0000000000000000        8.6666666666666661        1.1513250972218159E-002
   3.0000000000000000        9.0000000000000000        1.2466807555454786E-002
   3.0000000000000000        9.3333333333333321        6.2863159942882383E-003
   3.0000000000000000        9.6666666666666661        3.3332483956853448E-003
   3.0000000000000000        10.000000000000000        0.0000000000000000     
 
   3.3333333333333330        0.0000000000000000        0.0000000000000000     
   3.3333333333333330       0.33333333333333331        6.1378804506309979E-003
   3.3333333333333330       0.66666666666666663        1.3063753947631747E-002
   3.3333333333333330        1.0000000000000000        2.1911181249519435E-002
   3.3333333333333330        1.3333333333333333        3.6161403290980013E-002
   3.3333333333333330        1.6666666666666665        4.8139036232680114E-002
   3.3333333333333330        2.0000000000000000        6.3070899197982463E-002
   3.3333333333333330        2.3333333333333330        8.0963918056853545E-002
   3.3333333333333330        2.6666666666666665       0.10123427984101130     
   3.3333333333333330        3.0000000000000000       0.12313623580927793     
   3.3333333333333330        3.3333333333333330       0.14656129731812362     
   3.3333333333333330        3.6666666666666665       0.15328131785668181     
   3.3333333333333330        4.0000000000000000       0.19026000546732466     
   3.3333333333333330        4.3333333333333330       0.18742320667488049     
   3.3333333333333330        4.6666666666666661       0.19478173783032965     
   3.3333333333333330        5.0000000000000000       0.52397420134975359     
   3.3333333333333330        5.3333333333333330       0.46251453953246857     
   3.3333333333333330        5.6666666666666661       0.43298729381229017     
   3.3333333333333330        6.0000000000000000       0.42619373638897534     
   3.3333333333333330        6.3333333333333330       0.38174845524609513     
   3.3333333333333330        6.6666666666666661       0.32654694593540462     
   3.3333333333333330        7.0000000000000000       0.25187903669601819     
   3.3333333333333330        7.3333333333333330       0.21330040500705863     
   3.3333333333333330        7.6666666666666661       0.16414342346002805     
   3.3333333333333330        8.0000000000000000       0.12298358286765967     
   3.3333333333333330        8.3333333333333321        5.6024242992647751E-002
   3.3333333333333330        8.6666666666666661        2.5123098361054013E-002
   3.3333333333333330        9.0000000000000000        1.7216961043901753E-002
   3.3333333333333330        9.3333333333333321        9.8868658109348938E-003
   3.3333333333333330        9.6666666666666661        4.5749467623850482E-003
   3.3333333333333330        10.000000000000000        0.0000000000000000     
 
   3.6666666666666665        0.0000000000000000        0.0000000000000000     
   3.6666666666666665       0.33333333333333331        7.2003569020955109E-003
   3.6666666666666665       0.66666666666666663        1.5477701561841032E-002
   3.6666666666666665        1.0000000000000000        2.5667607127833867E-002
   3.6666666666666665        1.3333333333333333        3.8640715695857419E-002
   3.6666666666666665        1.6666666666666665        5.3511588572457781E-002
   3.6666666666666665        2.0000000000000000        7.2159726302837873E-002
   3.6666666666666665        2.3333333333333330        9.5373921437832410E-002
   3.6666666666666665        2.6666666666666665       0.12337389430830382     
   3.6666666666666665        3.0000000000000000       0.15339991246636170     
   3.6666666666666665        3.3333333333333330       0.17913602103062642     
   3.6666666666666665        3.6666666666666665       0.19288825910665233     
   3.6666666666666665        4.0000000000000000       0.19749104501764031     
   3.6666666666666665        4.3333333333333330       0.19026000546732466     
   3.6666666666666665        4.6666666666666661       0.63110705009315282     
   3.6666666666666665        5.0000000000000000       0.57247560932340902     
   3.6666666666666665        5.3333333333333330       0.54616951600830688     
   3.6666666666666665        5.6666666666666661       0.48773831906130355     
   3.6666666666666665        6.0000000000000000       0.47255321447072929     
   3.6666666666666665        6.3333333333333330       0.43214812897840382     
   3.6666666666666665        6.6666666666666661       0.38918091717970305     
   3.6666666666666665        7.0000000000000000       0.29540994908307616     
   3.6666666666666665        7.3333333333333330       0.25330053500856681     
   3.6666666666666665        7.6666666666666661        8.7738705286435043E-002
   3.6666666666666665        8.0000000000000000        9.2801040252321540E-002
   3.6666666666666665        8.3333333333333321        6.0038263412653510E-002
   3.6666666666666665        8.6666666666666661        3.5153830115580716E-002
   3.6666666666666665        9.0000000000000000        2.2954151406110297E-002
   3.6666666666666665        9.3333333333333321        1.2416883375376518E-002
   3.6666666666666665        9.6666666666666661        5.5347774838269840E-003
   3.6666666666666665        10.000000000000000        0.0000000000000000     
 
   4.0000000000000000        0.0000000000000000        0.0000000000000000     
   4.0000000000000000       0.33333333333333331        7.7091295602164378E-003
   4.0000000000000000       0.66666666666666663        1.7043035557831172E-002
   4.0000000000000000        1.0000000000000000        2.8249661430247479E-002
   4.0000000000000000        1.3333333333333333        4.1347520144421814E-002
   4.0000000000000000        1.6666666666666665        5.7579963032169779E-002
   4.0000000000000000        2.0000000000000000        7.9332888743235228E-002
   4.0000000000000000        2.3333333333333330       0.10761951064533554     
   4.0000000000000000        2.6666666666666665       0.14583519586151270     
   4.0000000000000000        3.0000000000000000       0.18987621687756170     
   4.0000000000000000        3.3333333333333330       0.22529498822274613     
   4.0000000000000000        3.6666666666666665       0.24345504754521352     
   4.0000000000000000        4.0000000000000000       0.21971482926665170     
   4.0000000000000000        4.3333333333333330       0.68722047766280359     
   4.0000000000000000        4.6666666666666661       0.67029929768246421     
   4.0000000000000000        5.0000000000000000       0.69133694549210101     
   4.0000000000000000        5.3333333333333330       0.64617852505992091     
   4.0000000000000000        5.6666666666666661       0.59281538382736265     
   4.0000000000000000        6.0000000000000000       0.53333468373742099     
   4.0000000000000000        6.3333333333333330       0.47691511613184728     
   4.0000000000000000        6.6666666666666661       0.40340232630050155     
   4.0000000000000000        7.0000000000000000       0.33745154372247993     
   4.0000000000000000        7.3333333333333330       0.20315456595003545     
   4.0000000000000000        7.6666666666666661       0.12138272009653772     
   4.0000000000000000        8.0000000000000000       0.10518838504324031     
   4.0000000000000000        8.3333333333333321        6.9204168529788029E-002
   4.0000000000000000        8.6666666666666661        3.6189823774902381E-002
   4.0000000000000000        9.0000000000000000        2.8927414581349370E-002
   4.0000000000000000        9.3333333333333321        1.0377364105581693E-002
   4.0000000000000000        9.6666666666666661        5.6688720026653342E-003
   4.0000000000000000        10.000000000000000        0.0000000000000000     
 
   4.3333333333333330        0.0000000000000000        0.0000000000000000     
   4.3333333333333330       0.33333333333333331        7.1431384010408674E-003
   4.3333333333333330       0.66666666666666663        1.7886314525980374E-002
   4.3333333333333330        1.0000000000000000        3.0681091549357695E-002
   4.3333333333333330        1.3333333333333333        4.3128408849104745E-002
   4.3333333333333330        1.6666666666666665        5.8636915837961372E-002
   4.3333333333333330        2.0000000000000000        8.2570774897201521E-002
   4.3333333333333330        2.3333333333333330       0.11234551035070869     
   4.3333333333333330        2.6666666666666665       0.16422340342715014     
   4.3333333333333330        3.0000000000000000       0.23569786407165630     
   4.3333333333333330        3.3333333333333330       0.28843889644769655     
   4.3333333333333330        3.6666666666666665       0.33537094755045410     
   4.3333333333333330        4.0000000000000000       0.65615044756813423     
   4.3333333333333330        4.3333333333333330       0.67973018810748920     
   4.3333333333333330        4.6666666666666661       0.72227271743779609     
   4.3333333333333330        5.0000000000000000       0.70717204889701768     
   4.3333333333333330        5.3333333333333330       0.67592272383300545     
   4.3333333333333330        5.6666666666666661       0.63126957476997547     
   4.3333333333333330        6.0000000000000000       0.57501042170417571     
   4.3333333333333330        6.3333333333333330       0.52700613460307022     
   4.3333333333333330        6.6666666666666661       0.38633786390853730     
   4.3333333333333330        7.0000000000000000       0.31063255739933060     
   4.3333333333333330        7.3333333333333330       0.20566612625158051     
   4.3333333333333330        7.6666666666666661       0.14183300947805599     
   4.3333333333333330        8.0000000000000000       0.10584650545328965     
   4.3333333333333330        8.3333333333333321        7.3076415697851616E-002
   4.3333333333333330        8.6666666666666661        4.6022780298183241E-002
   4.3333333333333330        9.0000000000000000        2.9856862718795410E-002
   4.3333333333333330        9.3333333333333321        1.5971322704976452E-002
   4.3333333333333330        9.6666666666666661        7.2680864419792084E-003
   4.3333333333333330        10.000000000000000        0.0000000000000000     
 
   4.6666666666666661        0.0000000000000000        0.0000000000000000     
   4.6666666666666661       0.33333333333333331        3.4864891833764696E-003
   4.6666666666666661       0.66666666666666663        3.2992910898920855E-002
   4.6666666666666661        1.0000000000000000        3.5382372046797651E-002
   4.6666666666666661        1.3333333333333333        4.4194578536375546E-002
   4.6666666666666661        1.6666666666666665        5.3861044892531129E-002
   4.6666666666666661        2.0000000000000000        8.8085170543161853E-002
   4.6666666666666661        2.3333333333333330        9.7355770546659517E-002
   4.6666666666666661        2.6666666666666665       0.30133446293255783     
   4.6666666666666661        3.0000000000000000       0.29941219218095977     
   4.6666666666666661        3.3333333333333330       0.35422933418363600     
   4.6666666666666661        3.6666666666666665       0.46868184963121817     
   4.6666666666666661        4.0000000000000000       0.60831294812402115     
   4.6666666666666661        4.3333333333333330       0.67038065732648111     
   4.6666666666666661        4.6666666666666661       0.70542088935952729     
   4.6666666666666661        5.0000000000000000       0.70836469573504679     
   4.6666666666666661        5.3333333333333330       0.69094555320175821     
   4.6666666666666661        5.6666666666666661       0.65690069524823158     
   4.6666666666666661        6.0000000000000000       0.58875417609083525     
   4.6666666666666661        6.3333333333333330       0.51330646671824987     
   4.6666666666666661        6.6666666666666661       0.45534051819137644     
   4.6666666666666661        7.0000000000000000       0.16491498589807302     
   4.6666666666666661        7.3333333333333330       0.16894826731521465     
   4.6666666666666661        7.6666666666666661       0.13805240207552139     
   4.6666666666666661        8.0000000000000000       0.10730022293645787     
   4.6666666666666661        8.3333333333333321        7.4868336247398942E-002
   4.6666666666666661        8.6666666666666661        4.7803352351303570E-002
   4.6666666666666661        9.0000000000000000        3.0634813882816463E-002
   4.6666666666666661        9.3333333333333321        1.7635553998479263E-002
   4.6666666666666661        9.6666666666666661        8.0388267789388880E-003
   4.6666666666666661        10.000000000000000        0.0000000000000000     
 
   5.0000000000000000        0.0000000000000000        0.0000000000000000     
   5.0000000000000000       0.33333333333333331        3.5797457992941023E-003
   5.0000000000000000       0.66666666666666663        2.8624163125560792E-002
   5.0000000000000000        1.0000000000000000        3.5976361346057077E-002
   5.0000000000000000        1.3333333333333333        4.6949280003414910E-002
   5.0000000000000000        1.6666666666666665        6.1494956457245682E-002
   5.0000000000000000        2.0000000000000000        8.2074588879725324E-002
   5.0000000000000000        2.3333333333333330        9.4675377819584239E-002
   5.0000000000000000        2.6666666666666665       0.30440068807714155     
   5.0000000000000000        3.0000000000000000       0.30393320603836932     
   5.0000000000000000        3.3333333333333330       0.58250540827785557     
   5.0000000000000000        3.6666666666666665       0.56396222023635101     
   5.0000000000000000        4.0000000000000000       0.61652847738720795     
   5.0000000000000000        4.3333333333333330       0.66200298749259057     
   5.0000000000000000        4.6666666666666661       0.69067958403591589     
   5.0000000000000000        5.0000000000000000       0.69914018004911427     
   5.0000000000000000        5.3333333333333330       0.69302015760910551     
   5.0000000000000000        5.6666666666666661       0.68982511661723711     
   5.0000000000000000        6.0000000000000000       0.46983721558397340     
   5.0000000000000000        6.3333333333333330       0.46708756908589427     
   5.0000000000000000        6.6666666666666661       0.32474554572766012     
   5.0000000000000000        7.0000000000000000       0.20073932326014718     
   5.0000000000000000        7.3333333333333330       0.17056583354240645     
   5.0000000000000000        7.6666666666666661       0.13795546926309563     
   5.0000000000000000        8.0000000000000000       0.11439006822513985     
   5.0000000000000000        8.3333333333333321        5.0991513730079582E-002
   5.0000000000000000        8.6666666666666661        4.2558612465281205E-002
   5.0000000000000000        9.0000000000000000        2.9381299911440402E-002
   5.0000000000000000        9.3333333333333321        1.7256254404200540E-002
   5.0000000000000000        9.6666666666666661        7.9102156467913531E-003
   5.0000000000000000        10.000000000000000        0.0000000000000000     
 
   5.3333333333333330        0.0000000000000000        0.0000000000000000     
   5.3333333333333330       0.33333333333333331        7.5265533104988567E-003
   5.3333333333333330       0.66666666666666663        2.3269759389816028E-002
   5.3333333333333330        1.0000000000000000        3.5266788784448139E-002
   5.3333333333333330        1.3333333333333333        4.8772802677911176E-002
   5.3333333333333330        1.6666666666666665        6.6029613439503712E-002
   5.3333333333333330        2.0000000000000000        8.7235051633581348E-002
   5.3333333333333330        2.3333333333333330       0.10776465719504147     
   5.3333333333333330        2.6666666666666665       0.26920295385338761     
   5.3333333333333330        3.0000000000000000       0.30668315305400479     
   5.3333333333333330        3.3333333333333330       0.53911599863920612     
   5.3333333333333330        3.6666666666666665       0.57053083877322541     
   5.3333333333333330        4.0000000000000000       0.61038721526801121     
   5.3333333333333330        4.3333333333333330       0.64513828672364537     
   5.3333333333333330        4.6666666666666661       0.66777142052151994     
   5.3333333333333330        5.0000000000000000       0.67471267075096508     
   5.3333333333333330        5.3333333333333330       0.66243830482356669     
   5.3333333333333330        5.6666666666666661       0.49613307442955096     
   5.3333333333333330        6.0000000000000000       0.46120301741472991     
   5.3333333333333330        6.3333333333333330       0.40663003237937423     
   5.3333333333333330        6.6666666666666661       0.32252656106135785     
   5.3333333333333330        7.0000000000000000       0.23338233226018093     
   5.3333333333333330        7.3333333333333330       0.17791109760641047     
   5.3333333333333330        7.6666666666666661       0.13265357306730377     
   5.3333333333333330        8.0000000000000000       0.10193312244813071     
   5.3333333333333330        8.3333333333333321        6.2585836965402500E-002
   5.3333333333333330        8.6666666666666661        4.4849888648935521E-002
   5.3333333333333330        9.0000000000000000        2.9190597974589051E-002
   5.3333333333333330        9.3333333333333321        1.5449132875471136E-002
   5.3333333333333330        9.6666666666666661        7.0009436482041908E-003
   5.3333333333333330        10.000000000000000        0.0000000000000000     
 
   5.6666666666666661        0.0000000000000000        0.0000000000000000     
   5.6666666666666661       0.33333333333333331        3.8074282761446881E-003
   5.6666666666666661       0.66666666666666663        8.7042204610273659E-003
   5.6666666666666661        1.0000000000000000        3.2646167307915468E-002
   5.6666666666666661        1.3333333333333333        4.9480123802326623E-002
   5.6666666666666661        1.6666666666666665        6.9585136027971450E-002
   5.6666666666666661        2.0000000000000000        9.6209271314497025E-002
   5.6666666666666661        2.3333333333333330       0.14435537143299584     
   5.6666666666666661        2.6666666666666665       0.23137141067452696     
   5.6666666666666661        3.0000000000000000       0.34525780689502583     
   5.6666666666666661        3.3333333333333330       0.49379556692763260     
   5.6666666666666661        3.6666666666666665       0.55201288639009993     
   5.6666666666666661        4.0000000000000000       0.58936425613087762     
   5.6666666666666661        4.3333333333333330       0.61712001121564497     
   5.6666666666666661        4.6666666666666661       0.63462866609016189     
   5.6666666666666661        5.0000000000000000       0.64211918015167024     
   5.6666666666666661        5.3333333333333330       0.59265206591198882     
   5.6666666666666661        5.6666666666666661       0.51742532354546633     
   5.6666666666666661        6.0000000000000000       0.37168981218007596     
   5.6666666666666661        6.3333333333333330       0.36798381957675846     
   5.6666666666666661        6.6666666666666661       0.24239811171876380     
   5.6666666666666661        7.0000000000000000       0.17296341830225756     
   5.6666666666666661        7.3333333333333330       0.12037087807481898     
   5.6666666666666661        7.6666666666666661       0.11653549376794865     
   5.6666666666666661        8.0000000000000000        6.1340823317687233E-002
   5.6666666666666661        8.3333333333333321        5.5947728446313044E-002
   5.6666666666666661        8.6666666666666661        4.7963833037510673E-002
   5.6666666666666661        9.0000000000000000        8.7132791352902538E-003
   5.6666666666666661        9.3333333333333321        9.5905389750445113E-003
   5.6666666666666661        9.6666666666666661        5.2428496260193188E-003
   5.6666666666666661        10.000000000000000        0.0000000000000000     
 
   6.0000000000000000        0.0000000000000000        0.0000000000000000     
   6.0000000000000000       0.33333333333333331        4.1997800943470937E-003
   6.0000000000000000       0.66666666666666663        9.4737213970009695E-003
   6.0000000000000000        1.0000000000000000        1.7757673374059726E-002
   6.0000000000000000        1.3333333333333333        0.0000000000000000     
   6.0000000000000000        1.6666666666666665        8.2640428128215634E-002
   6.0000000000000000        2.0000000000000000        8.6803432384584350E-002
   6.0000000000000000        2.3333333333333330       0.13820937071013964     
   6.0000000000000000        2.6666666666666665       0.16700736517349016     
   6.0000000000000000        3.0000000000000000       0.53875356221014981     
   6.0000000000000000        3.3333333333333330       0.52792669188557828     
   6.0000000000000000        3.6666666666666665       0.53996167006851570     
   6.0000000000000000        4.0000000000000000       0.56052657433980502     
   6.0000000000000000        4.3333333333333330       0.57916705730574891     
   6.0000000000000000        4.6666666666666661       0.58903321315406720     
   6.0000000000000000        5.0000000000000000       0.52593302939888387     
   6.0000000000000000        5.3333333333333330       0.52747733879942205     
   6.0000000000000000        5.6666666666666661       0.44788847339034116     
   6.0000000000000000        6.0000000000000000       0.36964237696236119     
   6.0000000000000000        6.3333333333333330       0.32004792471173837     
   6.0000000000000000        6.6666666666666661       0.24288428787385327     
   6.0000000000000000        7.0000000000000000       0.17568051437871909     
   6.0000000000000000        7.3333333333333330       0.12802129787276481     
   6.0000000000000000        7.6666666666666661       0.10045529114096649     
   6.0000000000000000        8.0000000000000000        7.0326410687776661E-002
   6.0000000000000000        8.3333333333333321        5.5324589558333734E-002
   6.0000000000000000        8.6666666666666661        4.6286588363956604E-002
   6.0000000000000000        9.0000000000000000        1.4465150506685578E-002
   6.0000000000000000        9.3333333333333321        9.8397116999476009E-003
   6.0000000000000000        9.6666666666666661        4.8679032691186907E-003
   6.0000000000000000        10.000000000000000        0.0000000000000000     
 
   6.3333333333333330        0.0000000000000000        0.0000000000000000     
   6.3333333333333330       0.33333333333333331        3.8733091099760393E-003
   6.3333333333333330       0.66666666666666663        7.9984185896005110E-003
   6.3333333333333330        1.0000000000000000        1.2392470896786401E-002
   6.3333333333333330        1.3333333333333333        3.5641113680226148E-002
   6.3333333333333330        1.6666666666666665        6.9521716394324307E-002
   6.3333333333333330        2.0000000000000000        8.5456112924993444E-002
   6.3333333333333330        2.3333333333333330       0.11313364556733192     
   6.3333333333333330        2.6666666666666665       0.13429250551280228     
   6.3333333333333330        3.0000000000000000       0.14629169050224525     
   6.3333333333333330        3.3333333333333330       0.51583174699638634     
   6.3333333333333330        3.6666666666666665       0.50706016420300137     
   6.3333333333333330        4.0000000000000000       0.51932883897509741     
   6.3333333333333330        4.3333333333333330       0.53366750870011814     
   6.3333333333333330        4.6666666666666661       0.53557876159228668     
   6.3333333333333330        5.0000000000000000       0.50972499352631340     
   6.3333333333333330        5.3333333333333330       0.36045241365347674     
   6.3333333333333330        5.6666666666666661       0.36599781644622531     
   6.3333333333333330        6.0000000000000000       0.33286185652572065     
   6.3333333333333330        6.3333333333333330       0.29621858060097339     
   6.3333333333333330        6.6666666666666661       0.23335131484441760     
   6.3333333333333330        7.0000000000000000       0.16105067753867278     
   6.3333333333333330        7.3333333333333330       0.11891774853446302     
   6.3333333333333330        7.6666666666666661        9.0607871138622800E-002
   6.3333333333333330        8.0000000000000000        6.7764888684872709E-002
   6.3333333333333330        8.3333333333333321        5.2108152126633736E-002
   6.3333333333333330        8.6666666666666661        3.8697293584747217E-002
   6.3333333333333330        9.0000000000000000        2.0394962554305288E-002
   6.3333333333333330        9.3333333333333321        1.1355828817984404E-002
   6.3333333333333330        9.6666666666666661        4.8581078161215978E-003
   6.3333333333333330        10.000000000000000        0.0000000000000000     
 
   6.6666666666666661        0.0000000000000000        0.0000000000000000     
   6.6666666666666661       0.33333333333333331        3.6432905328001373E-003
   6.6666666666666661       0.66666666666666663        6.9398066697024651E-003
   6.6666666666666661        1.0000000000000000        2.8913978239162301E-002
   6.6666666666666661        1.3333333333333333        3.8682969457711269E-002
   6.6666666666666661        1.6666666666666665        5.7583194500855431E-002
   6.6666666666666661        2.0000000000000000        7.6472192132539682E-002
   6.6666666666666661        2.3333333333333330        9.8728164478922978E-002
   6.6666666666666661        2.6666666666666665       0.12675195044933296     
   6.6666666666666661        3.0000000000000000       0.15183057255588814     
   6.6666666666666661        3.3333333333333330       0.35324487015915657     
   6.6666666666666661        3.6666666666666665       0.44379915653510044     
   6.6666666666666661        4.0000000000000000       0.46531716472066836     
   6.6666666666666661        4.3333333333333330       0.48819971945511975     
   6.6666666666666661        4.6666666666666661       0.49646854101935817     
   6.6666666666666661        5.0000000000000000       0.45507059046735288     
   6.6666666666666661        5.3333333333333330       0.34975058291725153     
   6.6666666666666661        5.6666666666666661       0.31689367774004484     
   6.6666666666666661        6.0000000000000000       0.29544829843469345     
   6.6666666666666661        6.3333333333333330       0.15104770945126333     
   6.6666666666666661        6.6666666666666661       0.11632109970569961     
   6.6666666666666661        7.0000000000000000       0.11859171038625758     
   6.6666666666666661        7.3333333333333330        9.9269856422298297E-002
   6.6666666666666661        7.6666666666666661        7.8851577644963963E-002
   6.6666666666666661        8.0000000000000000        6.1490071669027896E-002
   6.6666666666666661        8.3333333333333321        4.9844099842885931E-002
   6.6666666666666661        8.6666666666666661        2.0682638688174812E-002
   6.6666666666666661        9.0000000000000000        1.8744412608910039E-002
   6.6666666666666661        9.3333333333333321        6.5559473286483710E-003
   6.6666666666666661        9.6666666666666661        3.6773514388197138E-003
   6.6666666666666661        10.000000000000000        0.0000000000000000     
 
   7.0000000000000000        0.0000000000000000        0.0000000000000000     
   7.0000000000000000       0.33333333333333331        4.1108513767144136E-003
   7.0000000000000000       0.66666666666666663        9.8299576571016980E-003
   7.0000000000000000        1.0000000000000000        2.1602517647373407E-002
   7.0000000000000000        1.3333333333333333        3.5606660930064413E-002
   7.0000000000000000        1.6666666666666665        4.9344665845455583E-002
   7.0000000000000000        2.0000000000000000        6.8236377068152929E-002
   7.0000000000000000        2.3333333333333330        8.2941079704166865E-002
   7.0000000000000000        2.6666666666666665       0.15517961347327647     
   7.0000000000000000        3.0000000000000000       0.18736713434394600     
   7.0000000000000000        3.3333333333333330       0.26118783676905261     
   7.0000000000000000        3.6666666666666665       0.34726320243678405     
   7.0000000000000000        4.0000000000000000       0.40288165695557399     
   7.0000000000000000        4.3333333333333330       0.44844223255831306     
   7.0000000000000000        4.6666666666666661       0.13193974119746033     
   7.0000000000000000        5.0000000000000000       0.22700622246207242     
   7.0000000000000000        5.3333333333333330       0.26201637176805798     
   7.0000000000000000        5.6666666666666661       0.25307415442715175     
   7.0000000000000000        6.0000000000000000       0.23420816927159713     
   7.0000000000000000        6.3333333333333330       0.15410479919310513     
   7.0000000000000000        6.6666666666666661       0.11767240488895356     
   7.0000000000000000        7.0000000000000000       0.10109975818444050     
   7.0000000000000000        7.3333333333333330        8.4246212749994012E-002
   7.0000000000000000        7.6666666666666661        6.7568299717846156E-002
   7.0000000000000000        8.0000000000000000        5.2856071024901967E-002
   7.0000000000000000        8.3333333333333321        3.9048345245706141E-002
   7.0000000000000000        8.6666666666666661        2.4460251655598349E-002
   7.0000000000000000        9.0000000000000000        1.6837718499802593E-002
   7.0000000000000000        9.3333333333333321        1.0117172499237426E-002
   7.0000000000000000        9.6666666666666661        1.3067697148233992E-003
   7.0000000000000000        10.000000000000000        0.0000000000000000     
 
   7.3333333333333330        0.0000000000000000        0.0000000000000000     
   7.3333333333333330       0.33333333333333331        3.3743951742361725E-003
   7.3333333333333330       0.66666666666666663        7.5880907880283947E-003
   7.3333333333333330        1.0000000000000000        1.3938336903684892E-002
   7.3333333333333330        1.3333333333333333        3.3584015423114559E-002
   7.3333333333333330        1.6666666666666665        3.9444366964747533E-002
   7.3333333333333330        2.0000000000000000        6.8275574552387877E-002
   7.3333333333333330        2.3333333333333330        8.6208074330998155E-002
   7.3333333333333330        2.6666666666666665       0.12751069580268007     
   7.3333333333333330        3.0000000000000000       0.18529662529875199     
   7.3333333333333330        3.3333333333333330       0.24497902845989789     
   7.3333333333333330        3.6666666666666665       0.29123340500091566     
   7.3333333333333330        4.0000000000000000       0.34726320243678405     
   7.3333333333333330        4.3333333333333330       0.13193974119746033     
   7.3333333333333330        4.6666666666666661       0.13596109602749556     
   7.3333333333333330        5.0000000000000000       0.19283721021160699     
   7.3333333333333330        5.3333333333333330       0.21748748055466779     
   7.3333333333333330        5.6666666666666661       0.19856223068241546     
   7.3333333333333330        6.0000000000000000       0.10813380702766348     
   7.3333333333333330        6.3333333333333330       0.11611809535922507     
   7.3333333333333330        6.6666666666666661       0.10267471340676075     
   7.3333333333333330        7.0000000000000000        8.7550245462402601E-002
   7.3333333333333330        7.3333333333333330        7.2674380922244736E-002
   7.3333333333333330        7.6666666666666661        5.7759242895748478E-002
   7.3333333333333330        8.0000000000000000        4.6453899044639778E-002
   7.3333333333333330        8.3333333333333321        3.1696040665317879E-002
   7.3333333333333330        8.6666666666666661        2.3262589450498496E-002
   7.3333333333333330        9.0000000000000000        1.5547945144674535E-002
   7.3333333333333330        9.3333333333333321        7.9514467165125082E-003
   7.3333333333333330        9.6666666666666661        2.7570291418183659E-003
   7.3333333333333330        10.000000000000000        0.0000000000000000     
 
   7.6666666666666661        0.0000000000000000        0.0000000000000000     
   7.6666666666666661       0.33333333333333331        2.1462432950776120E-003
   7.6666666666666661       0.66666666666666663        3.9616717905021264E-003
   7.6666666666666661        1.0000000000000000        2.7927389802478157E-002
   7.6666666666666661        1.3333333333333333        3.0886976139788389E-002
   7.6666666666666661        1.6666666666666665        3.8730367445650900E-002
   7.6666666666666661        2.0000000000000000        5.4515897576929449E-002
   7.6666666666666661        2.3333333333333330        7.0457016442262682E-002
   7.6666666666666661        2.6666666666666665        8.7785720997377609E-002
   7.6666666666666661        3.0000000000000000        7.4865881852678076E-002
   7.6666666666666661        3.3333333333333330       0.16602273320450264     
   7.6666666666666661        3.6666666666666665       0.22696683214234320     
   7.6666666666666661        4.0000000000000000        3.1999207952974625E-002
   7.6666666666666661        4.3333333333333330        7.1999168197384625E-002
   7.6666666666666661        4.6666666666666661        9.0678467648104402E-002
   7.6666666666666661        5.0000000000000000        5.5536861825031203E-002
   7.6666666666666661        5.3333333333333330       0.12309507470909593     
   7.6666666666666661        5.6666666666666661       0.12632732781841327     
   7.6666666666666661        6.0000000000000000       0.10383608760170618     
   7.6666666666666661        6.3333333333333330       0.10311141003704472     
   7.6666666666666661        6.6666666666666661        9.3143164977322973E-002
   7.6666666666666661        7.0000000000000000        7.7578079159134172E-002
   7.6666666666666661        7.3333333333333330        6.4767255338389895E-002
   7.6666666666666661        7.6666666666666661        4.7611575966359364E-002
   7.6666666666666661        8.0000000000000000        1.7613232488788794E-002
   7.6666666666666661        8.3333333333333321        2.0350674859950645E-002
   7.6666666666666661        8.6666666666666661        7.2682935567455918E-003
   7.6666666666666661        9.0000000000000000        4.0829855864657118E-003
   7.6666666666666661        9.3333333333333321        4.1717093484033947E-003
   7.6666666666666661        9.6666666666666661        2.0603618559296424E-003
   7.6666666666666661        10.000000000000000        0.0000000000000000     
 
   8.0000000000000000        0.0000000000000000        0.0000000000000000     
   8.0000000000000000       0.33333333333333331        1.4877386280824243E-003
   8.0000000000000000       0.66666666666666663        2.5821480685283317E-003
   8.0000000000000000        1.0000000000000000        2.3704191386260273E-002
   8.0000000000000000        1.3333333333333333        2.6326615156432441E-002
   8.0000000000000000        1.6666666666666665        3.3375767208797757E-002
   8.0000000000000000        2.0000000000000000        4.4417420816071758E-002
   8.0000000000000000        2.3333333333333330        5.7509310059747618E-002
   8.0000000000000000        2.6666666666666665        6.9807558484592636E-002
   8.0000000000000000        3.0000000000000000        7.9746085556767571E-002
   8.0000000000000000        3.3333333333333330       0.10939486274633813     
   8.0000000000000000        3.6666666666666665        3.1999207952974625E-002
   8.0000000000000000        4.0000000000000000        3.4688394744373359E-002
   8.0000000000000000        4.3333333333333330        5.7033853594745332E-002
   8.0000000000000000        4.6666666666666661        6.7858579793671464E-002
   8.0000000000000000        5.0000000000000000        5.9677450228744357E-002
   8.0000000000000000        5.3333333333333330        6.6276801233806401E-002
   8.0000000000000000        5.6666666666666661        8.2666098386490861E-002
   8.0000000000000000        6.0000000000000000        8.1249862834058259E-002
   8.0000000000000000        6.3333333333333330        0.0000000000000000     
   8.0000000000000000        6.6666666666666661        6.4356484146171816E-002
   8.0000000000000000        7.0000000000000000        6.8815700305202621E-002
   8.0000000000000000        7.3333333333333330        1.6729876684056861E-002
   8.0000000000000000        7.6666666666666661        2.3221061389436897E-002
   8.0000000000000000        8.0000000000000000        1.6488479787874429E-002
   8.0000000000000000        8.3333333333333321        1.3488611007461779E-002
   8.0000000000000000        8.6666666666666661        8.1200825523066681E-003
   8.0000000000000000        9.0000000000000000        4.4871449970233799E-003
   8.0000000000000000        9.3333333333333321        3.0611766203116043E-003
   8.0000000000000000        9.6666666666666661        1.5486341160864054E-003
   8.0000000000000000        10.000000000000000        0.0000000000000000     
 
   8.3333333333333321        0.0000000000000000        0.0000000000000000     
   8.3333333333333321       0.33333333333333331        1.4047334377641941E-003
   8.3333333333333321       0.66666666666666663        2.6100985333986455E-003
   8.3333333333333321        1.0000000000000000        1.3986307083538770E-002
   8.3333333333333321        1.3333333333333333        2.0031755520375415E-002
   8.3333333333333321        1.6666666666666665        2.7058128725135074E-002
   8.3333333333333321        2.0000000000000000        3.5769680440041737E-002
   8.3333333333333321        2.3333333333333330        4.9346785277365239E-002
   8.3333333333333321        2.6666666666666665        5.8554619361862702E-002
   8.3333333333333321        3.0000000000000000        6.9591968192679599E-002
   8.3333333333333321        3.3333333333333330        8.7119151995087338E-002
   8.3333333333333321        3.6666666666666665        1.8582901096089666E-002
   8.3333333333333321        4.0000000000000000        2.0394904529426012E-002
   8.3333333333333321        4.3333333333333330        5.7028679265635675E-003
   8.3333333333333321        4.6666666666666661        4.4509517440766066E-003
   8.3333333333333321        5.0000000000000000        4.9926659343064242E-002
   8.3333333333333321        5.3333333333333330        5.3049406160025764E-002
   8.3333333333333321        5.6666666666666661        5.9950147307084402E-002
   8.3333333333333321        6.0000000000000000        6.0539886183761001E-002
   8.3333333333333321        6.3333333333333330        2.3913986713588683E-002
   8.3333333333333321        6.6666666666666661        0.0000000000000000     
   8.3333333333333321        7.0000000000000000        9.3411917164691813E-003
   8.3333333333333321        7.3333333333333330        1.1701683461657121E-002
   8.3333333333333321        7.6666666666666661        1.3841866672820417E-002
   8.3333333333333321        8.0000000000000000        1.3117057668692526E-002
   8.3333333333333321        8.3333333333333321        1.0283112456909970E-002
   8.3333333333333321        8.6666666666666661        3.1837261681516094E-003
   8.3333333333333321        9.0000000000000000        3.2211169013604867E-003
   8.3333333333333321        9.3333333333333321        2.4110592585203090E-003
   8.3333333333333321        9.6666666666666661        1.2647049849250807E-003
   8.3333333333333321        10.000000000000000        0.0000000000000000     
 
   8.6666666666666661        0.0000000000000000        0.0000000000000000     
   8.6666666666666661       0.33333333333333331        1.7050943842048325E-003
   8.6666666666666661       0.66666666666666663        4.1809654843635320E-003
   8.6666666666666661        1.0000000000000000        9.5580943688763232E-003
   8.6666666666666661        1.3333333333333333        1.4899053458185874E-002
   8.6666666666666661        1.6666666666666665        2.1687746568707689E-002
   8.6666666666666661        2.0000000000000000        2.5374323311973982E-002
   8.6666666666666661        2.3333333333333330        3.6974963843989489E-002
   8.6666666666666661        2.6666666666666665        4.9670719611900636E-002
   8.6666666666666661        3.0000000000000000        5.7475190252290323E-002
   8.6666666666666661        3.3333333333333330        0.0000000000000000     
   8.6666666666666661        3.6666666666666665        6.6928676831270791E-003
   8.6666666666666661        4.0000000000000000        9.7509805110328265E-003
   8.6666666666666661        4.3333333333333330        6.4612135396789902E-003
   8.6666666666666661        4.6666666666666661        5.1036950727323845E-003
   8.6666666666666661        5.0000000000000000        3.6428302197102948E-002
   8.6666666666666661        5.3333333333333330        3.9038174186458538E-002
   8.6666666666666661        5.6666666666666661        4.6559439819329508E-002
   8.6666666666666661        6.0000000000000000        4.3432382423941859E-002
   8.6666666666666661        6.3333333333333330        2.5755042350183020E-002
   8.6666666666666661        6.6666666666666661        7.4286076758146996E-003
   8.6666666666666661        7.0000000000000000        7.9764108836195644E-003
   8.6666666666666661        7.3333333333333330        8.0347476300316415E-003
   8.6666666666666661        7.6666666666666661        8.5939521681068307E-003
   8.6666666666666661        8.0000000000000000        4.2114172191401733E-003
   8.6666666666666661        8.3333333333333321        5.2937233020091826E-003
   8.6666666666666661        8.6666666666666661        3.5737601489141801E-003
   8.6666666666666661        9.0000000000000000        1.0176261755381374E-003
   8.6666666666666661        9.3333333333333321        5.6367025256405339E-004
   8.6666666666666661        9.6666666666666661        0.0000000000000000     
   8.6666666666666661        10.000000000000000        0.0000000000000000     
 
   9.0000000000000000        0.0000000000000000        0.0000000000000000     
   9.0000000000000000       0.33333333333333331        1.4601951556731522E-003
   9.0000000000000000       0.66666666666666663        3.3825213120442696E-003
   9.0000000000000000        1.0000000000000000        6.3111139185976026E-003
   9.0000000000000000        1.3333333333333333        9.9984932702560664E-003
   9.0000000000000000        1.6666666666666665        1.2807539451896360E-002
   9.0000000000000000        2.0000000000000000        2.1202177553677294E-002
   9.0000000000000000        2.3333333333333330        2.7682128063216800E-002
   9.0000000000000000        2.6666666666666665        3.4252538472919364E-004
   9.0000000000000000        3.0000000000000000        6.2029610186810141E-004
   9.0000000000000000        3.3333333333333330        2.7962912433345823E-003
   9.0000000000000000        3.6666666666666665        4.4095850754142327E-003
   9.0000000000000000        4.0000000000000000        6.4943025221862322E-003
   9.0000000000000000        4.3333333333333330        6.0938184648988373E-003
   9.0000000000000000        4.6666666666666661        5.3520184933845169E-004
   9.0000000000000000        5.0000000000000000        2.0921690033176035E-002
   9.0000000000000000        5.3333333333333330        2.2651457941817901E-002
   9.0000000000000000        5.6666666666666661        6.4138515867815330E-003
   9.0000000000000000        6.0000000000000000        8.3891095465444317E-003
   9.0000000000000000        6.3333333333333330        1.1724214391779439E-002
   9.0000000000000000        6.6666666666666661        7.6800898626813007E-003
   9.0000000000000000        7.0000000000000000        3.7027683950462019E-003
   9.0000000000000000        7.3333333333333330        4.7226688573013967E-003
   9.0000000000000000        7.6666666666666661        4.7893670719730465E-003
   9.0000000000000000        8.0000000000000000        3.6549668214276637E-003
   9.0000000000000000        8.3333333333333321        3.7275238122325650E-003
   9.0000000000000000        8.6666666666666661        2.7052481925364164E-003
   9.0000000000000000        9.0000000000000000        1.1753114144043837E-003
   9.0000000000000000        9.3333333333333321        6.5755598506534135E-004
   9.0000000000000000        9.6666666666666661        4.9460530772848650E-005
   9.0000000000000000        10.000000000000000        0.0000000000000000     
 
   9.3333333333333321        0.0000000000000000        0.0000000000000000     
   9.3333333333333321       0.33333333333333331        9.5106504965243729E-004
   9.3333333333333321       0.66666666666666663        2.0222963205516003E-003
   9.3333333333333321        1.0000000000000000        3.1001983661391314E-003
   9.3333333333333321        1.3333333333333333        3.5479698558940689E-003
   9.3333333333333321        1.6666666666666665        5.8796763636063737E-003
   9.3333333333333321        2.0000000000000000        6.1899122798461388E-004
   9.3333333333333321        2.3333333333333330        3.3160299470358812E-004
   9.3333333333333321        2.6666666666666665        3.9962662219492550E-004
   9.3333333333333321        3.0000000000000000        7.1722301930802058E-004
   9.3333333333333321        3.3333333333333330        1.5489225272337375E-003
   9.3333333333333321        3.6666666666666665        2.1978642346559630E-003
   9.3333333333333321        4.0000000000000000        0.0000000000000000     
   9.3333333333333321        4.3333333333333330        4.5746914156145782E-004
   9.3333333333333321        4.6666666666666661        6.0083707233433298E-004
   9.3333333333333321        5.0000000000000000        5.9004908392392905E-003
   9.3333333333333321        5.3333333333333330        9.7019515158551332E-003
   9.3333333333333321        5.6666666666666661        7.0839035952721969E-003
   9.3333333333333321        6.0000000000000000        5.8173095719867259E-003
   9.3333333333333321        6.3333333333333330        6.0429658187835427E-003
   9.3333333333333321        6.6666666666666661        4.6311357969594531E-003
   9.3333333333333321        7.0000000000000000        3.1258155312835199E-003
   9.3333333333333321        7.3333333333333330        2.9082334988799973E-003
   9.3333333333333321        7.6666666666666661        2.7357914304937713E-003
   9.3333333333333321        8.0000000000000000        2.3478685503825255E-003
   9.3333333333333321        8.3333333333333321        3.1005764153849478E-004
   9.3333333333333321        8.6666666666666661        3.2688345304101479E-004
   9.3333333333333321        9.0000000000000000        4.9197707771085695E-004
   9.3333333333333321        9.3333333333333321        3.3691445372326009E-004
   9.3333333333333321        9.6666666666666661        1.0730483625299999E-004
   9.3333333333333321        10.000000000000000        0.0000000000000000     
 
   9.6666666666666661        0.0000000000000000        0.0000000000000000     
   9.6666666666666661       0.33333333333333331        4.5445768422589211E-004
   9.6666666666666661       0.66666666666666663        9.3152598096515914E-004
   9.6666666666666661        1.0000000000000000        1.3798332973374195E-003
   9.6666666666666661        1.3333333333333333        1.6766114240995295E-003
   9.6666666666666661        1.6666666666666665        2.0023275585540679E-003
   9.6666666666666661        2.0000000000000000        7.1002758978908835E-004
   9.6666666666666661        2.3333333333333330        3.1614498312057678E-004
   9.6666666666666661        2.6666666666666665        2.6993925961496930E-004
   9.6666666666666661        3.0000000000000000        4.0553584603897851E-004
   9.6666666666666661        3.3333333333333330        6.9489398643462694E-004
   9.6666666666666661        3.6666666666666665        9.2242199104790507E-004
   9.6666666666666661        4.0000000000000000        1.7382168886122501E-004
   9.6666666666666661        4.3333333333333330        3.6735066755117044E-004
   9.6666666666666661        4.6666666666666661        8.7807038436818366E-004
   9.6666666666666661        5.0000000000000000        2.6318725157808099E-003
   9.6666666666666661        5.3333333333333330        3.9928405342586661E-003
   9.6666666666666661        5.6666666666666661        1.0985827959121737E-003
   9.6666666666666661        6.0000000000000000        2.3116572169718428E-003
   9.6666666666666661        6.3333333333333330        2.5617549401469385E-003
   9.6666666666666661        6.6666666666666661        2.1466362969944221E-003
   9.6666666666666661        7.0000000000000000        1.6205753116233612E-003
   9.6666666666666661        7.3333333333333330        1.3975583503265906E-003
   9.6666666666666661        7.6666666666666661        1.2326464787068368E-003
   9.6666666666666661        8.0000000000000000        9.5307789991930616E-004
   9.6666666666666661        8.3333333333333321        3.5666460166463719E-004
   9.6666666666666661        8.6666666666666661        2.1377815560780144E-004
   9.6666666666666661        9.0000000000000000        2.0451078616235313E-004
   9.6666666666666661        9.3333333333333321        1.4460375940132642E-004
   9.6666666666666661        9.6666666666666661        6.0469578434156347E-005
   9.6666666666666661        10.000000000000000        0.0000000000000000     
 
   10.000000000000000        0.0000000000000000        0.0000000000000000     
   10.000000000000000       0.33333333333333331        0.0000000000000000     
   10.000000000000000       0.66666666666666663        0.0000000000000000     
   10.000000000000000        1.0000000000000000        0.0000000000000000     
   10.000000000000000        1.3333333333333333        0.0000000000000000     
   10.000000000000000        1.6666666666666665        0.0000000000000000     
   10.000000000000000        2.0000000000000000        0.0000000000000000     
   10.000000000000000        2.3333333333333330        0.0000000000000000     
   10.000000000000000        2.6666666666666665        0.0000000000000000     
   10.000000000000000        3.0000000000000000        0.0000000000000000     
   10.000000000000000        3.3333333333333330        0.0000000000000000     
   10.000000000000000        3.6666666666666665        0.0000000000000000     
   10.000000000000000        4.0000000000000000        0.0000000000000000     
   10.000000000000000        4.3333333333333330        0.0000000000000000     
   10.000000000000000        4.6666666666666661        0.0000000000000000     
   10.000000000000000        5.0000000000000000        0.0000000000000000     
   10.000000000000000        5.3333333333333330        0.0000000000000000     
   10.000000000000000        5.6666666666666661        0.0000000000000000     
   10.000000000000000        6.0000000000000000        0.0000000000000000     
   10.000000000000000        6.3333333333333330        0.0000000000000000     
   10.000000000000000        6.6666666666666661        0.0000000000000000     
   10.000000000000000        7.0000000000000000        0.0000000000000000     
   10.000000000000000        7.3333333333333330        0.0000000000000000     
   10.000000000000000        7.6666666666666661        0.0000000000000000     
   10.000000000000000        8.0000000000000000        0.0000000000000000     
   10.000000000000000        8.3333333333333321        0.0000000000000000     
   10.000000000000000        8.6666666666666661        0.0000000000000000     
   10.000000000000000        9.0000000000000000        0.0000000000000000     
   10.000000000000000        9.3333333333333321        0.0000000000000000     
   10.000000000000000        9.6666666666666661        0.0000000000000000     
   10.000000000000000        10.000000000000000        0.0000000000000000     
 
