   0.0000000000000000        0.0000000000000000        0.0000000000000000     
   0.0000000000000000       0.33333333333333331        0.0000000000000000     
   0.0000000000000000       0.66666666666666663        0.0000000000000000     
   0.0000000000000000        1.0000000000000000        0.0000000000000000     
   0.0000000000000000        1.3333333333333333        0.0000000000000000     
   0.0000000000000000        1.6666666666666665        0.0000000000000000     
   0.0000000000000000        2.0000000000000000        0.0000000000000000     
   0.0000000000000000        2.3333333333333330        0.0000000000000000     
   0.0000000000000000        2.6666666666666665        0.0000000000000000     
   0.0000000000000000        3.0000000000000000        0.0000000000000000     
   0.0000000000000000        3.3333333333333330        0.0000000000000000     
   0.0000000000000000        3.6666666666666665        0.0000000000000000     
   0.0000000000000000        4.0000000000000000        0.0000000000000000     
   0.0000000000000000        4.3333333333333330        0.0000000000000000     
   0.0000000000000000        4.6666666666666661        0.0000000000000000     
   0.0000000000000000        5.0000000000000000        0.0000000000000000     
   0.0000000000000000        5.3333333333333330        0.0000000000000000     
   0.0000000000000000        5.6666666666666661        0.0000000000000000     
   0.0000000000000000        6.0000000000000000        0.0000000000000000     
   0.0000000000000000        6.3333333333333330        0.0000000000000000     
   0.0000000000000000        6.6666666666666661        0.0000000000000000     
   0.0000000000000000        7.0000000000000000        0.0000000000000000     
   0.0000000000000000        7.3333333333333330        0.0000000000000000     
   0.0000000000000000        7.6666666666666661        0.0000000000000000     
   0.0000000000000000        8.0000000000000000        0.0000000000000000     
   0.0000000000000000        8.3333333333333321        0.0000000000000000     
   0.0000000000000000        8.6666666666666661        0.0000000000000000     
   0.0000000000000000        9.0000000000000000        0.0000000000000000     
   0.0000000000000000        9.3333333333333321        0.0000000000000000     
   0.0000000000000000        9.6666666666666661        0.0000000000000000     
   0.0000000000000000        10.000000000000000        0.0000000000000000     
 
  0.33333333333333331        0.0000000000000000        0.0000000000000000     
  0.33333333333333331       0.33333333333333331        2.3817875600598822E-004
  0.33333333333333331       0.66666666666666663        4.0747133089239016E-004
  0.33333333333333331        1.0000000000000000        4.4606439725290042E-004
  0.33333333333333331        1.3333333333333333        9.5717910727352552E-004
  0.33333333333333331        1.6666666666666665        1.4112848705467669E-003
  0.33333333333333331        2.0000000000000000        2.1316351828858044E-003
  0.33333333333333331        2.3333333333333330        2.6087657802388439E-003
  0.33333333333333331        2.6666666666666665        2.2951239405943572E-003
  0.33333333333333331        3.0000000000000000        4.3924580328850871E-003
  0.33333333333333331        3.3333333333333330        4.8285278463273103E-003
  0.33333333333333331        3.6666666666666665        4.7348149123539436E-003
  0.33333333333333331        4.0000000000000000        4.8049456566948475E-003
  0.33333333333333331        4.3333333333333330        4.7742745538267260E-003
  0.33333333333333331        4.6666666666666661        3.0079655114293290E-003
  0.33333333333333331        5.0000000000000000        4.3720838793679740E-003
  0.33333333333333331        5.3333333333333330        1.0257803051615288E-002
  0.33333333333333331        5.6666666666666661        1.2260948108769803E-002
  0.33333333333333331        6.0000000000000000        1.3341333206376645E-002
  0.33333333333333331        6.3333333333333330        1.3647699963617496E-002
  0.33333333333333331        6.6666666666666661        9.4240858352284563E-003
  0.33333333333333331        7.0000000000000000        1.4822316248614234E-002
  0.33333333333333331        7.3333333333333330        7.1673598458943527E-003
  0.33333333333333331        7.6666666666666661        6.8428163035247130E-003
  0.33333333333333331        8.0000000000000000        5.5055426967000574E-003
  0.33333333333333331        8.3333333333333321        3.9372170390981273E-003
  0.33333333333333331        8.6666666666666661        3.1809311858577677E-003
  0.33333333333333331        9.0000000000000000        2.3926848051581376E-003
  0.33333333333333331        9.3333333333333321        1.3525233896257683E-003
  0.33333333333333331        9.6666666666666661        5.9699603301951684E-004
  0.33333333333333331        10.000000000000000        0.0000000000000000     
 
  0.66666666666666663        0.0000000000000000        0.0000000000000000     
  0.66666666666666663       0.33333333333333331        5.5821225413229365E-004
  0.66666666666666663       0.66666666666666663        9.6825422082672690E-004
  0.66666666666666663        1.0000000000000000        2.3169835460328247E-003
  0.66666666666666663        1.3333333333333333        2.0278425348514732E-003
  0.66666666666666663        1.6666666666666665        2.6376871863368835E-003
  0.66666666666666663        2.0000000000000000        4.6241937137987367E-003
  0.66666666666666663        2.3333333333333330        6.1459851451408391E-003
  0.66666666666666663        2.6666666666666665        1.2448017566760707E-002
  0.66666666666666663        3.0000000000000000        1.0653546469389546E-002
  0.66666666666666663        3.3333333333333330        1.0410309330778938E-002
  0.66666666666666663        3.6666666666666665        9.5267354394952437E-003
  0.66666666666666663        4.0000000000000000        9.9327615772935290E-003
  0.66666666666666663        4.3333333333333330        1.1496787674576629E-002
  0.66666666666666663        4.6666666666666661        0.0000000000000000     
  0.66666666666666663        5.0000000000000000        2.7244817779491431E-002
  0.66666666666666663        5.3333333333333330        2.4715507649467137E-002
  0.66666666666666663        5.6666666666666661        2.5783545327690366E-002
  0.66666666666666663        6.0000000000000000        2.7780322627661908E-002
  0.66666666666666663        6.3333333333333330        3.2117841773081510E-002
  0.66666666666666663        6.6666666666666661        5.2844658914370304E-002
  0.66666666666666663        7.0000000000000000        4.2978135553375263E-002
  0.66666666666666663        7.3333333333333330        1.4442097480587343E-002
  0.66666666666666663        7.6666666666666661        1.4891311932477553E-002
  0.66666666666666663        8.0000000000000000        1.1419042461882150E-002
  0.66666666666666663        8.3333333333333321        7.2063059783571736E-003
  0.66666666666666663        8.6666666666666661        6.5235057599415287E-003
  0.66666666666666663        9.0000000000000000        5.1410021522026884E-003
  0.66666666666666663        9.3333333333333321        2.4818104613813920E-003
  0.66666666666666663        9.6666666666666661        1.0633697690622089E-003
  0.66666666666666663        10.000000000000000        0.0000000000000000     
 
   1.0000000000000000        0.0000000000000000        0.0000000000000000     
   1.0000000000000000       0.33333333333333331        1.0554567851434318E-003
   1.0000000000000000       0.66666666666666663        1.9897539079907112E-003
   1.0000000000000000        1.0000000000000000        2.7369720152431382E-003
   1.0000000000000000        1.3333333333333333        2.3169835460328247E-003
   1.0000000000000000        1.6666666666666665        7.7636864650870432E-003
   1.0000000000000000        2.0000000000000000        7.8314474004947138E-003
   1.0000000000000000        2.3333333333333330        1.1519652753480830E-002
   1.0000000000000000        2.6666666666666665        1.4825945664913633E-002
   1.0000000000000000        3.0000000000000000        1.5848118214884709E-002
   1.0000000000000000        3.3333333333333330        1.7091722359769815E-002
   1.0000000000000000        3.6666666666666665        1.3460904904591890E-002
   1.0000000000000000        4.0000000000000000        1.4350403705053026E-002
   1.0000000000000000        4.3333333333333330        2.0281852953938785E-002
   1.0000000000000000        4.6666666666666661        2.9595761732321781E-002
   1.0000000000000000        5.0000000000000000        3.0707991792103935E-002
   1.0000000000000000        5.3333333333333330        3.6335564815630987E-002
   1.0000000000000000        5.6666666666666661        3.9066393085847750E-002
   1.0000000000000000        6.0000000000000000        4.0513717477073503E-002
   1.0000000000000000        6.3333333333333330        5.5545276271832193E-002
   1.0000000000000000        6.6666666666666661        6.3601410398658478E-002
   1.0000000000000000        7.0000000000000000        6.1995799614811317E-002
   1.0000000000000000        7.3333333333333330        4.9144203291083384E-002
   1.0000000000000000        7.6666666666666661        2.7278017043727912E-002
   1.0000000000000000        8.0000000000000000        1.8431879047093400E-002
   1.0000000000000000        8.3333333333333321        1.3390883854686352E-002
   1.0000000000000000        8.6666666666666661        1.0830628372066269E-002
   1.0000000000000000        9.0000000000000000        9.3852661204930528E-003
   1.0000000000000000        9.3333333333333321        1.1664942172377923E-003
   1.0000000000000000        9.6666666666666661        1.2238269710520900E-003
   1.0000000000000000        10.000000000000000        0.0000000000000000     
 
   1.3333333333333333        0.0000000000000000        0.0000000000000000     
   1.3333333333333333       0.33333333333333331        1.7258056012108122E-003
   1.3333333333333333       0.66666666666666663        3.2977240966480096E-003
   1.3333333333333333        1.0000000000000000        4.4665994171488648E-003
   1.3333333333333333        1.3333333333333333        8.9375664339330484E-003
   1.3333333333333333        1.6666666666666665        8.1281218067883396E-003
   1.3333333333333333        2.0000000000000000        1.8801230521832295E-002
   1.3333333333333333        2.3333333333333330        1.7825261937921159E-002
   1.3333333333333333        2.6666666666666665        2.0154949033241259E-002
   1.3333333333333333        3.0000000000000000        2.1496413400607498E-002
   1.3333333333333333        3.3333333333333330        2.9330723639850089E-002
   1.3333333333333333        3.6666666666666665        5.3549260878317427E-002
   1.3333333333333333        4.0000000000000000        4.0863392743510196E-002
   1.3333333333333333        4.3333333333333330        3.5815659161007436E-002
   1.3333333333333333        4.6666666666666661        5.9320455038084058E-002
   1.3333333333333333        5.0000000000000000        5.5969905412844523E-002
   1.3333333333333333        5.3333333333333330        5.1900375013376306E-002
   1.3333333333333333        5.6666666666666661        5.4601970595453506E-002
   1.3333333333333333        6.0000000000000000        9.6278465738863242E-002
   1.3333333333333333        6.3333333333333330        8.6814582163783585E-002
   1.3333333333333333        6.6666666666666661        8.4961183710972651E-002
   1.3333333333333333        7.0000000000000000        8.0331840051926576E-002
   1.3333333333333333        7.3333333333333330        7.1879128725311020E-002
   1.3333333333333333        7.6666666666666661        1.6485098932666122E-002
   1.3333333333333333        8.0000000000000000        1.7155258793177839E-002
   1.3333333333333333        8.3333333333333321        1.6484616861879398E-002
   1.3333333333333333        8.6666666666666661        1.4459837623912201E-002
   1.3333333333333333        9.0000000000000000        1.2571509705272462E-002
   1.3333333333333333        9.3333333333333321        5.8471194919043797E-003
   1.3333333333333333        9.6666666666666661        2.7207492698149479E-003
   1.3333333333333333        10.000000000000000        0.0000000000000000     
 
   1.6666666666666665        0.0000000000000000        0.0000000000000000     
   1.6666666666666665       0.33333333333333331        2.6281723661067359E-003
   1.6666666666666665       0.66666666666666663        5.1590563501683539E-003
   1.6666666666666665        1.0000000000000000        7.5710407580713915E-003
   1.6666666666666665        1.3333333333333333        1.0198078074849053E-002
   1.6666666666666665        1.6666666666666665        2.1473718895468480E-002
   1.6666666666666665        2.0000000000000000        2.0622701827454699E-002
   1.6666666666666665        2.3333333333333330        2.1617174392692277E-002
   1.6666666666666665        2.6666666666666665        2.7312609484099627E-002
   1.6666666666666665        3.0000000000000000        5.3339024009179906E-002
   1.6666666666666665        3.3333333333333330        5.0391901367425461E-002
   1.6666666666666665        3.6666666666666665        5.5187446071559045E-002
   1.6666666666666665        4.0000000000000000        4.7367343881478993E-002
   1.6666666666666665        4.3333333333333330        4.7597667811562987E-002
   1.6666666666666665        4.6666666666666661        6.1162526995513028E-002
   1.6666666666666665        5.0000000000000000        6.1589272274516348E-002
   1.6666666666666665        5.3333333333333330        6.2032206303335814E-002
   1.6666666666666665        5.6666666666666661        7.4050243644075905E-002
   1.6666666666666665        6.0000000000000000       0.10673922068169998     
   1.6666666666666665        6.3333333333333330       0.11142000374908519     
   1.6666666666666665        6.6666666666666661       0.11005576631776982     
   1.6666666666666665        7.0000000000000000       0.10346922565935714     
   1.6666666666666665        7.3333333333333330        8.7163933335547006E-002
   1.6666666666666665        7.6666666666666661        1.5579743771752329E-002
   1.6666666666666665        8.0000000000000000        1.7859214596933334E-002
   1.6666666666666665        8.3333333333333321        2.1537686464010299E-002
   1.6666666666666665        8.6666666666666661        1.8494600236205375E-002
   1.6666666666666665        9.0000000000000000        1.4357659103536393E-002
   1.6666666666666665        9.3333333333333321        9.2078727450084479E-003
   1.6666666666666665        9.6666666666666661        3.9245338868643268E-003
   1.6666666666666665        10.000000000000000        0.0000000000000000     
 
   2.0000000000000000        0.0000000000000000        0.0000000000000000     
   2.0000000000000000       0.33333333333333331        3.7358333092721505E-003
   2.0000000000000000       0.66666666666666663        7.3528842944396893E-003
   2.0000000000000000        1.0000000000000000        1.0779954908904130E-002
   2.0000000000000000        1.3333333333333333        1.4533693619777160E-002
   2.0000000000000000        1.6666666666666665        2.3183721081869411E-002
   2.0000000000000000        2.0000000000000000        2.1473718895468480E-002
   2.0000000000000000        2.3333333333333330        3.9831012817440524E-002
   2.0000000000000000        2.6666666666666665        4.1196845238645495E-002
   2.0000000000000000        3.0000000000000000        5.7751947145760305E-002
   2.0000000000000000        3.3333333333333330        6.5102159022597625E-002
   2.0000000000000000        3.6666666666666665        7.0991280966802253E-002
   2.0000000000000000        4.0000000000000000       0.11091288136716193     
   2.0000000000000000        4.3333333333333330       0.10537502345470019     
   2.0000000000000000        4.6666666666666661        7.7873431369741328E-002
   2.0000000000000000        5.0000000000000000        6.8845454094889583E-002
   2.0000000000000000        5.3333333333333330        0.0000000000000000     
   2.0000000000000000        5.6666666666666661       0.18899613077322408     
   2.0000000000000000        6.0000000000000000       0.14609247771159395     
   2.0000000000000000        6.3333333333333330       0.14288328300272443     
   2.0000000000000000        6.6666666666666661       0.14118921716158034     
   2.0000000000000000        7.0000000000000000       0.13720175369374521     
   2.0000000000000000        7.3333333333333330        1.3265585160060975E-002
   2.0000000000000000        7.6666666666666661        1.4040427644825137E-002
   2.0000000000000000        8.0000000000000000        5.0626407944638067E-002
   2.0000000000000000        8.3333333333333321        3.3987288226795573E-002
   2.0000000000000000        8.6666666666666661        2.4233695124270059E-002
   2.0000000000000000        9.0000000000000000        1.7668249712283687E-002
   2.0000000000000000        9.3333333333333321        1.3047139420831274E-002
   2.0000000000000000        9.6666666666666661        2.6484761240011278E-003
   2.0000000000000000        10.000000000000000        0.0000000000000000     
 
   2.3333333333333330        0.0000000000000000        0.0000000000000000     
   2.3333333333333330       0.33333333333333331        5.0987708249597870E-003
   2.3333333333333330       0.66666666666666663        1.0005918150238276E-002
   2.3333333333333330        1.0000000000000000        1.4062408476517274E-002
   2.3333333333333330        1.3333333333333333        3.5392074797193217E-002
   2.3333333333333330        1.6666666666666665        3.6066848201700648E-002
   2.3333333333333330        2.0000000000000000        6.7218765923183571E-002
   2.3333333333333330        2.3333333333333330        7.9844399559807308E-002
   2.3333333333333330        2.6666666666666665        7.9444639688848614E-002
   2.3333333333333330        3.0000000000000000        7.2825302152236787E-002
   2.3333333333333330        3.3333333333333330        8.2757432119157884E-002
   2.3333333333333330        3.6666666666666665        9.4218519045458957E-002
   2.3333333333333330        4.0000000000000000       0.11268830707180739     
   2.3333333333333330        4.3333333333333330       0.13452399108659147     
   2.3333333333333330        4.6666666666666661       0.21981225965560200     
   2.3333333333333330        5.0000000000000000       0.24796566842952150     
   2.3333333333333330        5.3333333333333330       0.24759923814685059     
   2.3333333333333330        5.6666666666666661       0.23142929455857977     
   2.3333333333333330        6.0000000000000000       0.20178652659001012     
   2.3333333333333330        6.3333333333333330       0.17326265929714740     
   2.3333333333333330        6.6666666666666661       0.17505892961333860     
   2.3333333333333330        7.0000000000000000       0.16746433721552043     
   2.3333333333333330        7.3333333333333330       0.18438457802857047     
   2.3333333333333330        7.6666666666666661       0.11399821183539094     
   2.3333333333333330        8.0000000000000000        6.8059181889397941E-002
   2.3333333333333330        8.3333333333333321        4.0301070644091261E-002
   2.3333333333333330        8.6666666666666661        2.7462967999591407E-002
   2.3333333333333330        9.0000000000000000        1.9609546114063053E-002
   2.3333333333333330        9.3333333333333321        1.2726155263927898E-002
   2.3333333333333330        9.6666666666666661        5.3954777081780397E-003
   2.3333333333333330        10.000000000000000        0.0000000000000000     
 
   2.6666666666666665        0.0000000000000000        0.0000000000000000     
   2.6666666666666665       0.33333333333333331        6.8161881338508895E-003
   2.6666666666666665       0.66666666666666663        1.3824821870819298E-002
   2.6666666666666665        1.0000000000000000        2.1836579993884730E-002
   2.6666666666666665        1.3333333333333333        3.5645004303401374E-002
   2.6666666666666665        1.6666666666666665        5.0564538960470813E-002
   2.6666666666666665        2.0000000000000000        6.8500239171658220E-002
   2.6666666666666665        2.3333333333333330        8.1192499357124609E-002
   2.6666666666666665        2.6666666666666665        8.7479046826563669E-002
   2.6666666666666665        3.0000000000000000       0.10763388167697231     
   2.6666666666666665        3.3333333333333330       0.10033783600991009     
   2.6666666666666665        3.6666666666666665       0.11189650675493572     
   2.6666666666666665        4.0000000000000000       0.18596844115148634     
   2.6666666666666665        4.3333333333333330       0.18686895365554376     
   2.6666666666666665        4.6666666666666661       0.21988210838708622     
   2.6666666666666665        5.0000000000000000       0.24689640798863785     
   2.6666666666666665        5.3333333333333330       0.26199629028566224     
   2.6666666666666665        5.6666666666666661       0.25624177492821348     
   2.6666666666666665        6.0000000000000000       0.22969296446713655     
   2.6666666666666665        6.3333333333333330       0.24644328158075265     
   2.6666666666666665        6.6666666666666661       0.21813642689017523     
   2.6666666666666665        7.0000000000000000       0.19017361257145426     
   2.6666666666666665        7.3333333333333330       0.18451287501027716     
   2.6666666666666665        7.6666666666666661       0.16048684622230169     
   2.6666666666666665        8.0000000000000000        3.1566105974392848E-002
   2.6666666666666665        8.3333333333333321        3.2484109097821505E-002
   2.6666666666666665        8.6666666666666661        2.6439181722964777E-002
   2.6666666666666665        9.0000000000000000        2.1195437787393294E-002
   2.6666666666666665        9.3333333333333321        1.3289030559997304E-002
   2.6666666666666665        9.6666666666666661        6.3988099545048390E-003
   2.6666666666666665        10.000000000000000        0.0000000000000000     
 
   3.0000000000000000        0.0000000000000000        0.0000000000000000     
   3.0000000000000000       0.33333333333333331        8.5323298053747963E-003
   3.0000000000000000       0.66666666666666663        1.7017541415442844E-002
   3.0000000000000000        1.0000000000000000        2.4381324138221343E-002
   3.0000000000000000        1.3333333333333333        5.8147510917903177E-002
   3.0000000000000000        1.6666666666666665        6.3067994137089814E-002
   3.0000000000000000        2.0000000000000000        7.6200535642032399E-002
   3.0000000000000000        2.3333333333333330        9.0173908226381508E-002
   3.0000000000000000        2.6666666666666665       0.10303564138480235     
   3.0000000000000000        3.0000000000000000       0.11604515993119133     
   3.0000000000000000        3.3333333333333330       0.15024741369286834     
   3.0000000000000000        3.6666666666666665       0.14225513633733480     
   3.0000000000000000        4.0000000000000000       0.20721974420010802     
   3.0000000000000000        4.3333333333333330       0.20774652673057920     
   3.0000000000000000        4.6666666666666661       0.22577455083357789     
   3.0000000000000000        5.0000000000000000       0.25647904709106784     
   3.0000000000000000        5.3333333333333330       0.29502055794154103     
   3.0000000000000000        5.6666666666666661       0.29960020773138279     
   3.0000000000000000        6.0000000000000000       0.30850246022432704     
   3.0000000000000000        6.3333333333333330       0.27254714607278591     
   3.0000000000000000        6.6666666666666661       0.25952754412277557     
   3.0000000000000000        7.0000000000000000       0.22378727016499014     
   3.0000000000000000        7.3333333333333330       0.20289377681795756     
   3.0000000000000000        7.6666666666666661       0.18313510777238681     
   3.0000000000000000        8.0000000000000000       0.15404343732272954     
   3.0000000000000000        8.3333333333333321        2.4504722124895371E-002
   3.0000000000000000        8.6666666666666661        2.5405104270467344E-002
   3.0000000000000000        9.0000000000000000        2.6119810399850382E-002
   3.0000000000000000        9.3333333333333321        1.3090255207721073E-002
   3.0000000000000000        9.6666666666666661        7.1305362984123571E-003
   3.0000000000000000        10.000000000000000        0.0000000000000000     
 
   3.3333333333333330        0.0000000000000000        0.0000000000000000     
   3.3333333333333330       0.33333333333333331        1.0508685445985782E-002
   3.3333333333333330       0.66666666666666663        2.1742234529155410E-002
   3.3333333333333330        1.0000000000000000        3.4851983877585264E-002
   3.3333333333333330        1.3333333333333333        5.4235008183196640E-002
   3.3333333333333330        1.6666666666666665        6.8395632449010119E-002
   3.3333333333333330        2.0000000000000000        8.4128133443347061E-002
   3.3333333333333330        2.3333333333333330       0.10130259703142849     
   3.3333333333333330        2.6666666666666665       0.11938943153450698     
   3.3333333333333330        3.0000000000000000       0.13829005101581085     
   3.3333333333333330        3.3333333333333330       0.15854345147174354     
   3.3333333333333330        3.6666666666666665       0.16511737050645106     
   3.3333333333333330        4.0000000000000000       0.20960361444167178     
   3.3333333333333330        4.3333333333333330       0.21138622772770344     
   3.3333333333333330        4.6666666666666661       0.21861250305767613     
   3.3333333333333330        5.0000000000000000       0.39002223133433550     
   3.3333333333333330        5.3333333333333330       0.35827737228031753     
   3.3333333333333330        5.6666666666666661       0.34348257426993339     
   3.3333333333333330        6.0000000000000000       0.33982897590975164     
   3.3333333333333330        6.3333333333333330       0.31543874215499462     
   3.3333333333333330        6.6666666666666661       0.28517997518762106     
   3.3333333333333330        7.0000000000000000       0.24349885529091625     
   3.3333333333333330        7.3333333333333330       0.21956800224576919     
   3.3333333333333330        7.6666666666666661       0.18594070997527604     
   3.3333333333333330        8.0000000000000000       0.15504230002680902     
   3.3333333333333330        8.3333333333333321        8.9324843225048078E-002
   3.3333333333333330        8.6666666666666661        4.4974562648545977E-002
   3.3333333333333330        9.0000000000000000        3.2559211702093555E-002
   3.3333333333333330        9.3333333333333321        1.9436338193460297E-002
   3.3333333333333330        9.6666666666666661        9.2537801602366691E-003
   3.3333333333333330        10.000000000000000        0.0000000000000000     
 
   3.6666666666666665        0.0000000000000000        0.0000000000000000     
   3.6666666666666665       0.33333333333333331        1.1995920546402307E-002
   3.6666666666666665       0.66666666666666663        2.5051417890284387E-002
   3.6666666666666665        1.0000000000000000        3.9716815939916647E-002
   3.6666666666666665        1.3333333333333333        5.6434634289610965E-002
   3.6666666666666665        1.6666666666666665        7.3104706319054580E-002
   3.6666666666666665        2.0000000000000000        9.1533184911811921E-002
   3.6666666666666665        2.3333333333333330       0.11230538615115376     
   3.6666666666666665        2.6666666666666665       0.13549338963367619     
   3.6666666666666665        3.0000000000000000       0.15946879627410407     
   3.6666666666666665        3.3333333333333330       0.18049997394593070     
   3.6666666666666665        3.6666666666666665       0.19448244973564355     
   3.6666666666666665        4.0000000000000000       0.20765317819070347     
   3.6666666666666665        4.3333333333333330       0.20960361444167178     
   3.6666666666666665        4.6666666666666661       0.44246771285570763     
   3.6666666666666665        5.0000000000000000       0.41329931366372952     
   3.6666666666666665        5.3333333333333330       0.39769454721887015     
   3.6666666666666665        5.6666666666666661       0.37005468096117000     
   3.6666666666666665        6.0000000000000000       0.36146335589912360     
   3.6666666666666665        6.3333333333333330       0.34069499870803338     
   3.6666666666666665        6.6666666666666661       0.31853817645444532     
   3.6666666666666665        7.0000000000000000       0.26812284937088016     
   3.6666666666666665        7.3333333333333330       0.24483365775985222     
   3.6666666666666665        7.6666666666666661       0.12457178364339130     
   3.6666666666666665        8.0000000000000000       0.12589207922074916     
   3.6666666666666665        8.3333333333333321        9.0779843799503490E-002
   3.6666666666666665        8.6666666666666661        5.8395687008417123E-002
   3.6666666666666665        9.0000000000000000        4.0526823254614090E-002
   3.6666666666666665        9.3333333333333321        2.3364477526274553E-002
   3.6666666666666665        9.6666666666666661        1.0708856208838302E-002
   3.6666666666666665        10.000000000000000        0.0000000000000000     
 
   4.0000000000000000        0.0000000000000000        0.0000000000000000     
   4.0000000000000000       0.33333333333333331        1.2674430940014990E-002
   4.0000000000000000       0.66666666666666663        2.7242724891242135E-002
   4.0000000000000000        1.0000000000000000        4.3229678204248778E-002
   4.0000000000000000        1.3333333333333333        5.9529290560462897E-002
   4.0000000000000000        1.6666666666666665        7.6926490112687998E-002
   4.0000000000000000        2.0000000000000000        9.7357011582530129E-002
   4.0000000000000000        2.3333333333333330       0.12140568945787229     
   4.0000000000000000        2.6666666666666665       0.15093210180427685     
   4.0000000000000000        3.0000000000000000       0.18325336086788074     
   4.0000000000000000        3.3333333333333330       0.20879209621140976     
   4.0000000000000000        3.6666666666666665       0.22384688901930472     
   4.0000000000000000        4.0000000000000000       0.21636671467026700     
   4.0000000000000000        4.3333333333333330       0.46594110314492720     
   4.0000000000000000        4.6666666666666661       0.46035798708622733     
   4.0000000000000000        5.0000000000000000       0.45933687305518478     
   4.0000000000000000        5.3333333333333330       0.44017815111277026     
   4.0000000000000000        5.6666666666666661       0.41497037435669554     
   4.0000000000000000        6.0000000000000000       0.38811348443169658     
   4.0000000000000000        6.3333333333333330       0.36113614161125779     
   4.0000000000000000        6.6666666666666661       0.32455278353484418     
   4.0000000000000000        7.0000000000000000       0.28844595533142375     
   4.0000000000000000        7.3333333333333330       0.20495784006030901     
   4.0000000000000000        7.6666666666666661       0.14671804273440323     
   4.0000000000000000        8.0000000000000000       0.13427116704053313     
   4.0000000000000000        8.3333333333333321        9.8220582283751384E-002
   4.0000000000000000        8.6666666666666661        5.8255097991087662E-002
   4.0000000000000000        9.0000000000000000        4.8671451115561509E-002
   4.0000000000000000        9.3333333333333321        1.8649532376739171E-002
   4.0000000000000000        9.6666666666666661        1.0495734650316184E-002
   4.0000000000000000        10.000000000000000        0.0000000000000000     
 
   4.3333333333333330        0.0000000000000000        0.0000000000000000     
   4.3333333333333330       0.33333333333333331        1.1713799363975185E-002
   4.3333333333333330       0.66666666666666663        2.8528980960856060E-002
   4.3333333333333330        1.0000000000000000        4.7160775190114405E-002
   4.3333333333333330        1.3333333333333333        6.2369540554356763E-002
   4.3333333333333330        1.6666666666666665        7.8537522406135069E-002
   4.3333333333333330        2.0000000000000000       0.10020164190620826     
   4.3333333333333330        2.3333333333333330       0.12530115380443216     
   4.3333333333333330        2.6666666666666665       0.16322146164402376     
   4.3333333333333330        3.0000000000000000       0.21267525917755395     
   4.3333333333333330        3.3333333333333330       0.24579350667613034     
   4.3333333333333330        3.6666666666666665       0.27373208872725302     
   4.3333333333333330        4.0000000000000000       0.44590326232794453     
   4.3333333333333330        4.3333333333333330       0.45880219079897483     
   4.3333333333333330        4.6666666666666661       0.47293104573117584     
   4.3333333333333330        5.0000000000000000       0.46604663448263928     
   4.3333333333333330        5.3333333333333330       0.45214019607070616     
   4.3333333333333330        5.6666666666666661       0.43176883901385860     
   4.3333333333333330        6.0000000000000000       0.40625246745726673     
   4.3333333333333330        6.3333333333333330       0.38389645091165281     
   4.3333333333333330        6.6666666666666661       0.31014425264466278     
   4.3333333333333330        7.0000000000000000       0.26865615402311543     
   4.3333333333333330        7.3333333333333330       0.20389615529813723     
   4.3333333333333330        7.6666666666666661       0.15971867306509629     
   4.3333333333333330        8.0000000000000000       0.13103913050537061     
   4.3333333333333330        8.3333333333333321        9.9341840468840273E-002
   4.3333333333333330        8.6666666666666661        6.8864388454283790E-002
   4.3333333333333330        9.0000000000000000        4.8187265141495038E-002
   4.3333333333333330        9.3333333333333321        2.7224345218343389E-002
   4.3333333333333330        9.6666666666666661        1.2875822007040611E-002
   4.3333333333333330        10.000000000000000        0.0000000000000000     
 
   4.6666666666666661        0.0000000000000000        0.0000000000000000     
   4.6666666666666661       0.33333333333333331        5.8839974287731031E-003
   4.6666666666666661       0.66666666666666663        5.4250115303645263E-002
   4.6666666666666661        1.0000000000000000        5.5311019364294646E-002
   4.6666666666666661        1.3333333333333333        6.5133523616911715E-002
   4.6666666666666661        1.6666666666666665        7.5487861587063373E-002
   4.6666666666666661        2.0000000000000000       0.10994013968965534     
   4.6666666666666661        2.3333333333333330       0.11656526400118274     
   4.6666666666666661        2.6666666666666665       0.25983147387722672     
   4.6666666666666661        3.0000000000000000       0.25625747638530305     
   4.6666666666666661        3.3333333333333330       0.28470901530964909     
   4.6666666666666661        3.6666666666666665       0.34728090032801495     
   4.6666666666666661        4.0000000000000000       0.42109114850524709     
   4.6666666666666661        4.3333333333333330       0.45207947979130308     
   4.6666666666666661        4.6666666666666661       0.46657571273412424     
   4.6666666666666661        5.0000000000000000       0.46693373952349887     
   4.6666666666666661        5.3333333333333330       0.45849190649444321     
   4.6666666666666661        5.6666666666666661       0.44272124970396931     
   4.6666666666666661        6.0000000000000000       0.41158590033259929     
   4.6666666666666661        6.3333333333333330       0.37579432645907418     
   4.6666666666666661        6.6666666666666661       0.34639590915306928     
   4.6666666666666661        7.0000000000000000       0.18128852959494218     
   4.6666666666666661        7.3333333333333330       0.18106682009289804     
   4.6666666666666661        7.6666666666666661       0.15730773223615693     
   4.6666666666666661        8.0000000000000000       0.13148747195718144     
   4.6666666666666661        8.3333333333333321       0.10019744762380951     
   4.6666666666666661        8.6666666666666661        7.0656201956102657E-002
   4.6666666666666661        9.0000000000000000        4.8845278693323099E-002
   4.6666666666666661        9.3333333333333321        2.9735791208070607E-002
   4.6666666666666661        9.6666666666666661        1.4065930244432166E-002
   4.6666666666666661        10.000000000000000        0.0000000000000000     
 
   5.0000000000000000        0.0000000000000000        0.0000000000000000     
   5.0000000000000000       0.33333333333333331        6.0612402534836072E-003
   5.0000000000000000       0.66666666666666663        4.6022523285156769E-002
   5.0000000000000000        1.0000000000000000        5.5661584494840564E-002
   5.0000000000000000        1.3333333333333333        6.8327236999857210E-002
   5.0000000000000000        1.6666666666666665        8.3732165466934849E-002
   5.0000000000000000        2.0000000000000000       0.10403415614385213     
   5.0000000000000000        2.3333333333333330       0.11499933654727872     
   5.0000000000000000        2.6666666666666665       0.26788025234514873     
   5.0000000000000000        3.0000000000000000       0.26426331918997198     
   5.0000000000000000        3.3333333333333330       0.41227377409370231     
   5.0000000000000000        3.6666666666666665       0.40214807959251436     
   5.0000000000000000        4.0000000000000000       0.42836779824493493     
   5.0000000000000000        4.3333333333333330       0.44968544019477363     
   5.0000000000000000        4.6666666666666661       0.46147451347074259     
   5.0000000000000000        5.0000000000000000       0.46372810939249887     
   5.0000000000000000        5.3333333333333330       0.45973017859715815     
   5.0000000000000000        5.6666666666666661       0.45742600116997922     
   5.0000000000000000        6.0000000000000000       0.35535351615116478     
   5.0000000000000000        6.3333333333333330       0.35308143059488900     
   5.0000000000000000        6.6666666666666661       0.27881306137345391     
   5.0000000000000000        7.0000000000000000       0.20184934021778791     
   5.0000000000000000        7.3333333333333330       0.18138419916187623     
   5.0000000000000000        7.6666666666666661       0.15711080684422107     
   5.0000000000000000        8.0000000000000000       0.13800631405883609     
   5.0000000000000000        8.3333333333333321        7.6581438594325674E-002
   5.0000000000000000        8.6666666666666661        6.5689232296525374E-002
   5.0000000000000000        9.0000000000000000        4.7644929106648123E-002
   5.0000000000000000        9.3333333333333321        2.9395998686387169E-002
   5.0000000000000000        9.6666666666666661        1.3953609812083727E-002
   5.0000000000000000        10.000000000000000        0.0000000000000000     
 
   5.3333333333333330        0.0000000000000000        0.0000000000000000     
   5.3333333333333330       0.33333333333333331        1.2425830161083076E-002
   5.3333333333333330       0.66666666666666663        3.7230278630702870E-002
   5.3333333333333330        1.0000000000000000        5.3919356977637903E-002
   5.3333333333333330        1.3333333333333333        6.9739311342559895E-002
   5.3333333333333330        1.6666666666666665        8.7989153820238267E-002
   5.3333333333333330        2.0000000000000000       0.10822469177506597     
   5.3333333333333330        2.3333333333333330       0.12499793694031530     
   5.3333333333333330        2.6666666666666665       0.24120054835427282     
   5.3333333333333330        3.0000000000000000       0.26502669744370611     
   5.3333333333333330        3.3333333333333330       0.39683596522194126     
   5.3333333333333330        3.6666666666666665       0.41099956559339396     
   5.3333333333333330        4.0000000000000000       0.42965974922966599     
   5.3333333333333330        4.3333333333333330       0.44490185133214599     
   5.3333333333333330        4.6666666666666661       0.45337804095206302     
   5.3333333333333330        5.0000000000000000       0.45409527730133681     
   5.3333333333333330        5.3333333333333330       0.44677584226720279     
   5.3333333333333330        5.6666666666666661       0.36782542617177866     
   5.3333333333333330        6.0000000000000000       0.35038386313184805     
   5.3333333333333330        6.3333333333333330       0.32092789590296950     
   5.3333333333333330        6.6666666666666661       0.27493648613709687     
   5.3333333333333330        7.0000000000000000       0.22122455054871490     
   5.3333333333333330        7.3333333333333330       0.18505101895345996     
   5.3333333333333330        7.6666666666666661       0.15189569244854584     
   5.3333333333333330        8.0000000000000000       0.12594689871638146     
   5.3333333333333330        8.3333333333333321        8.8598086740798332E-002
   5.3333333333333330        8.6666666666666661        6.8917372332673282E-002
   5.3333333333333330        9.0000000000000000        4.7511824404164751E-002
   5.3333333333333330        9.3333333333333321        2.6847772917608342E-002
   5.3333333333333330        9.6666666666666661        1.2658240853470337E-002
   5.3333333333333330        10.000000000000000        0.0000000000000000     
 
   5.6666666666666661        0.0000000000000000        0.0000000000000000     
   5.6666666666666661       0.33333333333333331        6.6556888581195146E-003
   5.6666666666666661       0.66666666666666663        1.6446460492755114E-002
   5.6666666666666661        1.0000000000000000        4.8920022222371268E-002
   5.6666666666666661        1.3333333333333333        6.9638345302873189E-002
   5.6666666666666661        1.6666666666666665        9.1122083770157999E-002
   5.6666666666666661        2.0000000000000000       0.11655687987826070     
   5.6666666666666661        2.3333333333333330       0.15213197265896364     
   5.6666666666666661        2.6666666666666665       0.21452280576510716     
   5.6666666666666661        3.0000000000000000       0.28591639486462589     
   5.6666666666666661        3.3333333333333330       0.37359309940391167     
   5.6666666666666661        3.6666666666666665       0.40555572921220695     
   5.6666666666666661        4.0000000000000000       0.42366374499048670     
   5.6666666666666661        4.3333333333333330       0.43539918413490286     
   5.6666666666666661        4.6666666666666661       0.44106758390092909     
   5.6666666666666661        5.0000000000000000       0.44040083946480524     
   5.6666666666666661        5.3333333333333330       0.41471800690159744     
   5.6666666666666661        5.6666666666666661       0.37740768473088193     
   5.6666666666666661        6.0000000000000000       0.30193750068994679     
   5.6666666666666661        6.3333333333333330       0.29953331186428939     
   5.6666666666666661        6.6666666666666661       0.22612431717125600     
   5.6666666666666661        7.0000000000000000       0.18074651617531021     
   5.6666666666666661        7.3333333333333330       0.14287199929449002     
   5.6666666666666661        7.6666666666666661       0.13969490967192863     
   5.6666666666666661        8.0000000000000000        9.0451664764716486E-002
   5.6666666666666661        8.3333333333333321        8.4018299332696986E-002
   5.6666666666666661        8.6666666666666661        7.4964130336839019E-002
   5.6666666666666661        9.0000000000000000        1.7877905913757167E-002
   5.6666666666666661        9.3333333333333321        1.8401609892596576E-002
   5.6666666666666661        9.6666666666666661        1.0126054836496019E-002
   5.6666666666666661        10.000000000000000        0.0000000000000000     
 
   6.0000000000000000        0.0000000000000000        0.0000000000000000     
   6.0000000000000000       0.33333333333333331        7.6908582252497148E-003
   6.0000000000000000       0.66666666666666663        1.6881515327412739E-002
   6.0000000000000000        1.0000000000000000        2.8959925685652380E-002
   6.0000000000000000        1.3333333333333333        0.0000000000000000     
   6.0000000000000000        1.6666666666666665       0.11407907866891245     
   6.0000000000000000        2.0000000000000000       0.11535226868017037     
   6.0000000000000000        2.3333333333333330       0.15841106626847784     
   6.0000000000000000        2.6666666666666665       0.17681541016813279     
   6.0000000000000000        3.0000000000000000       0.40712024250647139     
   6.0000000000000000        3.3333333333333330       0.39804565944629228     
   6.0000000000000000        3.6666666666666665       0.40463255166484902     
   6.0000000000000000        4.0000000000000000       0.41386879441939728     
   6.0000000000000000        4.3333333333333330       0.42117472689462304     
   6.0000000000000000        4.6666666666666661       0.42392299985625270     
   6.0000000000000000        5.0000000000000000       0.38783772053005661     
   6.0000000000000000        5.3333333333333330       0.38415408086698677     
   6.0000000000000000        5.6666666666666661       0.34132100862369474     
   6.0000000000000000        6.0000000000000000       0.29938839639945053     
   6.0000000000000000        6.3333333333333330       0.27085786246910359     
   6.0000000000000000        6.6666666666666661       0.22411987144553328     
   6.0000000000000000        7.0000000000000000       0.18025612013292031     
   6.0000000000000000        7.3333333333333330       0.14657667137788866     
   6.0000000000000000        7.6666666666666661       0.12488317041750738     
   6.0000000000000000        8.0000000000000000        9.8184471497804876E-002
   6.0000000000000000        8.3333333333333321        8.3326419515645081E-002
   6.0000000000000000        8.6666666666666661        7.3219504440505137E-002
   6.0000000000000000        9.0000000000000000        2.7641214163665519E-002
   6.0000000000000000        9.3333333333333321        1.9239793714203687E-002
   6.0000000000000000        9.6666666666666661        9.7137501610510667E-003
   6.0000000000000000        10.000000000000000        0.0000000000000000     
 
   6.3333333333333330        0.0000000000000000        0.0000000000000000     
   6.3333333333333330       0.33333333333333331        7.4184864795446715E-003
   6.3333333333333330       0.66666666666666663        1.4831496156601693E-002
   6.3333333333333330        1.0000000000000000        2.1647727753787555E-002
   6.3333333333333330        1.3333333333333333        6.5890315544989142E-002
   6.3333333333333330        1.6666666666666665       0.10242523185462946     
   6.3333333333333330        2.0000000000000000       0.11652323363729393     
   6.3333333333333330        2.3333333333333330       0.14031571227475612     
   6.3333333333333330        2.6666666666666665       0.15713201673948637     
   6.3333333333333330        3.0000000000000000       0.17711834697296511     
   6.3333333333333330        3.3333333333333330       0.40039903187918902     
   6.3333333333333330        3.6666666666666665       0.39206357194864694     
   6.3333333333333330        4.0000000000000000       0.39656552153197944     
   6.3333333333333330        4.3333333333333330       0.40165680537667381     
   6.3333333333333330        4.6666666666666661       0.39945872126914111     
   6.3333333333333330        5.0000000000000000       0.38298650273208246     
   6.3333333333333330        5.3333333333333330       0.29622578454804199     
   6.3333333333333330        5.6666666666666661       0.29760558515686009     
   6.3333333333333330        6.0000000000000000       0.27852497967012074     
   6.3333333333333330        6.3333333333333330       0.25660425195414976     
   6.3333333333333330        6.6666666666666661       0.21718585702445278     
   6.3333333333333330        7.0000000000000000       0.16897232111599705     
   6.3333333333333330        7.3333333333333330       0.13862835190583206     
   6.3333333333333330        7.6666666666666661       0.11586795628395204     
   6.3333333333333330        8.0000000000000000        9.5259556679734569E-002
   6.3333333333333330        8.3333333333333321        7.9175060155929372E-002
   6.3333333333333330        8.6666666666666661        6.2661332580456044E-002
   6.3333333333333330        9.0000000000000000        3.6784753320966410E-002
   6.3333333333333330        9.3333333333333321        2.1734852239074714E-002
   6.3333333333333330        9.6666666666666661        9.7658578872528191E-003
   6.3333333333333330        10.000000000000000        0.0000000000000000     
 
   6.6666666666666661        0.0000000000000000        0.0000000000000000     
   6.6666666666666661       0.33333333333333331        7.3534491813588530E-003
   6.6666666666666661       0.66666666666666663        1.3760162950679139E-002
   6.6666666666666661        1.0000000000000000        5.3400119118716435E-002
   6.6666666666666661        1.3333333333333333        6.7588484758671893E-002
   6.6666666666666661        1.6666666666666665        8.9844488015603116E-002
   6.6666666666666661        2.0000000000000000       0.10926996652970934     
   6.6666666666666661        2.3333333333333330       0.13003777899672739     
   6.6666666666666661        2.6666666666666665       0.15471251955492332     
   6.6666666666666661        3.0000000000000000       0.17768247662491427     
   6.6666666666666661        3.3333333333333330       0.30672328653997455     
   6.6666666666666661        3.6666666666666665       0.35853550909046383     
   6.6666666666666661        4.0000000000000000       0.37027903140873530     
   6.6666666666666661        4.3333333333333330       0.38070397478807516     
   6.6666666666666661        4.6666666666666661       0.38049900751285476     
   6.6666666666666661        5.0000000000000000       0.35350975613490809     
   6.6666666666666661        5.3333333333333330       0.29017203598386138     
   6.6666666666666661        5.6666666666666661       0.26953391249602116     
   6.6666666666666661        6.0000000000000000       0.25644057908184503     
   6.6666666666666661        6.3333333333333330       0.16563042796963903     
   6.6666666666666661        6.6666666666666661       0.13941249636715802     
   6.6666666666666661        7.0000000000000000       0.13949041818347813     
   6.6666666666666661        7.3333333333333330       0.12357816591252743     
   6.6666666666666661        7.6666666666666661       0.10563335654813603     
   6.6666666666666661        8.0000000000000000        8.9012722989004880E-002
   6.6666666666666661        8.3333333333333321        7.6736560248833185E-002
   6.6666666666666661        8.6666666666666661        3.9564989931543039E-002
   6.6666666666666661        9.0000000000000000        3.5998658942280222E-002
   6.6666666666666661        9.3333333333333321        1.4191944403695061E-002
   6.6666666666666661        9.6666666666666661        7.8999181970066477E-003
   6.6666666666666661        10.000000000000000        0.0000000000000000     
 
   7.0000000000000000        0.0000000000000000        0.0000000000000000     
   7.0000000000000000       0.33333333333333331        8.4538990019352670E-003
   7.0000000000000000       0.66666666666666663        1.9494091803908181E-002
   7.0000000000000000        1.0000000000000000        4.0590483134130440E-002
   7.0000000000000000        1.3333333333333333        6.2793291365713488E-002
   7.0000000000000000        1.6666666666666665        8.1696675358653173E-002
   7.0000000000000000        2.0000000000000000       0.10212729350439143     
   7.0000000000000000        2.3333333333333330       0.11702064650174224     
   7.0000000000000000        2.6666666666666665       0.17812668865416090     
   7.0000000000000000        3.0000000000000000       0.20155874607755978     
   7.0000000000000000        3.3333333333333330       0.25057083091509502     
   7.0000000000000000        3.6666666666666665       0.30726867895469639     
   7.0000000000000000        4.0000000000000000       0.33827058103758473     
   7.0000000000000000        4.3333333333333330       0.36278537436115493     
   7.0000000000000000        4.6666666666666661       0.15540190797683695     
   7.0000000000000000        5.0000000000000000       0.21628006241799808     
   7.0000000000000000        5.3333333333333330       0.23698257170308881     
   7.0000000000000000        5.6666666666666661       0.23022691268889775     
   7.0000000000000000        6.0000000000000000       0.21806053335224704     
   7.0000000000000000        6.3333333333333330       0.16568048439672556     
   7.0000000000000000        6.6666666666666661       0.14001744665541421     
   7.0000000000000000        7.0000000000000000       0.12656346775053964     
   7.0000000000000000        7.3333333333333330       0.11141274478576978     
   7.0000000000000000        7.6666666666666661        9.5184378518112525E-002
   7.0000000000000000        8.0000000000000000        7.9688304574812616E-002
   7.0000000000000000        8.3333333333333321        6.3336082768006022E-002
   7.0000000000000000        8.6666666666666661        4.4223559232584655E-002
   7.0000000000000000        9.0000000000000000        3.2641104342278550E-002
   7.0000000000000000        9.3333333333333321        2.0957335843885597E-002
   7.0000000000000000        9.6666666666666661        3.0045879842263840E-003
   7.0000000000000000        10.000000000000000        0.0000000000000000     
 
   7.3333333333333330        0.0000000000000000        0.0000000000000000     
   7.3333333333333330       0.33333333333333331        7.2281868901417738E-003
   7.3333333333333330       0.66666666666666663        1.5739928877924570E-002
   7.3333333333333330        1.0000000000000000        2.7757812834460910E-002
   7.3333333333333330        1.3333333333333333        6.8231219449938804E-002
   7.3333333333333330        1.6666666666666665        7.3738175857101226E-002
   7.3333333333333330        2.0000000000000000       0.10451697796789464     
   7.3333333333333330        2.3333333333333330       0.12038178226525019     
   7.3333333333333330        2.6666666666666665       0.15494236028160627     
   7.3333333333333330        3.0000000000000000       0.19940352394993466     
   7.3333333333333330        3.3333333333333330       0.24128800331548342     
   7.3333333333333330        3.6666666666666665       0.27214721311089729     
   7.3333333333333330        4.0000000000000000       0.30726867895469639     
   7.3333333333333330        4.3333333333333330       0.15540190797683695     
   7.3333333333333330        4.6666666666666661       0.15599109602769545     
   7.3333333333333330        5.0000000000000000       0.19397655955627932     
   7.3333333333333330        5.3333333333333330       0.20882238280912380     
   7.3333333333333330        5.6666666666666661       0.19406944155992903     
   7.3333333333333330        6.0000000000000000       0.13261865132837888     
   7.3333333333333330        6.3333333333333330       0.13893204057825512     
   7.3333333333333330        6.6666666666666661       0.12906607347091562     
   7.3333333333333330        7.0000000000000000       0.11624552295560725     
   7.3333333333333330        7.3333333333333330       0.10143341807911889     
   7.3333333333333330        7.6666666666666661        8.5247714689244372E-002
   7.3333333333333330        8.0000000000000000        7.2525804648894618E-002
   7.3333333333333330        8.3333333333333321        5.3961608124441424E-002
   7.3333333333333330        8.6666666666666661        4.2467045709084279E-002
   7.3333333333333330        9.0000000000000000        3.0311426089814228E-002
   7.3333333333333330        9.3333333333333321        1.6700150222548494E-002
   7.3333333333333330        9.6666666666666661        6.1201869338012999E-003
   7.3333333333333330        10.000000000000000        0.0000000000000000     
 
   7.6666666666666661        0.0000000000000000        0.0000000000000000     
   7.6666666666666661       0.33333333333333331        4.9561065743167479E-003
   7.6666666666666661       0.66666666666666663        8.9724900608155866E-003
   7.6666666666666661        1.0000000000000000        6.2607885616625641E-002
   7.6666666666666661        1.3333333333333333        6.4874913020077252E-002
   7.6666666666666661        1.6666666666666665        7.3310374679996917E-002
   7.6666666666666661        2.0000000000000000        9.0470023826287632E-002
   7.6666666666666661        2.3333333333333330       0.10655558309713749     
   7.6666666666666661        2.6666666666666665       0.12262286804059920     
   7.6666666666666661        3.0000000000000000       0.11681068950598608     
   7.6666666666666661        3.3333333333333330       0.18652433245569644     
   7.6666666666666661        3.6666666666666665       0.22997226719016375     
   7.6666666666666661        4.0000000000000000        6.0443204957513312E-002
   7.6666666666666661        4.3333333333333330       0.10315194877904768     
   7.6666666666666661        4.6666666666666661       0.11962212889723639     
   7.6666666666666661        5.0000000000000000        9.4684884579178161E-002
   7.6666666666666661        5.3333333333333330       0.14163692853037482     
   7.6666666666666661        5.6666666666666661       0.14204162636847212     
   7.6666666666666661        6.0000000000000000       0.12711132036100706     
   7.6666666666666661        6.3333333333333330       0.12904847792134946     
   7.6666666666666661        6.6666666666666661       0.12202156434086225     
   7.6666666666666661        7.0000000000000000       0.10909354801135504     
   7.6666666666666661        7.3333333333333330        9.4106509204077107E-002
   7.6666666666666661        7.6666666666666661        7.3163884082689437E-002
   7.6666666666666661        8.0000000000000000        3.5239358916388019E-002
   7.6666666666666661        8.3333333333333321        3.8738573159976634E-002
   7.6666666666666661        8.6666666666666661        1.8284011245616044E-002
   7.6666666666666661        9.0000000000000000        1.0519681443323726E-002
   7.6666666666666661        9.3333333333333321        9.9556034840034939E-003
   7.6666666666666661        9.6666666666666661        4.9925900781179911E-003
   7.6666666666666661        10.000000000000000        0.0000000000000000     
 
   8.0000000000000000        0.0000000000000000        0.0000000000000000     
   8.0000000000000000       0.33333333333333331        3.8054820337932844E-003
   8.0000000000000000       0.66666666666666663        6.5424154340448636E-003
   8.0000000000000000        1.0000000000000000        5.5387783665378616E-002
   8.0000000000000000        1.3333333333333333        5.7508175516712029E-002
   8.0000000000000000        1.6666666666666665        6.6234430553080065E-002
   8.0000000000000000        2.0000000000000000        7.9462658435577385E-002
   8.0000000000000000        2.3333333333333330        9.4542534130181322E-002
   8.0000000000000000        2.6666666666666665       0.10792175040249857     
   8.0000000000000000        3.0000000000000000       0.11887616906757538     
   8.0000000000000000        3.3333333333333330       0.14317941963844272     
   8.0000000000000000        3.6666666666666665        6.0443204957513312E-002
   8.0000000000000000        4.0000000000000000        6.2209543360268287E-002
   8.0000000000000000        4.3333333333333330        8.8225888196000135E-002
   8.0000000000000000        4.6666666666666661       0.10099668841214927     
   8.0000000000000000        5.0000000000000000        9.6840144946076553E-002
   8.0000000000000000        5.3333333333333330        9.1404043376679567E-002
   8.0000000000000000        5.6666666666666661       0.10562187266241090     
   8.0000000000000000        6.0000000000000000       0.10551467592237615     
   8.0000000000000000        6.3333333333333330        0.0000000000000000     
   8.0000000000000000        6.6666666666666661       0.10346483481589422     
   8.0000000000000000        7.0000000000000000       0.10540141722183227     
   8.0000000000000000        7.3333333333333330        3.2704171876559024E-002
   8.0000000000000000        7.6666666666666661        4.1430585336892423E-002
   8.0000000000000000        8.0000000000000000        3.2840551939993960E-002
   8.0000000000000000        8.3333333333333321        2.8125733716433728E-002
   8.0000000000000000        8.6666666666666661        1.9065612081305684E-002
   8.0000000000000000        9.0000000000000000        1.1541275732633373E-002
   8.0000000000000000        9.3333333333333321        8.0032412835229962E-003
   8.0000000000000000        9.6666666666666661        4.0948653151704432E-003
   8.0000000000000000        10.000000000000000        0.0000000000000000     
 
   8.3333333333333321        0.0000000000000000        0.0000000000000000     
   8.3333333333333321       0.33333333333333331        3.8828297921983702E-003
   8.3333333333333321       0.66666666666666663        7.1206767178479905E-003
   8.3333333333333321        1.0000000000000000        3.4188682832606523E-002
   8.3333333333333321        1.3333333333333333        4.5561354561015725E-002
   8.3333333333333321        1.6666666666666665        5.6688444366165540E-002
   8.3333333333333321        2.0000000000000000        6.8630462160241129E-002
   8.3333333333333321        2.3333333333333330        8.6222208215692653E-002
   8.3333333333333321        2.6666666666666665        9.7566045616857583E-002
   8.3333333333333321        3.0000000000000000       0.10946779347393804     
   8.3333333333333321        3.3333333333333330       0.12544447258411409     
   8.3333333333333321        3.6666666666666665        3.9944948156091481E-002
   8.3333333333333321        4.0000000000000000        4.1402870332268062E-002
   8.3333333333333321        4.3333333333333330        1.7536626370351058E-002
   8.3333333333333321        4.6666666666666661        1.5579442904519875E-002
   8.3333333333333321        5.0000000000000000        7.6970182784175417E-002
   8.3333333333333321        5.3333333333333330        7.8310444175136759E-002
   8.3333333333333321        5.6666666666666661        8.4433299106948120E-002
   8.3333333333333321        6.0000000000000000        8.4784454778935578E-002
   8.3333333333333321        6.3333333333333330        4.1708923946508318E-002
   8.3333333333333321        6.6666666666666661        0.0000000000000000     
   8.3333333333333321        7.0000000000000000        2.1481875630119159E-002
   8.3333333333333321        7.3333333333333330        2.4981486060950547E-002
   8.3333333333333321        7.6666666666666661        2.8091535833874616E-002
   8.3333333333333321        8.0000000000000000        2.7597133442606971E-002
   8.3333333333333321        8.3333333333333321        2.2804061744113414E-002
   8.3333333333333321        8.6666666666666661        9.3681392254102054E-003
   8.3333333333333321        9.0000000000000000        9.0821285805826827E-003
   8.3333333333333321        9.3333333333333321        6.7758172091474866E-003
   8.3333333333333321        9.6666666666666661        3.5666157905282891E-003
   8.3333333333333321        10.000000000000000        0.0000000000000000     
 
   8.6666666666666661        0.0000000000000000        0.0000000000000000     
   8.6666666666666661       0.33333333333333331        4.7830253642975025E-003
   8.6666666666666661       0.66666666666666663        1.1259059799522395E-002
   8.6666666666666661        1.0000000000000000        2.4201809318459187E-002
   8.6666666666666661        1.3333333333333333        3.5554220455454436E-002
   8.6666666666666661        1.6666666666666665        4.8213446951577428E-002
   8.6666666666666661        2.0000000000000000        5.4133359448036121E-002
   8.6666666666666661        2.3333333333333330        7.2866960805491238E-002
   8.6666666666666661        2.6666666666666665        8.8747530533851413E-002
   8.6666666666666661        3.0000000000000000        9.8009569097996949E-002
   8.6666666666666661        3.3333333333333330        0.0000000000000000     
   8.6666666666666661        3.6666666666666665        1.7462239889888681E-002
   8.6666666666666661        4.0000000000000000        2.3459994622971141E-002
   8.6666666666666661        4.3333333333333330        1.8527190278018274E-002
   8.6666666666666661        4.6666666666666661        1.6561187179158721E-002
   8.6666666666666661        5.0000000000000000        6.0390816100553829E-002
   8.6666666666666661        5.3333333333333330        6.1651102970154747E-002
   8.6666666666666661        5.6666666666666661        7.0144105132762632E-002
   8.6666666666666661        6.0000000000000000        6.5510861490302538E-002
   8.6666666666666661        6.3333333333333330        4.2700274910915631E-002
   8.6666666666666661        6.6666666666666661        1.7173157115863712E-002
   8.6666666666666661        7.0000000000000000        1.8811174530602378E-002
   8.6666666666666661        7.3333333333333330        1.8525724508320511E-002
   8.6666666666666661        7.6666666666666661        1.9274573057987056E-002
   8.6666666666666661        8.0000000000000000        1.1469192503061533E-002
   8.6666666666666661        8.3333333333333321        1.3531229591321338E-002
   8.6666666666666661        8.6666666666666661        1.0128562502516298E-002
   8.6666666666666661        9.0000000000000000        3.6867412430246623E-003
   8.6666666666666661        9.3333333333333321        2.2879311401930165E-003
   8.6666666666666661        9.6666666666666661        0.0000000000000000     
   8.6666666666666661        10.000000000000000        0.0000000000000000     
 
   9.0000000000000000        0.0000000000000000        0.0000000000000000     
   9.0000000000000000       0.33333333333333331        4.2136592090188810E-003
   9.0000000000000000       0.66666666666666663        9.4366713470053730E-003
   9.0000000000000000        1.0000000000000000        1.6825868993863655E-002
   9.0000000000000000        1.3333333333333333        2.5641862281352623E-002
   9.0000000000000000        1.6666666666666665        3.0601054578565202E-002
   9.0000000000000000        2.0000000000000000        4.7393026851732772E-002
   9.0000000000000000        2.3333333333333330        5.9140781638323744E-002
   9.0000000000000000        2.6666666666666665        1.4029820773643255E-003
   9.0000000000000000        3.0000000000000000        2.3266295469897150E-003
   9.0000000000000000        3.3333333333333330        8.3416918248644840E-003
   9.0000000000000000        3.6666666666666665        1.2300867475937028E-002
   9.0000000000000000        4.0000000000000000        1.7476742028167302E-002
   9.0000000000000000        4.3333333333333330        1.7536626000403083E-002
   9.0000000000000000        4.6666666666666661        1.3663896870378808E-003
   9.0000000000000000        5.0000000000000000        3.7960096672848130E-002
   9.0000000000000000        5.3333333333333330        3.8915879269176494E-002
   9.0000000000000000        5.6666666666666661        1.4052053708934120E-002
   9.0000000000000000        6.0000000000000000        1.6644528442802984E-002
   9.0000000000000000        6.3333333333333330        2.1801102412908342E-002
   9.0000000000000000        6.6666666666666661        1.6199033064956889E-002
   9.0000000000000000        7.0000000000000000        9.5362356059000390E-003
   9.0000000000000000        7.3333333333333330        1.1755637358638420E-002
   9.0000000000000000        7.6666666666666661        1.1932648453193976E-002
   9.0000000000000000        8.0000000000000000        9.9490976904325415E-003
   9.0000000000000000        8.3333333333333321        1.0322679673336478E-002
   9.0000000000000000        8.6666666666666661        7.9851025633014220E-003
   9.0000000000000000        9.0000000000000000        3.9143078832308527E-003
   9.0000000000000000        9.3333333333333321        2.4422807584367628E-003
   9.0000000000000000        9.6666666666666661        2.0533639338032536E-004
   9.0000000000000000        10.000000000000000        0.0000000000000000     
 
   9.3333333333333321        0.0000000000000000        0.0000000000000000     
   9.3333333333333321       0.33333333333333331        2.8374225660300146E-003
   9.3333333333333321       0.66666666666666663        5.8875674105059710E-003
   9.3333333333333321        1.0000000000000000        8.7724980858034252E-003
   9.3333333333333321        1.3333333333333333        9.6362338730415185E-003
   9.3333333333333321        1.6666666666666665        1.4998239828902075E-002
   9.3333333333333321        2.0000000000000000        1.9749164841769383E-003
   9.3333333333333321        2.3333333333333330        1.2395042528717327E-003
   9.3333333333333321        2.6666666666666665        1.4997426498499480E-003
   9.3333333333333321        3.0000000000000000        2.4785956054079873E-003
   9.3333333333333321        3.3333333333333330        4.8366949236253315E-003
   9.3333333333333321        3.6666666666666665        6.5533140876165106E-003
   9.3333333333333321        4.0000000000000000        0.0000000000000000     
   9.3333333333333321        4.3333333333333330        1.1070448047554048E-003
   9.3333333333333321        4.6666666666666661        1.4231657203462335E-003
   9.3333333333333321        5.0000000000000000        1.1450190047190771E-002
   9.3333333333333321        5.3333333333333330        1.8023408100456832E-002
   9.3333333333333321        5.6666666666666661        1.4537588695448855E-002
   9.3333333333333321        6.0000000000000000        1.1997176314487015E-002
   9.3333333333333321        6.3333333333333330        1.2263280066049407E-002
   9.3333333333333321        6.6666666666666661        1.0176439238494149E-002
   9.3333333333333321        7.0000000000000000        7.7372064811136263E-003
   9.3333333333333321        7.3333333333333330        7.5288031496854617E-003
   9.3333333333333321        7.6666666666666661        7.2628771792741190E-003
   9.3333333333333321        8.0000000000000000        6.5415769783301742E-003
   9.3333333333333321        8.3333333333333321        1.0619351088903307E-003
   9.3333333333333321        8.6666666666666661        1.2290492011055342E-003
   9.3333333333333321        9.0000000000000000        1.7690112666885857E-003
   9.3333333333333321        9.3333333333333321        1.2789549404954058E-003
   9.3333333333333321        9.6666666666666661        4.2470354174063853E-004
   9.3333333333333321        10.000000000000000        0.0000000000000000     
 
   9.6666666666666661        0.0000000000000000        0.0000000000000000     
   9.6666666666666661       0.33333333333333331        1.3890562096584337E-003
   9.6666666666666661       0.66666666666666663        2.7890840675168483E-003
   9.6666666666666661        1.0000000000000000        4.0182280114921046E-003
   9.6666666666666661        1.3333333333333333        4.7055694144536066E-003
   9.6666666666666661        1.6666666666666665        5.3859483318042045E-003
   9.6666666666666661        2.0000000000000000        2.0793355291748804E-003
   9.6666666666666661        2.3333333333333330        1.0583336431377413E-003
   9.6666666666666661        2.6666666666666665        9.7518014058047876E-004
   9.6666666666666661        3.0000000000000000        1.4037048159029853E-003
   9.6666666666666661        3.3333333333333330        2.2471704424872601E-003
   9.6666666666666661        3.6666666666666665        2.8791902535900277E-003
   9.6666666666666661        4.0000000000000000        4.0935752773413184E-004
   9.6666666666666661        4.3333333333333330        8.3416023482467416E-004
   9.6666666666666661        4.6666666666666661        1.8503706213681356E-003
   9.6666666666666661        5.0000000000000000        5.2044597643115479E-003
   9.6666666666666661        5.3333333333333330        7.6706249278521961E-003
   9.6666666666666661        5.6666666666666661        2.4223780932674938E-003
   9.6666666666666661        6.0000000000000000        4.9305447160057202E-003
   9.6666666666666661        6.3333333333333330        5.4699973629105721E-003
   9.6666666666666661        6.6666666666666661        4.8741074153581688E-003
   9.6666666666666661        7.0000000000000000        4.0336140466193616E-003
   9.6666666666666661        7.3333333333333330        3.6940102097276417E-003
   9.6666666666666661        7.6666666666666661        3.3812309057262313E-003
   9.6666666666666661        8.0000000000000000        2.7279596116221248E-003
   9.6666666666666661        8.3333333333333321        1.1239475491633313E-003
   9.6666666666666661        8.6666666666666661        7.6712794888299230E-004
   9.6666666666666661        9.0000000000000000        7.6246241590619706E-004
   9.6666666666666661        9.3333333333333321        5.6184967248519731E-004
   9.6666666666666661        9.6666666666666661        2.4259420219431842E-004
   9.6666666666666661        10.000000000000000        0.0000000000000000     
 
   10.000000000000000        0.0000000000000000        0.0000000000000000     
   10.000000000000000       0.33333333333333331        0.0000000000000000     
   10.000000000000000       0.66666666666666663        0.0000000000000000     
   10.000000000000000        1.0000000000000000        0.0000000000000000     
   10.000000000000000        1.3333333333333333        0.0000000000000000     
   10.000000000000000        1.6666666666666665        0.0000000000000000     
   10.000000000000000        2.0000000000000000        0.0000000000000000     
   10.000000000000000        2.3333333333333330        0.0000000000000000     
   10.000000000000000        2.6666666666666665        0.0000000000000000     
   10.000000000000000        3.0000000000000000        0.0000000000000000     
   10.000000000000000        3.3333333333333330        0.0000000000000000     
   10.000000000000000        3.6666666666666665        0.0000000000000000     
   10.000000000000000        4.0000000000000000        0.0000000000000000     
   10.000000000000000        4.3333333333333330        0.0000000000000000     
   10.000000000000000        4.6666666666666661        0.0000000000000000     
   10.000000000000000        5.0000000000000000        0.0000000000000000     
   10.000000000000000        5.3333333333333330        0.0000000000000000     
   10.000000000000000        5.6666666666666661        0.0000000000000000     
   10.000000000000000        6.0000000000000000        0.0000000000000000     
   10.000000000000000        6.3333333333333330        0.0000000000000000     
   10.000000000000000        6.6666666666666661        0.0000000000000000     
   10.000000000000000        7.0000000000000000        0.0000000000000000     
   10.000000000000000        7.3333333333333330        0.0000000000000000     
   10.000000000000000        7.6666666666666661        0.0000000000000000     
   10.000000000000000        8.0000000000000000        0.0000000000000000     
   10.000000000000000        8.3333333333333321        0.0000000000000000     
   10.000000000000000        8.6666666666666661        0.0000000000000000     
   10.000000000000000        9.0000000000000000        0.0000000000000000     
   10.000000000000000        9.3333333333333321        0.0000000000000000     
   10.000000000000000        9.6666666666666661        0.0000000000000000     
   10.000000000000000        10.000000000000000        0.0000000000000000     
 
