   0.0000000000000000     
  0.33333333333333331     
  0.66666666666666663     
   1.0000000000000000     
   1.3333333333333333     
   1.6666666666666665     
   2.0000000000000000     
   2.3333333333333330     
   2.6666666666666665     
   3.0000000000000000     
   3.3333333333333330     
   3.6666666666666665     
   4.0000000000000000     
   4.3333333333333330     
   4.6666666666666661     
   5.0000000000000000     
   5.3333333333333330     
   5.6666666666666661     
   6.0000000000000000     
   6.3333333333333330     
   6.6666666666666661     
   7.0000000000000000     
   7.3333333333333330     
   7.6666666666666661     
   8.0000000000000000     
   8.3333333333333321     
   8.6666666666666661     
   9.0000000000000000     
   9.3333333333333321     
   9.6666666666666661     
   10.000000000000000     
